st,end
1679313282964,1679313283529
1679313282960,1679313283529
1679313282965,1679313283531
1679313282939,1679313283543
1679313282939,1679313283631
1679313283613,1679313283637
1679313282941,1679313283638
1679313282969,1679313283643
1679313283618,1679313283645
1679313282963,1679313283653
1679313282968,1679313283668
1679313283621,1679313283670
1679313282962,1679313283676
1679313282966,1679313283693
1679313282940,1679313283710
1679313282959,1679313283745
1679313282940,1679313283807
1679313282967,1679313283810
1679313282938,1679313283857
1679313282965,1679313283864
1679313282969,1679313283870
1679313282961,1679313283926
1679313283613,1679313283936
1679313282970,1679313283947
1679313288380,1679313288429
1679313288264,1679313288433
1679313288446,1679313288460
1679313288431,1679313288498
1679313288487,1679313288546
1679313288551,1679313288590
1679313288609,1679313288673
1679313288630,1679313288686
1679313288665,1679313288716
1679313288777,1679313288791
1679313288772,1679313288831
1679313288751,1679313288839
1679313288821,1679313288847
1679313288840,1679313288858
1679313288791,1679313288878
1679313288767,1679313288954
1679313288940,1679313288994
1679313288987,1679313289024
1679313289698,1679313289717
1679313289706,1679313289730
1679313289771,1679313289789
1679313289740,1679313289803
1679313289708,1679313289817
1679313289738,1679313289842
1679313289763,1679313289918
1679313289801,1679313289976
1679313289800,1679313289976
1679313289837,1679313290011
1679313290006,1679313290037
1679313289960,1679313290047
1679313290102,1679313290128
1679313290068,1679313290144
1679313290068,1679313290144
1679313290150,1679313290179
1679313290319,1679313290395
1679313290567,1679313290581
1679313290572,1679313290626
1679313290799,1679313290820
1679313290770,1679313290835
1679313291048,1679313291086
1679313291072,1679313291118
1679313291104,1679313291122
1679313291174,1679313291221
1679313291224,1679313291294
1679313291248,1679313291303
1679313291144,1679313291364
1679313291475,1679313291520
1679313291592,1679313291638
1679313291595,1679313291720
1679313291718,1679313291744
1679313291645,1679313291753
1679313291844,1679313291908
1679313291897,1679313291938
1679313291923,1679313291985
1679313291903,1679313291994
1679313291923,1679313292027
1679313292130,1679313292172
1679313292129,1679313292179
1679313292241,1679313292259
1679313292446,1679313292456
1679313292441,1679313292462
1679313292477,1679313292592
1679313292586,1679313292657
1679313292712,1679313292739
1679313292775,1679313292851
1679313292844,1679313292901
1679313292864,1679313292968
1679313293050,1679313293068
1679313293070,1679313293114
1679313293118,1679313293138
1679313293116,1679313293164
1679313293150,1679313293173
1679313293200,1679313293235
1679313293222,1679313293252
1679313293238,1679313293298
1679313293204,1679313293300
1679313293756,1679313293839
1679313293672,1679313293851
1679313293602,1679313293930
1679313293762,1679313293931
1679313293767,1679313293952
1679313294082,1679313294099
1679313293985,1679313294109
1679313293773,1679313294117
1679313293932,1679313294155
1679313293785,1679313294204
1679313294113,1679313294254
1679313293840,1679313294283
1679313293699,1679313294291
1679313294142,1679313294292
1679313294155,1679313294410
1679313294351,1679313294410
1679313294438,1679313294454
1679313294490,1679313294519
1679313294632,1679313294650
1679313294548,1679313294678
1679313294806,1679313294844
1679313295043,1679313295106
1679313294852,1679313295127
1679313295053,1679313295159
1679313295130,1679313295211
1679313295195,1679313295218
1679313295319,1679313295445
1679313295462,1679313295485
1679313295483,1679313295514
1679313295687,1679313295707
1679313295591,1679313295837
1679313295630,1679313295851
1679313295651,1679313295865
1679313295831,1679313295900
1679313295962,1679313295976
1679313295970,1679313295993
1679313296195,1679313296213
1679313296224,1679313296237
1679313296179,1679313296245
1679313296389,1679313296408
1679313296412,1679313296436
1679313296787,1679313296848
1679313296894,1679313296936
1679313296932,1679313296958
1679313296944,1679313297038
1679313297159,1679313297229
1679313297100,1679313297233
1679313297132,1679313297280
1679313297333,1679313297353
1679313297445,1679313297561
1679313297504,1679313297588
1679313297576,1679313297611
1679313297610,1679313297632
1679313297600,1679313297634
1679313297678,1679313297738
1679313297831,1679313297853
1679313297683,1679313297883
1679313298208,1679313298242
1679313298168,1679313298298
1679313298348,1679313298363
1679313298235,1679313298374
1679313298405,1679313298460
1679313298576,1679313298642
1679313298576,1679313298648
1679313298556,1679313298653
1679313298731,1679313298778
1679313298731,1679313298860
1679313298847,1679313298862
1679313298861,1679313298917
1679313298835,1679313298919
1679313298854,1679313298929
1679313298864,1679313299094
1679313299260,1679313299298
1679313299300,1679313299325
1679313299445,1679313299483
1679313299564,1679313299596
1679313299701,1679313299778
1679313299680,1679313299807
1679313299780,1679313299835
1679313299798,1679313299849
1679313299880,1679313299894
1679313299961,1679313299974
1679313299958,1679313299996
1679313299887,1679313300006
1679313300143,1679313300201
1679313300190,1679313300235
1679313300176,1679313300244
1679313300327,1679313300375
1679313300359,1679313300392
1679313300384,1679313300462
1679313300770,1679313300865
1679313300920,1679313300983
1679313300922,1679313301010
1679313300910,1679313301028
1679313300909,1679313301127
1679313301077,1679313301158
1679313301177,1679313301253
1679313301117,1679313301263
1679313301320,1679313301337
1679313301317,1679313301342
1679313301294,1679313301366
1679313301267,1679313301406
1679313301420,1679313301433
1679313301405,1679313301458
1679313301518,1679313301575
1679313301515,1679313301588
1679313301805,1679313301822
1679313301876,1679313301913
1679313301916,1679313302003
1679313301975,1679313302107
1679313302270,1679313302293
1679313302501,1679313302521
1679313302549,1679313302602
1679313302436,1679313302617
1679313302507,1679313302696
1679313302652,1679313302774
1679313302680,1679313302775
1679313302805,1679313302835
1679313302828,1679313302863
1679313302847,1679313302883
1679313302836,1679313302913
1679313302950,1679313302971
1679313302960,1679313302973
1679313302918,1679313303011
1679313302976,1679313303013
1679313303070,1679313303103
1679313303214,1679313303253
1679313303253,1679313303273
1679313303218,1679313303279
1679313303291,1679313303356
1679313303585,1679313303602
1679313303616,1679313303636
1679313303767,1679313303890
1679313303915,1679313303929
1679313303940,1679313303999
1679313303993,1679313304009
1679313303955,1679313304027
1679313304033,1679313304062
1679313304399,1679313304413
1679313304482,1679313304530
1679313304627,1679313304664
1679313304649,1679313304674
1679313304816,1679313304888
1679313304889,1679313304905
1679313305001,1679313305017
1679313305039,1679313305062
1679313305056,1679313305069
1679313305064,1679313305086
1679313305068,1679313305106
1679313304968,1679313305140
1679313305048,1679313305158
1679313305069,1679313305174
1679313305143,1679313305180
1679313305199,1679313305226
1679313305002,1679313305249
1679313305461,1679313305479
1679313305637,1679313305684
1679313305558,1679313305693
1679313305662,1679313305711
1679313305781,1679313305811
1679313305927,1679313305959
1679313305960,1679313305991
1679313306002,1679313306034
1679313306098,1679313306136
1679313306202,1679313306343
1679313306411,1679313306489
1679313306526,1679313306540
1679313306670,1679313306697
1679313306694,1679313306822
1679313306813,1679313306833
1679313306766,1679313306836
1679313306836,1679313306853
1679313306913,1679313306931
1679313306945,1679313306967
1679313307044,1679313307069
1679313307157,1679313307216
1679313307223,1679313307287
1679313307291,1679313307362
1679313307305,1679313307386
1679313307358,1679313307390
1679313307234,1679313307403
1679313307397,1679313307417
1679313307632,1679313307645
1679313307692,1679313307715
1679313307753,1679313307771
1679313308068,1679313308083
1679313308084,1679313308098
1679313308183,1679313308198
1679313308178,1679313308305
1679313308282,1679313308330
1679313308451,1679313308496
1679313308474,1679313308496
1679313308481,1679313308553
1679313308398,1679313308664
1679313308618,1679313308689
1679313308705,1679313308714
1679313308599,1679313308770
1679313308703,1679313308782
1679313308719,1679313308797
1679313308695,1679313308798
1679313308956,1679313308973
1679313308916,1679313308983
1679313309121,1679313309131
1679313309126,1679313309146
1679313309129,1679313309168
1679313309204,1679313309224
1679313309121,1679313309230
1679313309137,1679313309244
1679313309258,1679313309292
1679313309296,1679313309309
1679313309136,1679313309310
1679313309488,1679313309500
1679313309488,1679313309564
1679313309639,1679313309654
1679313309581,1679313309742
1679313309735,1679313309753
1679313309768,1679313309859
1679313309862,1679313309880
1679313310000,1679313310020
1679313310025,1679313310053
1679313310092,1679313310102
1679313310145,1679313310191
1679313310218,1679313310227
1679313310221,1679313310251
1679313310353,1679313310391
1679313310642,1679313310676
1679313310646,1679313310723
1679313310724,1679313310733
1679313310720,1679313310753
1679313310761,1679313310818
1679313310780,1679313310835
1679313310930,1679313311014
1679313311031,1679313311042
1679313311243,1679313311281
1679313311370,1679313311418
1679313311206,1679313311478
1679313311418,1679313311489
1679313311385,1679313311517
1679313311260,1679313311517
1679313311346,1679313311545
1679313311285,1679313311641
1679313311396,1679313311644
1679313311707,1679313311754
1679313311779,1679313311791
1679313311863,1679313311897
1679313311904,1679313311917
1679313311880,1679313311918
1679313312188,1679313312219
1679313312013,1679313312227
1679313312346,1679313312359
1679313312347,1679313312378
1679313312400,1679313312409
1679313312407,1679313312430
1679313312483,1679313312672
1679313312633,1679313312684
1679313312740,1679313312800
1679313312781,1679313312802
1679313312780,1679313312830
1679313312834,1679313312841
1679313312983,1679313312992
1679313313017,1679313313040
1679313313027,1679313313064
1679313313231,1679313313276
1679313313203,1679313313307
1679313313315,1679313313334
1679313313252,1679313313340
1679313313313,1679313313418
1679313313343,1679313313447
1679313313379,1679313313478
1679313313515,1679313313594
1679313313618,1679313313650
1679313313736,1679313313749
1679313314047,1679313314056
1679313314072,1679313314106
1679313314131,1679313314142
1679313314201,1679313314249
1679313314318,1679313314336
1679313314325,1679313314355
1679313314331,1679313314371
1679313314365,1679313314398
1679313314632,1679313314646
1679313314661,1679313314674
1679313314800,1679313314834
1679313314860,1679313314883
1679313314870,1679313314899
1679313314910,1679313314952
1679313314952,1679313314966
1679313314986,1679313314996
1679313315039,1679313315081
1679313315051,1679313315123
1679313315226,1679313315248
1679313315515,1679313315547
1679313315518,1679313315548
1679313315614,1679313315707
1679313315714,1679313315723
1679313315667,1679313315732
1679313315856,1679313315872
1679313315797,1679313315921
1679313316009,1679313316019
1679313316102,1679313316185
1679313316203,1679313316215
1679313316096,1679313316270
1679313316208,1679313316272
1679313316456,1679313316469
1679313316516,1679313316521
1679313316552,1679313316592
1679313316697,1679313316745
1679313316742,1679313316758
1679313316841,1679313316851
1679313316888,1679313316921
1679313316861,1679313316942
1679313317106,1679313317118
1679313317024,1679313317155
1679313317150,1679313317161
1679313317186,1679313317208
1679313317319,1679313317375
1679313317453,1679313317540
1679313317517,1679313317568
1679313317629,1679313317673
1679313317663,1679313317749
1679313317954,1679313317991
1679313317936,1679313318027
1679313317936,1679313318028
1679313318029,1679313318054
1679313318000,1679313318084
1679313318075,1679313318183
1679313318352,1679313318361
1679313318372,1679313318556
1679313318547,1679313318592
1679313318487,1679313318601
1679313318663,1679313318700
1679313318730,1679313318741
1679313318812,1679313318851
1679313318785,1679313318919
1679313318933,1679313318943
1679313319025,1679313319034
1679313319160,1679313319211
1679313319168,1679313319286
1679313319482,1679313319570
1679313319706,1679313319787
1679313319771,1679313319796
1679313319798,1679313319810
1679313319792,1679313319868
1679313319824,1679313319871
1679313319992,1679313320036
1679313320108,1679313320120
1679313320008,1679313320124
1679313320169,1679313320209
1679313320320,1679313320367
1679313320364,1679313320393
1679313320420,1679313320473
1679313320477,1679313320550
1679313320530,1679313320563
1679313320377,1679313320570
1679313320642,1679313320687
1679313320812,1679313320846
1679313321056,1679313321080
1679313321190,1679313321199
1679313321190,1679313321204
1679313321222,1679313321237
1679313321265,1679313321287
1679313321265,1679313321320
1679313321282,1679313321403
1679313321323,1679313321434
1679313321677,1679313321697
1679313321489,1679313321736
1679313321626,1679313321779
1679313321785,1679313321798
1679313321950,1679313321974
1679313322048,1679313322059
1679313322141,1679313322233
1679313322237,1679313322252
1679313322351,1679313322370
1679313322426,1679313322450
1679313322472,1679313322494
1679313322448,1679313322503
1679313322448,1679313322511
1679313322514,1679313322580
1679313322516,1679313322625
1679313322676,1679313322699
1679313322720,1679313322727
1679313322748,1679313322761
1679313322770,1679313322780
1679313323101,1679313323175
1679313323066,1679313323209
1679313323197,1679313323212
1679313323111,1679313323233
1679313323213,1679313323282
1679313323286,1679313323294
1679313323499,1679313323512
1679313323409,1679313323520
1679313323670,1679313323744
1679313323729,1679313323778
1679313323759,1679313323817
1679313323693,1679313323849
1679313323648,1679313323854
1679313324025,1679313324035
1679313324174,1679313324252
1679313324275,1679313324447
1679313324415,1679313324472
1679313324478,1679313324504
1679313324595,1679313324612
1679313324613,1679313324628
1679313324696,1679313324795
1679313324821,1679313324828
1679313324783,1679313324924
1679313324904,1679313324946
1679313324960,1679313324967
1679313325032,1679313325052
1679313325042,1679313325075
1679313324944,1679313325114
1679313325333,1679313325380
1679313325296,1679313325380
1679313325407,1679313325419
1679313325402,1679313325431
1679313325449,1679313325477
1679313325513,1679313325570
1679313325627,1679313325640
1679313325701,1679313325713
1679313326015,1679313326045
1679313326137,1679313326151
1679313326184,1679313326225
1679313326315,1679313326355
1679313326344,1679313326361
1679313326350,1679313326413
1679313326348,1679313326442
1679313326411,1679313326474
1679313326304,1679313326547
1679313326441,1679313326564
1679313326353,1679313326584
1679313326335,1679313326601
1679313326304,1679313326664
1679313326524,1679313326670
1679313326725,1679313326762
1679313326484,1679313326823
1679313326807,1679313326840
1679313326872,1679313326891
1679313326860,1679313326933
1679313327088,1679313327194
1679313327311,1679313327335
1679313327308,1679313327335
1679313327510,1679313327549
1679313327547,1679313327599
1679313327475,1679313327633
1679313327552,1679313327675
1679313327673,1679313327683
1679313327770,1679313327811
1679313327932,1679313327964
1679313328068,1679313328124
1679313328131,1679313328387
1679313328244,1679313328402
1679313328269,1679313328412
1679313328403,1679313328432
1679313328399,1679313328456
1679313328395,1679313328466
1679313328413,1679313328510
1679313328490,1679313328521
1679313328396,1679313328531
1679313328391,1679313328551
1679313328485,1679313328559
1679313328401,1679313328567
1679313328423,1679313328571
1679313328640,1679313328652
1679313328622,1679313328668
1679313328652,1679313328738
1679313328579,1679313328742
1679313328810,1679313328829
1679313328832,1679313328871
1679313328880,1679313328910
1679313329015,1679313329024
1679313329180,1679313329204
1679313329157,1679313329368
1679313329394,1679313329423
1679313329434,1679313329480
1679313329467,1679313329494
1679313329459,1679313329500
1679313329444,1679313329501
1679313329471,1679313329517
1679313329454,1679313329574
1679313329442,1679313329574
1679313329456,1679313329600
1679313329456,1679313329603
1679313329680,1679313329727
1679313329699,1679313329741
1679313329449,1679313329759
1679313329799,1679313329820
1679313329835,1679313329916
1679313329821,1679313329937
1679313329815,1679313329946
1679313329920,1679313329963
1679313329955,1679313330002
1679313330057,1679313330086
1679313330311,1679313330319
1679313330348,1679313330380
1679313330329,1679313330381
1679313330452,1679313330470
1679313330504,1679313330513
1679313330480,1679313330559
1679313330547,1679313330593
1679313330430,1679313330632
1679313330649,1679313330718
1679313330735,1679313330844
1679313330876,1679313330952
1679313330988,1679313331001
1679313330999,1679313331032
1679313331014,1679313331040
1679313331238,1679313331248
1679313331033,1679313331255
1679313331288,1679313331308
1679313331285,1679313331308
1679313331298,1679313331356
1679313331487,1679313331492
1679313331482,1679313331505
1679313331495,1679313331530
1679313331591,1679313331643
1679313331644,1679313331654
1679313331587,1679313331667
1679313331657,1679313331682
1679313331724,1679313331806
1679313331761,1679313331838
1679313331796,1679313331838
1679313331735,1679313331847
1679313331932,1679313331950
1679313331995,1679313332086
1679313332073,1679313332168
1679313332035,1679313332210
1679313331995,1679313332221
1679313332078,1679313332277
1679313332283,1679313332313
1679313332339,1679313332411
1679313332273,1679313332428
1679313332411,1679313332437
1679313332399,1679313332480
1679313332513,1679313332557
1679313332552,1679313332601
1679313332577,1679313332673
1679313332676,1679313332685
1679313332667,1679313332698
1679313332842,1679313332934
1679313332875,1679313332951
1679313333003,1679313333044
1679313333004,1679313333072
1679313333052,1679313333079
1679313333006,1679313333093
1679313332947,1679313333118
1679313333130,1679313333163
1679313333132,1679313333214
1679313333187,1679313333231
1679313333141,1679313333246
1679313333257,1679313333268
1679313333322,1679313333393
1679313333196,1679313333401
1679313333332,1679313333403
1679313333468,1679313333499
1679313333564,1679313333662
1679313333535,1679313333695
1679313333573,1679313333703
1679313333522,1679313333719
1679313333434,1679313333825
1679313333885,1679313333901
1679313333975,1679313334016
1679313334005,1679313334088
1679313334036,1679313334090
1679313334115,1679313334123
1679313334085,1679313334158
1679313334179,1679313334197
1679313334234,1679313334242
1679313334253,1679313334305
1679313334234,1679313334315
1679313334337,1679313334348
1679313334478,1679313334488
1679313334486,1679313334505
1679313334606,1679313334649
1679313334609,1679313334661
1679313334600,1679313334707
1679313334702,1679313334787
1679313334677,1679313334816
1679313334791,1679313334847
1679313334879,1679313334912
1679313334945,1679313334952
1679313334920,1679313334955
1679313334944,1679313334977
1679313334997,1679313335022
1679313334864,1679313335028
1679313335020,1679313335031
1679313335052,1679313335096
1679313335104,1679313335111
1679313335143,1679313335150
1679313335163,1679313335191
1679313335149,1679313335251
1679313335186,1679313335252
1679313335265,1679313335296
1679313335366,1679313335381
1679313335371,1679313335382
1679313335424,1679313335432
1679313335416,1679313335506
1679313335416,1679313335508
1679313335550,1679313335606
1679313335385,1679313335611
1679313335556,1679313335637
1679313335616,1679313335648
1679313335572,1679313335670
1679313335734,1679313335752
1679313335764,1679313335838
1679313335857,1679313335864
1679313335916,1679313335948
1679313336098,1679313336138
1679313336136,1679313336207
1679313336245,1679313336310
1679313336307,1679313336344
1679313336450,1679313336480
1679313336429,1679313336480
1679313336476,1679313336485
1679313336586,1679313336594
1679313336610,1679313336623
1679313336633,1679313336652
1679313336593,1679313336672
1679313336600,1679313336712
1679313336713,1679313336759
1679313336623,1679313336762
1679313336606,1679313336810
1679313337017,1679313337080
1679313337196,1679313337204
1679313337168,1679313337210
1679313337133,1679313337212
1679313337230,1679313337244
1679313337189,1679313337291
1679313337289,1679313337322
1679313337364,1679313337398
1679313337362,1679313337434
1679313337496,1679313337527
1679313337573,1679313337583
1679313337618,1679313337642
1679313337566,1679313337653
1679313337655,1679313337660
1679313337613,1679313337661
1679313337669,1679313337696
1679313337790,1679313337830
1679313337720,1679313337941
1679313337923,1679313337968
1679313337983,1679313337993
1679313337976,1679313338016
1679313338073,1679313338120
1679313338191,1679313338198
1679313338147,1679313338199
1679313338213,1679313338221
1679313338227,1679313338276
1679313338308,1679313338392
1679313338447,1679313338486
1679313338496,1679313338511
1679313338474,1679313338519
1679313338514,1679313338586
1679313338576,1679313338607
1679313338674,1679313338700
1679313338661,1679313338712
1679313338702,1679313338744
1679313338815,1679313338862
1679313338966,1679313338986
1679313338933,1679313339114
1679313339014,1679313339138
1679313338998,1679313339159
1679313338996,1679313339173
1679313339050,1679313339183
1679313339170,1679313339201
1679313339358,1679313339378
1679313339266,1679313339392
1679313339452,1679313339461
1679313339563,1679313339575
1679313339532,1679313339620
1679313339632,1679313339648
1679313339599,1679313339648
1679313339642,1679313339667
1679313339624,1679313339680
1679313339677,1679313339715
1679313339743,1679313339759
1679313339908,1679313339932
1679313339994,1679313340032
1679313339963,1679313340051
1679313340070,1679313340113
1679313340071,1679313340129
1679313340078,1679313340135
1679313340043,1679313340163
1679313340119,1679313340244
1679313340188,1679313340246
1679313340302,1679313340329
1679313340310,1679313340358
1679313340475,1679313340492
1679313340524,1679313340553
1679313340564,1679313340580
1679313340677,1679313340688
1679313340637,1679313340699
1679313340668,1679313340702
1679313340684,1679313340716
1679313340658,1679313340733
1679313340667,1679313340750
1679313340817,1679313340852
1679313340843,1679313340864
1679313340840,1679313340904
1679313340837,1679313340951
1679313340958,1679313340965
1679313340982,1679313341012
1679313340999,1679313341075
1679313341167,1679313341204
1679313341214,1679313341250
1679313341272,1679313341304
1679313341409,1679313341430
1679313341547,1679313341564
1679313341647,1679313341656
1679313341608,1679313341688
1679313341738,1679313341806
1679313341843,1679313341895
1679313341802,1679313341937
1679313341880,1679313341970
1679313341935,1679313341976
1679313341854,1679313341977
1679313341979,1679313341993
1679313341976,1679313342066
1679313342178,1679313342205
1679313342264,1679313342289
1679313342363,1679313342377
1679313342366,1679313342393
1679313342402,1679313342469
1679313342427,1679313342471
1679313342360,1679313342497
1679313342503,1679313342515
1679313342597,1679313342672
1679313342632,1679313342681
1679313342657,1679313342690
1679313342773,1679313342787
1679313342752,1679313342805
1679313342786,1679313342825
1679313342790,1679313342826
1679313342816,1679313342834
1679313342870,1679313342923
1679313342815,1679313342938
1679313343051,1679313343067
1679313343032,1679313343131
1679313343232,1679313343263
1679313343299,1679313343328
1679313343246,1679313343376
1679313343282,1679313343389
1679313343285,1679313343433
1679313343381,1679313343462
1679313343469,1679313343507
1679313343509,1679313343523
1679313343490,1679313343577
1679313343526,1679313343583
1679313343570,1679313343627
1679313343569,1679313343648
1679313343619,1679313343663
1679313343513,1679313343681
1679313343614,1679313343739
1679313343669,1679313343747
1679313343769,1679313343793
1679313343810,1679313343847
1679313343818,1679313343859
1679313343802,1679313343872
1679313343593,1679313343886
1679313343928,1679313343944
1679313343913,1679313343970
1679313343959,1679313343987
1679313343924,1679313343988
1679313343980,1679313344015
1679313343995,1679313344054
1679313344058,1679313344086
1679313344044,1679313344133
1679313344238,1679313344281
1679313344245,1679313344463
1679313344367,1679313344468
1679313344430,1679313344480
1679313344562,1679313344587
1679313344609,1679313344627
1679313344646,1679313344658
1679313344660,1679313344692
1679313344728,1679313344825
1679313345031,1679313345040
1679313344937,1679313345042
1679313345154,1679313345170
1679313345247,1679313345342
1679313345419,1679313345497
1679313345452,1679313345498
1679313345156,1679313345518
1679313345500,1679313345531
1679313345402,1679313345536
1679313345469,1679313345538
1679313345328,1679313345582
1679313345419,1679313345582
1679313345530,1679313345613
1679313345609,1679313345627
1679313345621,1679313345634
1679313345598,1679313345659
1679313345570,1679313345707
1679313345711,1679313345720
1679313345558,1679313345746
1679313345651,1679313345762
1679313345820,1679313345870
1679313345864,1679313345873
1679313345854,1679313345943
1679313346001,1679313346016
1679313346163,1679313346190
1679313346099,1679313346191
1679313346205,1679313346243
1679313346275,1679313346281
1679313346336,1679313346356
1679313346356,1679313346367
1679313346308,1679313346375
1679313346442,1679313346485
1679313346626,1679313346713
1679313346747,1679313346800
1679313346697,1679313346816
1679313346834,1679313346851
1679313346942,1679313346957
1679313346960,1679313347001
1679313346876,1679313347014
1679313347081,1679313347126
1679313347137,1679313347182
1679313347193,1679313347217
1679313347210,1679313347249
1679313347301,1679313347311
1679313347320,1679313347329
1679313347228,1679313347383
1679313347365,1679313347384
1679313347623,1679313347633
1679313347618,1679313347666
1679313347576,1679313347694
1679313347673,1679313347720
1679313347584,1679313347770
1679313347732,1679313347774
1679313347721,1679313347786
1679313347683,1679313347827
1679313347876,1679313347883
1679313347902,1679313347943
1679313347851,1679313347952
1679313347909,1679313347965
1679313347958,1679313348018
1679313347980,1679313348028
1679313347960,1679313348047
1679313347962,1679313348068
1679313348062,1679313348146
1679313348098,1679313348153
1679313348104,1679313348242
1679313348093,1679313348252
1679313348213,1679313348265
1679313348176,1679313348294
1679313348133,1679313348368
1679313348390,1679313348418
1679313348426,1679313348440
1679313348328,1679313348481
1679313348444,1679313348489
1679313348496,1679313348506
1679313348511,1679313348554
1679313348474,1679313348602
1679313348655,1679313348670
1679313348632,1679313348717
1679313348776,1679313348838
1679313348644,1679313348874
1679313348874,1679313348896
1679313348949,1679313348956
1679313348960,1679313348985
1679313349082,1679313349172
1679313349168,1679313349246
1679313349283,1679313349303
1679313349078,1679313349318
1679313349192,1679313349324
1679313349043,1679313349362
1679313349127,1679313349404
1679313349356,1679313349444
1679313349237,1679313349509
1679313349715,1679313349765
1679313349775,1679313349783
1679313349796,1679313349818
1679313349812,1679313349877
1679313349942,1679313350060
1679313349930,1679313350076
1679313350056,1679313350099
1679313349784,1679313350110
1679313350071,1679313350162
1679313350071,1679313350196
1679313350169,1679313350197
1679313350164,1679313350199
1679313350154,1679313350200
1679313350218,1679313350237
1679313350167,1679313350242
1679313350273,1679313350296
1679313350245,1679313350302
1679313350311,1679313350318
1679313350274,1679313350324
1679313350472,1679313350478
1679313350580,1679313350586
1679313350602,1679313350630
1679313350576,1679313350724
1679313350727,1679313350741
1679313350744,1679313350775
1679313350848,1679313350880
1679313350857,1679313350907
1679313350942,1679313350952
1679313350950,1679313350977
1679313350953,1679313350983
1679313350938,1679313350992
1679313350964,1679313351013
1679313350940,1679313351052
1679313351042,1679313351056
1679313350958,1679313351057
1679313350966,1679313351080
1679313351058,1679313351130
1679313351122,1679313351130
1679313350850,1679313351155
1679313351097,1679313351209
1679313351326,1679313351343
1679313351381,1679313351424
1679313351426,1679313351474
1679313351510,1679313351526
1679313351578,1679313351607
1679313351546,1679313351643
1679313351616,1679313351700
1679313351768,1679313351825
1679313351819,1679313351829
1679313351870,1679313351877
1679313351842,1679313351882
1679313351943,1679313351992
1679313352004,1679313352127
1679313351937,1679313352167
1679313352154,1679313352175
1679313352175,1679313352210
1679313352230,1679313352295
1679313352290,1679313352302
1679313352386,1679313352398
1679313352395,1679313352439
1679313352379,1679313352529
1679313352530,1679313352593
1679313352551,1679313352650
1679313352589,1679313352659
1679313352678,1679313352719
1679313352699,1679313352745
1679313352690,1679313352745
1679313352760,1679313352772
1679313352715,1679313352806
1679313352829,1679313352875
1679313352927,1679313352948
1679313353066,1679313353076
1679313353145,1679313353151
1679313353134,1679313353195
1679313353223,1679313353284
1679313353267,1679313353310
1679313353292,1679313353325
1679313353366,1679313353410
1679313353523,1679313353537
1679313353606,1679313353612
1679313353604,1679313353614
1679313353802,1679313353846
1679313353750,1679313353900
1679313353850,1679313353904
1679313353844,1679313353939
1679313353763,1679313353941
1679313353944,1679313353959
1679313353855,1679313353981
1679313353994,1679313354013
1679313353974,1679313354060
1679313354058,1679313354077
1679313354083,1679313354103
1679313354073,1679313354149
1679313354066,1679313354152
1679313354067,1679313354168
1679313354191,1679313354200
1679313354074,1679313354209
1679313354219,1679313354307
1679313354281,1679313354312
1679313354458,1679313354557
1679313354484,1679313354560
1679313354578,1679313354644
1679313354602,1679313354657
1679313354665,1679313354715
1679313354766,1679313354778
1679313354671,1679313354858
1679313354716,1679313354863
1679313354797,1679313355110
1679313355003,1679313355132
1679313355076,1679313355149
1679313355154,1679313355222
1679313355215,1679313355249
1679313355132,1679313355268
1679313355370,1679313355396
1679313355370,1679313355400
1679313355448,1679313355490
1679313355538,1679313355552
1679313355494,1679313355640
1679313355568,1679313355685
1679313355749,1679313355825
1679313355839,1679313355868
1679313355899,1679313355913
1679313355889,1679313355930
1679313355723,1679313355955
1679313356033,1679313356086
1679313356072,1679313356132
1679313356089,1679313356182
1679313356235,1679313356249
1679313356299,1679313356359
1679313356389,1679313356429
1679313356481,1679313356487
1679313356459,1679313356503
1679313356417,1679313356512
1679313356512,1679313356522
1679313356562,1679313356579
1679313356570,1679313356684
1679313356669,1679313356694
1679313356668,1679313356707
1679313356712,1679313356745
1679313356600,1679313356778
1679313356501,1679313356810
1679313356778,1679313356824
1679313356849,1679313356869
1679313356815,1679313356869
1679313356522,1679313356931
1679313356904,1679313356965
1679313356824,1679313357023
1679313356892,1679313357023
1679313357057,1679313357106
1679313356957,1679313357109
1679313356807,1679313357116
1679313357130,1679313357138
1679313357137,1679313357179
1679313357108,1679313357202
1679313357142,1679313357237
1679313357273,1679313357282
1679313357288,1679313357318
1679313357316,1679313357419
1679313357457,1679313357491
1679313357472,1679313357537
1679313357451,1679313357542
1679313357569,1679313357578
1679313357626,1679313357662
1679313357600,1679313357678
1679313357639,1679313357711
1679313357514,1679313357713
1679313357800,1679313357865
1679313357846,1679313357876
1679313358014,1679313358037
1679313357894,1679313358055
1679313358136,1679313358154
1679313358135,1679313358182
1679313358160,1679313358197
1679313358142,1679313358210
1679313358231,1679313358258
1679313358296,1679313358355
1679313358345,1679313358410
1679313358410,1679313358436
1679313358436,1679313358467
1679313358395,1679313358471
1679313358478,1679313358483
1679313358409,1679313358514
1679313358448,1679313358583
1679313358597,1679313358623
1679313358628,1679313358668
1679313358658,1679313358698
1679313358622,1679313358729
1679313358656,1679313358744
1679313358602,1679313358767
1679313358750,1679313358782
1679313358848,1679313358865
1679313358750,1679313358874
1679313358884,1679313358963
1679313358673,1679313358967
1679313358928,1679313358982
1679313359003,1679313359045
1679313358974,1679313359053
1679313359093,1679313359115
1679313359037,1679313359127
1679313359142,1679313359174
1679313359187,1679313359224
1679313359205,1679313359281
1679313359200,1679313359303
1679313359163,1679313359304
1679313359214,1679313359342
1679313359339,1679313359364
1679313359192,1679313359373
1679313359397,1679313359410
1679313359401,1679313359424
1679313359461,1679313359579
1679313359636,1679313359691
1679313359724,1679313359736
1679313359699,1679313359744
1679313359741,1679313359750
1679313360053,1679313360064
1679313359996,1679313360142
1679313360162,1679313360222
1679313360194,1679313360227
1679313360226,1679313360237
1679313360209,1679313360280
1679313360297,1679313360462
1679313360450,1679313360468
1679313360497,1679313360503
1679313360542,1679313360595
1679313360661,1679313360686
1679313360677,1679313360744
1679313360758,1679313360874
1679313360832,1679313360884
1679313360852,1679313360902
1679313360787,1679313360914
1679313360777,1679313360924
1679313361004,1679313361042
1679313361113,1679313361145
1679313361170,1679313361217
1679313361175,1679313361226
1679313361268,1679313361284
1679313361279,1679313361319
1679313361310,1679313361325
1679313361383,1679313361411
1679313361410,1679313361413
1679313361536,1679313361541
1679313361514,1679313361565
1679313361698,1679313361738
1679313361761,1679313361782
1679313361769,1679313361818
1679313361877,1679313361929
1679313361801,1679313361947
1679313362111,1679313362132
1679313362061,1679313362146
1679313362124,1679313362172
1679313361970,1679313362281
1679313362305,1679313362326
1679313362157,1679313362326
1679313362307,1679313362370
1679313362360,1679313362371
1679313362276,1679313362389
1679313362324,1679313362392
1679313362359,1679313362418
1679313362396,1679313362423
1679313362166,1679313362435
1679313362422,1679313362499
1679313362563,1679313362580
1679313362522,1679313362605
1679313362530,1679313362648
1679313362565,1679313362696
1679313362523,1679313362703
1679313362497,1679313362759
1679313362795,1679313362831
1679313362855,1679313362912
1679313362918,1679313362956
1679313362920,1679313362957
1679313362956,1679313362971
1679313362971,1679313363011
1679313363016,1679313363091
1679313363084,1679313363153
1679313363116,1679313363163
1679313363157,1679313363221
1679313363000,1679313363238
1679313363179,1679313363243
1679313363196,1679313363263
1679313363287,1679313363316
1679313363300,1679313363370
1679313363285,1679313363373
1679313363310,1679313363375
1679313363387,1679313363394
1679313363397,1679313363437
1679313363299,1679313363451
1679313363316,1679313363451
1679313363586,1679313363609
1679313363590,1679313363644
1679313363590,1679313363656
1679313363534,1679313363682
1679313363718,1679313363742
1679313363710,1679313363786
1679313363784,1679313363791
1679313363833,1679313363873
1679313363792,1679313363886
1679313363874,1679313363898
1679313363888,1679313363949
1679313364219,1679313364230
1679313364000,1679313364259
1679313364196,1679313364260
1679313364270,1679313364328
1679313364321,1679313364337
1679313364298,1679313364368
1679313364392,1679313364403
1679313364470,1679313364482
1679313364718,1679313364732
1679313364673,1679313364737
1679313364734,1679313364753
1679313364812,1679313364872
1679313364831,1679313364888
1679313364866,1679313364908
1679313364928,1679313364980
1679313364933,1679313364993
1679313364905,1679313365011
1679313365042,1679313365052
1679313364877,1679313365151
1679313365108,1679313365181
1679313365057,1679313365219
1679313365156,1679313365219
1679313365147,1679313365245
1679313365240,1679313365288
1679313365370,1679313365397
1679313365395,1679313365408
1679313365306,1679313365467
1679313365459,1679313365471
1679313365426,1679313365495
1679313365392,1679313365516
1679313365385,1679313365519
1679313365562,1679313365634
1679313365657,1679313365690
1679313365723,1679313365728
1679313365716,1679313365737
1679313365359,1679313365804
1679313365812,1679313365849
1679313365814,1679313365851
1679313365853,1679313365908
1679313365996,1679313366006
1679313365988,1679313366008
1679313366030,1679313366041
1679313366015,1679313366064
1679313366122,1679313366187
1679313366181,1679313366190
1679313366241,1679313366264
1679313366336,1679313366355
1679313366378,1679313366450
1679313366440,1679313366464
1679313366540,1679313366567
1679313366538,1679313366606
1679313366585,1679313366653
1679313366622,1679313366663
1679313366644,1679313366704
1679313366712,1679313366725
1679313366828,1679313366845
1679313366843,1679313366881
1679313366949,1679313367000
1679313367003,1679313367050
1679313366999,1679313367053
1679313367007,1679313367100
1679313367117,1679313367123
1679313367118,1679313367196
1679313367068,1679313367226
1679313367166,1679313367252
1679313367290,1679313367310
1679313367148,1679313367405
1679313367352,1679313367415
1679313367411,1679313367452
1679313367457,1679313367500
1679313367545,1679313367570
1679313367640,1679313367691
1679313367730,1679313367744
1679313367763,1679313367768
1679313367795,1679313367820
1679313367808,1679313367820
1679313367813,1679313367844
1679313367882,1679313367932
1679313367933,1679313367942
1679313368132,1679313368138
1679313368134,1679313368240
1679313368324,1679313368355
1679313368399,1679313368416
1679313368409,1679313368426
1679313368419,1679313368441
1679313368430,1679313368447
1679313368413,1679313368489
1679313368466,1679313368506
1679313368499,1679313368512
1679313368396,1679313368543
1679313368491,1679313368574
1679313368463,1679313368576
1679313368737,1679313368749
1679313368700,1679313368757
1679313368783,1679313368798
1679313368777,1679313368863
1679313368776,1679313368873
1679313368803,1679313368903
1679313368901,1679313368950
1679313368929,1679313368951
1679313368939,1679313369018
1679313369011,1679313369087
1679313369052,1679313369104
1679313369104,1679313369148
1679313369108,1679313369151
1679313369126,1679313369192
1679313369216,1679313369239
1679313369188,1679313369273
1679313369263,1679313369291
1679313369346,1679313369354
1679313369374,1679313369403
1679313369277,1679313369483
1679313369502,1679313369595
1679313369431,1679313369658
1679313369585,1679313369670
1679313369603,1679313369724
1679313369702,1679313369744
1679313369651,1679313369770
1679313369807,1679313369862
1679313369787,1679313369877
1679313369635,1679313369906
1679313369945,1679313369951
1679313369951,1679313369987
1679313370008,1679313370022
1679313370046,1679313370072
1679313370110,1679313370138
1679313370288,1679313370318
1679313370273,1679313370364
1679313370274,1679313370365
1679313370404,1679313370424
1679313370452,1679313370463
1679313370462,1679313370489
1679313370522,1679313370573
1679313370471,1679313370576
1679313370474,1679313370581
1679313370478,1679313370686
1679313370698,1679313370736
1679313370658,1679313370778
1679313370717,1679313370823
1679313370466,1679313370848
1679313370435,1679313370904
1679313371017,1679313371081
1679313371008,1679313371081
1679313371120,1679313371132
1679313371061,1679313371234
1679313371396,1679313371435
1679313371455,1679313371483
1679313371488,1679313371495
1679313371478,1679313371512
1679313371499,1679313371548
1679313371548,1679313371560
1679313371627,1679313371653
1679313371616,1679313371680
1679313371487,1679313371716
1679313371846,1679313371938
1679313371857,1679313371952
1679313371943,1679313371955
1679313371976,1679313372060
1679313371958,1679313372084
1679313372064,1679313372103
1679313372095,1679313372138
1679313372146,1679313372177
1679313371955,1679313372179
1679313372095,1679313372192
1679313371978,1679313372202
1679313372239,1679313372267
1679313372265,1679313372278
1679313372327,1679313372346
1679313372336,1679313372365
1679313372319,1679313372467
1679313372457,1679313372488
1679313372500,1679313372536
1679313372560,1679313372579
1679313372633,1679313372677
1679313372603,1679313372685
1679313372708,1679313372735
1679313372827,1679313372874
1679313372910,1679313372954
1679313372964,1679313372974
1679313372901,1679313373022
1679313372898,1679313373123
1679313372917,1679313373140
1679313373119,1679313373158
1679313372942,1679313373200
1679313372971,1679313373201
1679313373217,1679313373228
1679313373214,1679313373268
1679313373225,1679313373336
1679313373375,1679313373431
1679313373386,1679313373474
1679313373430,1679313373484
1679313373622,1679313373630
1679313373559,1679313373654
1679313373689,1679313373750
1679313373746,1679313373759
1679313373862,1679313373876
1679313373882,1679313373900
1679313373961,1679313373969
1679313373943,1679313374003
1679313373910,1679313374017
1679313374059,1679313374088
1679313374181,1679313374228
1679313374239,1679313374244
1679313374322,1679313374342
1679313374346,1679313374374
1679313374344,1679313374385
1679313374502,1679313374525
1679313374500,1679313374534
1679313374561,1679313374601
1679313374541,1679313374622
1679313374632,1679313374652
1679313374679,1679313374686
1679313374704,1679313374710
1679313374590,1679313374736
1679313374906,1679313375086
1679313375126,1679313375191
1679313375168,1679313375199
1679313375055,1679313375228
1679313375303,1679313375324
1679313375363,1679313375390
1679313375428,1679313375473
1679313375422,1679313375511
1679313375504,1679313375607
1679313375793,1679313375804
1679313375763,1679313375838
1679313375877,1679313375897
1679313375799,1679313375919
1679313375916,1679313375968
1679313375882,1679313375972
1679313375966,1679313375977
1679313375902,1679313375996
1679313376052,1679313376061
1679313376088,1679313376103
1679313376062,1679313376111
1679313376074,1679313376141
1679313376163,1679313376284
1679313376174,1679313376314
1679313376534,1679313376551
1679313376596,1679313376605
1679313376536,1679313376617
1679313376615,1679313376646
1679313376605,1679313376692
1679313376558,1679313376702
1679313376651,1679313376713
1679313376728,1679313376734
1679313376698,1679313376799
1679313377104,1679313377111
1679313377093,1679313377114
1679313376952,1679313377142
1679313376946,1679313377145
1679313377062,1679313377159
1679313376946,1679313377185
1679313377147,1679313377224
1679313377219,1679313377240
1679313377194,1679313377262
1679313377315,1679313377322
1679313376806,1679313377323
1679313377336,1679313377431
1679313377269,1679313377445
1679313377221,1679313377456
1679313377419,1679313377506
1679313377378,1679313377510
1679313377444,1679313377531
1679313377273,1679313377532
1679313377547,1679313377557
1679313377502,1679313377586
1679313377585,1679313377591
1679313377629,1679313377636
1679313377670,1679313377675
1679313377641,1679313377692
1679313377627,1679313377692
1679313377688,1679313377755
1679313377631,1679313377759
1679313377748,1679313377778
1679313377630,1679313377778
1679313377955,1679313377983
1679313377981,1679313377993
1679313378036,1679313378052
1679313378019,1679313378054
1679313378060,1679313378112
1679313378062,1679313378160
1679313378229,1679313378247
1679313378300,1679313378306
1679313378330,1679313378413
1679313378418,1679313378454
1679313378474,1679313378495
1679313378529,1679313378537
1679313378592,1679313378624
1679313378546,1679313378648
1679313378611,1679313378650
1679313378770,1679313378848
1679313378846,1679313378868
1679313378703,1679313378873
1679313378815,1679313378877
1679313378728,1679313378895
1679313378904,1679313378909
1679313378962,1679313379002
1679313379084,1679313379094
1679313379109,1679313379122
1679313379138,1679313379159
1679313379168,1679313379207
1679313379200,1679313379223
1679313379243,1679313379291
1679313379271,1679313379292
1679313379281,1679313379300
1679313379415,1679313379431
1679313379508,1679313379528
1679313379588,1679313379615
1679313379650,1679313379701
1679313379750,1679313379815
1679313379618,1679313379823
1679313379724,1679313379849
1679313379736,1679313379867
1679313379787,1679313379940
1679313379663,1679313379966
1679313379746,1679313379997
1679313379731,1679313379999
1679313379850,1679313380006
1679313379717,1679313380021
1679313379732,1679313380037
1679313379870,1679313380044
1679313380096,1679313380146
1679313379735,1679313380160
1679313379749,1679313380161
1679313379600,1679313380179
1679313379745,1679313380200
1679313379719,1679313380218
1679313379741,1679313380223
1679313379628,1679313380256
1679313380217,1679313380298
1679313380323,1679313380365
1679313380231,1679313380432
1679313380335,1679313380440
1679313380356,1679313380474
1679313380349,1679313380479
1679313380469,1679313380490
1679313379760,1679313380515
1679313380489,1679313380516
1679313380506,1679313380540
1679313379627,1679313380621
1679313380628,1679313380691
1679313380656,1679313380695
1679313380728,1679313380738
1679313380757,1679313380815
1679313380785,1679313380815
1679313380839,1679313380954
1679313380948,1679313380977
1679313380993,1679313381002
1679313380887,1679313381003
1679313380961,1679313381035
1679313381008,1679313381039
1679313381042,1679313381076
1679313381084,1679313381096
1679313381144,1679313381221
1679313381210,1679313381230
1679313381099,1679313381236
1679313381266,1679313381271
1679313381011,1679313381285
1679313381265,1679313381318
1679313381351,1679313381372
1679313381407,1679313381457
1679313381242,1679313381541
1679313381483,1679313381544
1679313381587,1679313381609
1679313381555,1679313381650
1679313381667,1679313381680
1679313381993,1679313382021
1679313382028,1679313382049
1679313382007,1679313382072
1679313381988,1679313382077
1679313382013,1679313382099
1679313382155,1679313382187
1679313382259,1679313382266
1679313382259,1679313382304
1679313382232,1679313382307
1679313382341,1679313382348
1679313382504,1679313382537
1679313382560,1679313382619
1679313382673,1679313382707
1679313382714,1679313382729
1679313382748,1679313382781
1679313382843,1679313382869
1679313382857,1679313382894
1679313382834,1679313382906
1679313382843,1679313382951
1679313382857,1679313382957
1679313382862,1679313382964
1679313382944,1679313382979
1679313382968,1679313382997
1679313383015,1679313383031
1679313382978,1679313383047
1679313383423,1679313383433
1679313383452,1679313383473
1679313383466,1679313383539
1679313383466,1679313383548
1679313383601,1679313383624
1679313383630,1679313383665
1679313383726,1679313383745
1679313383746,1679313383794
1679313383755,1679313383832
1679313383804,1679313383837
1679313383988,1679313384043
1679313383979,1679313384058
1679313384094,1679313384138
1679313383942,1679313384165
1679313384084,1679313384206
1679313384023,1679313384232
1679313384262,1679313384281
1679313383968,1679313384285
1679313383962,1679313384286
1679313384042,1679313384352
1679313384462,1679313384471
1679313384306,1679313384486
1679313384482,1679313384489
1679313384527,1679313384588
1679313384437,1679313384618
1679313384612,1679313384685
1679313384622,1679313384704
1679313384691,1679313384707
1679313384834,1679313384856
1679313384870,1679313384890
1679313384797,1679313384897
1679313384932,1679313384939
1679313384940,1679313384944
1679313384939,1679313384985
1679313384943,1679313384997
1679313385362,1679313385393
1679313385472,1679313385478
1679313385344,1679313385485
1679313385588,1679313385615
1679313385389,1679313385635
1679313385558,1679313385635
1679313385625,1679313385645
1679313385636,1679313385649
1679313385654,1679313385690
1679313385683,1679313385918
1679313385848,1679313385971
1679313385997,1679313386034
1679313385749,1679313386042
1679313385933,1679313386062
1679313385897,1679313386072
1679313385924,1679313386082
1679313385957,1679313386109
1679313386083,1679313386146
1679313386175,1679313386192
1679313386175,1679313386193
1679313386175,1679313386274
1679313386011,1679313386279
1679313386215,1679313386286
1679313386253,1679313386359
1679313386330,1679313386365
1679313386212,1679313386416
1679313386433,1679313386558
1679313386645,1679313386778
1679313386720,1679313386817
1679313386826,1679313386864
1679313386874,1679313386947
1679313386975,1679313386991
1679313386959,1679313387015
1679313386904,1679313387028
1679313387044,1679313387072
1679313387139,1679313387183
1679313387184,1679313387256
1679313387215,1679313387259
1679313387274,1679313387288
1679313387342,1679313387356
1679313387340,1679313387367
1679313387362,1679313387467
1679313387421,1679313387497
1679313387459,1679313387510
1679313387500,1679313387529
1679313387521,1679313387612
1679313387433,1679313387630
1679313387566,1679313387693
1679313387624,1679313387704
1679313387733,1679313387752
1679313387768,1679313387874
1679313387877,1679313387887
1679313387838,1679313387892
1679313387845,1679313387918
1679313387908,1679313387963
1679313387999,1679313388056
1679313387992,1679313388064
1679313388013,1679313388069
1679313388018,1679313388074
1679313387994,1679313388074
1679313388009,1679313388130
1679313388154,1679313388162
1679313388322,1679313388333
1679313388438,1679313388452
1679313388465,1679313388607
1679313388591,1679313388619
1679313388477,1679313388620
1679313388543,1679313388645
1679313388488,1679313388650
1679313388512,1679313388651
1679313388549,1679313388686
1679313388638,1679313388704
1679313388754,1679313388772
1679313388769,1679313388780
1679313388739,1679313388810
1679313388767,1679313388822
1679313388765,1679313388842
1679313388763,1679313388848
1679313388813,1679313388859
1679313388842,1679313388885
1679313388991,1679313389019
1679313389024,1679313389036
1679313389038,1679313389056
1679313389039,1679313389071
1679313389030,1679313389083
1679313389118,1679313389215
1679313389222,1679313389235
1679313389200,1679313389249
1679313389328,1679313389389
1679313389417,1679313389422
1679313389387,1679313389437
1679313389472,1679313389516
1679313389508,1679313389541
1679313389543,1679313389556
1679313389563,1679313389576
1679313389611,1679313389669
1679313389675,1679313389683
1679313389811,1679313389835
1679313389793,1679313389867
1679313389924,1679313389940
1679313389975,1679313389994
1679313390064,1679313390109
1679313390192,1679313390233
1679313390376,1679313390417
1679313390383,1679313390437
1679313390423,1679313390501
1679313390590,1679313390621
1679313390536,1679313390638
1679313390677,1679313390708
1679313390703,1679313390718
1679313390747,1679313390798
1679313390798,1679313390829
1679313390844,1679313390985
1679313391004,1679313391042
1679313391009,1679313391045
1679313391161,1679313391182
1679313391122,1679313391218
1679313391248,1679313391278
1679313391300,1679313391350
1679313391356,1679313391391
1679313391314,1679313391396
1679313391597,1679313391663
1679313391700,1679313391742
1679313391669,1679313391770
1679313391787,1679313391845
1679313391735,1679313391884
1679313392072,1679313392083
1679313392150,1679313392155
1679313392152,1679313392159
1679313392179,1679313392237
1679313392331,1679313392344
1679313392462,1679313392480
1679313392490,1679313392545
1679313392539,1679313392561
1679313392566,1679313392592
1679313392736,1679313392770
1679313392668,1679313392781
1679313392796,1679313392816
1679313392801,1679313392828
1679313392836,1679313392849
1679313392745,1679313392894
1679313392899,1679313392909
1679313392902,1679313392910
1679313392881,1679313392977
1679313392950,1679313393014
1679313392916,1679313393032
1679313393075,1679313393107
1679313393149,1679313393183
1679313393158,1679313393243
1679313393061,1679313393251
1679313393144,1679313393269
1679313393155,1679313393271
1679313393101,1679313393302
1679313393171,1679313393332
1679313393159,1679313393335
1679313393133,1679313393365
1679313393184,1679313393380
1679313393142,1679313393400
1679313393236,1679313393460
1679313393126,1679313393468
1679313393151,1679313393497
1679313393409,1679313393508
1679313393387,1679313393517
1679313393388,1679313393537
1679313393180,1679313393582
1679313393566,1679313393609
1679313393668,1679313393703
1679313393664,1679313393721
1679313393750,1679313393775
1679313393783,1679313393806
1679313393794,1679313393822
1679313394077,1679313394093
1679313394326,1679313394344
1679313394381,1679313394404
1679313394355,1679313394434
1679313394390,1679313394502
1679313394493,1679313394513
1679313394524,1679313394591
1679313394737,1679313394831
1679313394807,1679313394847
1679313394864,1679313394919
1679313394947,1679313395012
1679313395064,1679313395069
1679313395043,1679313395161
1679313395163,1679313395200
1679313395090,1679313395215
1679313395218,1679313395257
1679313395274,1679313395282
1679313395287,1679313395293
1679313395249,1679313395334
1679313395345,1679313395412
1679313395455,1679313395480
1679313395459,1679313395500
1679313395477,1679313395510
1679313395456,1679313395510
1679313395449,1679313395529
1679313395626,1679313395637
1679313395645,1679313395733
1679313395714,1679313395742
1679313395645,1679313395756
1679313395647,1679313395757
1679313395770,1679313395858
1679313395835,1679313395882
1679313395911,1679313396005
1679313396053,1679313396058
1679313395997,1679313396060
1679313396109,1679313396125
1679313396266,1679313396278
1679313396267,1679313396311
1679313396261,1679313396344
1679313396324,1679313396351
1679313396273,1679313396399
1679313396346,1679313396615
1679313396581,1679313396627
1679313396637,1679313396642
1679313396661,1679313396679
1679313396787,1679313396799
1679313396840,1679313396856
1679313396868,1679313396920
1679313396909,1679313396959
1679313396894,1679313396998
1679313396962,1679313397050
1679313396899,1679313397091
1679313397098,1679313397121
1679313397049,1679313397156
1679313397144,1679313397253
1679313397313,1679313397342
1679313397395,1679313397415
1679313397409,1679313397465
1679313397467,1679313397533
1679313397508,1679313397536
1679313397555,1679313397585
1679313397429,1679313397589
1679313397579,1679313397611
1679313397754,1679313397778
1679313397718,1679313397778
1679313397880,1679313397884
1679313397878,1679313397942
1679313397882,1679313398030
1679313397960,1679313398035
1679313397962,1679313398063
1679313398072,1679313398112
1679313398077,1679313398124
1679313398068,1679313398142
1679313398019,1679313398189
1679313398344,1679313398377
1679313398352,1679313398387
1679313398358,1679313398420
1679313398362,1679313398435
1679313398413,1679313398444
1679313398794,1679313398809
1679313398788,1679313398876
1679313398907,1679313398917
1679313398881,1679313398939
1679313398916,1679313398978
1679313399116,1679313399123
1679313399099,1679313399189
1679313399142,1679313399200
1679313399063,1679313399219
1679313399319,1679313399337
1679313399350,1679313399368
1679313399329,1679313399398
1679313399582,1679313399596
1679313399481,1679313399597
1679313399695,1679313399713
1679313399719,1679313399724
1679313399828,1679313399845
1679313399909,1679313399945
1679313399886,1679313399961
1679313399970,1679313399986
1679313400121,1679313400132
1679313400053,1679313400175
1679313400177,1679313400301
1679313400198,1679313400336
1679313400098,1679313400362
1679313400379,1679313400505
1679313400513,1679313400553
1679313400356,1679313400554
1679313400392,1679313400576
1679313400609,1679313400614
1679313400168,1679313400642
1679313400555,1679313400656
1679313400611,1679313400657
1679313400640,1679313400673
1679313400153,1679313400685
1679313400636,1679313400701
1679313400663,1679313400745
1679313400755,1679313400792
1679313400846,1679313400864
1679313401012,1679313401034
1679313401092,1679313401114
1679313401243,1679313401269
1679313401266,1679313401299
1679313401309,1679313401316
1679313401283,1679313401319
1679313401417,1679313401431
1679313401535,1679313401567
1679313401572,1679313401582
1679313401529,1679313401596
1679313401630,1679313401669
1679313401648,1679313401670
1679313401417,1679313401699
1679313401741,1679313401770
1679313401770,1679313401803
1679313401962,1679313401975
1679313402021,1679313402072
1679313402122,1679313402127
1679313402233,1679313402250
1679313402247,1679313402258
1679313402244,1679313402301
1679313402106,1679313402308
1679313402341,1679313402371
1679313402319,1679313402426
1679313402288,1679313402426
1679313402439,1679313402447
1679313402360,1679313402503
1679313402432,1679313402535
1679313402513,1679313402554
1679313402438,1679313402571
1679313402442,1679313402572
1679313402438,1679313402630
1679313402448,1679313402651
1679313402626,1679313402670
1679313402687,1679313402702
1679313402658,1679313402714
1679313402720,1679313402727
1679313402703,1679313402765
1679313402722,1679313402779
1679313402678,1679313402808
1679313402846,1679313402862
1679313402809,1679313402876
1679313402896,1679313402999
1679313403078,1679313403102
1679313403123,1679313403133
1679313403118,1679313403142
1679313403161,1679313403191
1679313403062,1679313403280
1679313403229,1679313403293
1679313403221,1679313403321
1679313403237,1679313403328
1679313403193,1679313403358
1679313403366,1679313403396
1679313403295,1679313403398
1679313403307,1679313403408
1679313403441,1679313403452
1679313403456,1679313403483
1679313403464,1679313403507
1679313403239,1679313403530
1679313403496,1679313403531
1679313403563,1679313403570
1679313403562,1679313403604
1679313403628,1679313403639
1679313403569,1679313403640
1679313403620,1679313403641
1679313403632,1679313403664
1679313403701,1679313403726
1679313403768,1679313403830
1679313403792,1679313403878
1679313403889,1679313403898
1679313403845,1679313403925
1679313403982,1679313403994
1679313404040,1679313404054
1679313403999,1679313404077
1679313404065,1679313404118
1679313404134,1679313404138
1679313404054,1679313404151
1679313404190,1679313404232
1679313404260,1679313404277
1679313404389,1679313404407
1679313404336,1679313404457
1679313404393,1679313404464
1679313404420,1679313404478
1679313404645,1679313404673
1679313404670,1679313404763
1679313404755,1679313404777
1679313404728,1679313404811
1679313404763,1679313404816
1679313404830,1679313404850
1679313404806,1679313404861
1679313404882,1679313404969
1679313404870,1679313405127
1679313405051,1679313405138
1679313404870,1679313405174
1679313405009,1679313405212
1679313405217,1679313405247
1679313405279,1679313405285
1679313405348,1679313405354
1679313405351,1679313405358
1679313405265,1679313405381
1679313405373,1679313405415
1679313405359,1679313405485
1679313405366,1679313405495
1679313405212,1679313405496
1679313405232,1679313405547
1679313405393,1679313405553
1679313405573,1679313405610
1679313405608,1679313405617
1679313405620,1679313405638
1679313405603,1679313405689
1679313405623,1679313405696
1679313405548,1679313405741
1679313405664,1679313405766
1679313405050,1679313405793
1679313405752,1679313405821
1679313405676,1679313405861
1679313405593,1679313405871
1679313405819,1679313405879
1679313405536,1679313405883
1679313405604,1679313405937
1679313405602,1679313405940
1679313405369,1679313405944
1679313405593,1679313405954
1679313405585,1679313405962
1679313405828,1679313405981
1679313405990,1679313406011
1679313405793,1679313406050
1679313405859,1679313406050
1679313406010,1679313406074
1679313405568,1679313406091
1679313405759,1679313406193
1679313406030,1679313406194
1679313406077,1679313406201
1679313406210,1679313406221
1679313405911,1679313406238
1679313405984,1679313406240
1679313405582,1679313406297
1679313406097,1679313406355
1679313405818,1679313406358
1679313406037,1679313406369
1679313406313,1679313406394
1679313406081,1679313406398
1679313405789,1679313406421
1679313405629,1679313406440
1679313406435,1679313406446
1679313406458,1679313406489
1679313405970,1679313406529
1679313405887,1679313406586
1679313406156,1679313406604
1679313406532,1679313406612
1679313406436,1679313406632
1679313405548,1679313406679
1679313406237,1679313406685
1679313406131,1679313406736
1679313406672,1679313406767
1679313406743,1679313406796
1679313406680,1679313406889
1679313406802,1679313406918
1679313406907,1679313406968
1679313406986,1679313407005
1679313406569,1679313407032
1679313407018,1679313407066
1679313405733,1679313407077
1679313407022,1679313407127
1679313406657,1679313407157
1679313406969,1679313407213
1679313407231,1679313407342
1679313407351,1679313407358
1679313407229,1679313407371
1679313406986,1679313407390
1679313407187,1679313407413
1679313407383,1679313407468
1679313407466,1679313407529
1679313407497,1679313407537
1679313407526,1679313407616
1679313407527,1679313407682
1679313407772,1679313407795
1679313407693,1679313407818
1679313407784,1679313407851
1679313407713,1679313407928
1679313407892,1679313407930
1679313407836,1679313407947
1679313407848,1679313407948
1679313407954,1679313408010
1679313407933,1679313408013
1679313408019,1679313408037
1679313408020,1679313408069
1679313407948,1679313408102
1679313408085,1679313408144
1679313408003,1679313408164
1679313408184,1679313408321
1679313408263,1679313408323
1679313408329,1679313408345
1679313408074,1679313408349
1679313408310,1679313408355
1679313408261,1679313408370
1679313408343,1679313408374
1679313408184,1679313408392
1679313408414,1679313408420
1679313408420,1679313408445
1679313408447,1679313408472
1679313408452,1679313408479
1679313408446,1679313408495
1679313408485,1679313408512
1679313408511,1679313408520
1679313408606,1679313408614
1679313408576,1679313408622
1679313408233,1679313408638
1679313408554,1679313408652
1679313408590,1679313408668
1679313408694,1679313408698
1679313408690,1679313408719
1679313408825,1679313408847
1679313408735,1679313408848
1679313408833,1679313408875
1679313408816,1679313408965
1679313408962,1679313409015
1679313408884,1679313409036
1679313409012,1679313409049
1679313409061,1679313409082
1679313409121,1679313409175
1679313409069,1679313409187
1679313409117,1679313409188
1679313409156,1679313409217
1679313409244,1679313409272
1679313409285,1679313409308
1679313409190,1679313409320
1679313409267,1679313409354
1679313409372,1679313409398
1679313409339,1679313409436
1679313409350,1679313409469
1679313409389,1679313409473
1679313409285,1679313409499
1679313409297,1679313409508
1679313409474,1679313409527
1679313409428,1679313409543
1679313409534,1679313409560
1679313409585,1679313409598
1679313409595,1679313409608
1679313409613,1679313409656
1679313409639,1679313409693
1679313409718,1679313409724
1679313409710,1679313409740
1679313409728,1679313409778
1679313409635,1679313409783
1679313409776,1679313409824
1679313409829,1679313409841
1679313409723,1679313409868
1679313409813,1679313409886
1679313409625,1679313409896
1679313409738,1679313409909
1679313409915,1679313409941
1679313409930,1679313409954
1679313409951,1679313410011
1679313409953,1679313410025
1679313410068,1679313410107
1679313410100,1679313410114
1679313409973,1679313410168
1679313410061,1679313410169
1679313410203,1679313410251
1679313410225,1679313410295
1679313409960,1679313410336
1679313410331,1679313410367
1679313410286,1679313410371
1679313410248,1679313410395
1679313410395,1679313410403
1679313410352,1679313410412
1679313410181,1679313410432
1679313410424,1679313410471
1679313410425,1679313410476
1679313410471,1679313410512
1679313410403,1679313410532
1679313410592,1679313410605
1679313410596,1679313410621
1679313410660,1679313410673
1679313410651,1679313410690
1679313410687,1679313410698
1679313410648,1679313410704
1679313410692,1679313410705
1679313410716,1679313410734
1679313410752,1679313410782
1679313410809,1679313410818
1679313410780,1679313410836
1679313410800,1679313410859
1679313410870,1679313410875
1679313410913,1679313410971
1679313411006,1679313411054
1679313411049,1679313411100
1679313411079,1679313411105
1679313411083,1679313411138
1679313411015,1679313411167
1679313411166,1679313411202
1679313411156,1679313411223
1679313411286,1679313411296
1679313411278,1679313411302
1679313411314,1679313411324
1679313411305,1679313411324
1679313411327,1679313411346
1679313411327,1679313411355
1679313411379,1679313411391
1679313411375,1679313411409
1679313411331,1679313411412
1679313411395,1679313411426
1679313411426,1679313411441
1679313411594,1679313411611
1679313411604,1679313411616
1679313411656,1679313411660
1679313411673,1679313411678
1679313411663,1679313411704
1679313411736,1679313411758
1679313411753,1679313411775
1679313411790,1679313411807
1679313411825,1679313411909
1679313411903,1679313411952
1679313411929,1679313411977
1679313412010,1679313412017
1679313412045,1679313412081
1679313411882,1679313412115
1679313411827,1679313412134
1679313412106,1679313412163
1679313411836,1679313412178
1679313412134,1679313412200
1679313411977,1679313412255
1679313411817,1679313412299
1679313412265,1679313412305
1679313412167,1679313412310
1679313412178,1679313412322
1679313412073,1679313412338
1679313412319,1679313412388
1679313412399,1679313412409
1679313412338,1679313412458
1679313412386,1679313412474
1679313412469,1679313412488
1679313412482,1679313412547
1679313412536,1679313412565
1679313412553,1679313412589
1679313412635,1679313412729
1679313412718,1679313412847
1679313412762,1679313412855
1679313412790,1679313412867
1679313412745,1679313412877
1679313412799,1679313412891
1679313412901,1679313412910
1679313412858,1679313412916
1679313412658,1679313412932
1679313412882,1679313412938
1679313412932,1679313412942
1679313412895,1679313412964
1679313412907,1679313413020
1679313412895,1679313413074
1679313413030,1679313413082
1679313412978,1679313413086
1679313412882,1679313413089
1679313413183,1679313413201
1679313413203,1679313413214
1679313413254,1679313413275
1679313413253,1679313413318
1679313413287,1679313413341
1679313413270,1679313413360
1679313413364,1679313413392
1679313413355,1679313413426
1679313413261,1679313413430
1679313413428,1679313413463
1679313413461,1679313413484
1679313413477,1679313413522
1679313413515,1679313413556
1679313413423,1679313413579
1679313413491,1679313413602
1679313413555,1679313413621
1679313413631,1679313413650
1679313413729,1679313413751
1679313413725,1679313413814
1679313413668,1679313413815
1679313413821,1679313413875
1679313413808,1679313413881
1679313413605,1679313413912
1679313413817,1679313413912
1679313413899,1679313413929
1679313413469,1679313413933
1679313413677,1679313413936
1679313413818,1679313413952
1679313413807,1679313413963
1679313413949,1679313413977
1679313413978,1679313414000
1679313413919,1679313414015
1679313413948,1679313414036
1679313414039,1679313414054
1679313413827,1679313414057
1679313414081,1679313414097
1679313413975,1679313414117
1679313414210,1679313414262
1679313414249,1679313414288
1679313414400,1679313414407
1679313414265,1679313414411
1679313414365,1679313414434
1679313414147,1679313414441
1679313414454,1679313414520
1679313414500,1679313414528
1679313414318,1679313414534
1679313414273,1679313414550
1679313414440,1679313414555
1679313414535,1679313414603
1679313414256,1679313414612
1679313414533,1679313414620
1679313414455,1679313414661
1679313414560,1679313414671
1679313414311,1679313414705
1679313414450,1679313414720
1679313414704,1679313414747
1679313414741,1679313414809
1679313414508,1679313414830
1679313414852,1679313414870
1679313414830,1679313414889
1679313414879,1679313414916
1679313414889,1679313414983
1679313414980,1679313415017
1679313414875,1679313415032
1679313415015,1679313415072
1679313415042,1679313415075
1679313415089,1679313415134
1679313415093,1679313415271
1679313415127,1679313415305
1679313415160,1679313415307
1679313415319,1679313415327
1679313415346,1679313415360
1679313415346,1679313415373
1679313415407,1679313415465
1679313415462,1679313415481
1679313415483,1679313415495
1679313415492,1679313415528
1679313415539,1679313415560
1679313415517,1679313415565
1679313415336,1679313415566
1679313415512,1679313415585
1679313415516,1679313415614
1679313415645,1679313415656
1679313415680,1679313415685
1679313415728,1679313415782
1679313415669,1679313415788
1679313415751,1679313415824
1679313415841,1679313415853
1679313415836,1679313415857
1679313415818,1679313415883
1679313415716,1679313415996
1679313415904,1679313416019
1679313415913,1679313416064
1679313415905,1679313416089
1679313415884,1679313416154
1679313415853,1679313416182
1679313415962,1679313416225
1679313416196,1679313416226
1679313415951,1679313416244
1679313416233,1679313416247
1679313416037,1679313416281
1679313416190,1679313416309
1679313416274,1679313416334
1679313416345,1679313416350
1679313416208,1679313416361
1679313416327,1679313416388
1679313416411,1679313416439
1679313416009,1679313416452
1679313416432,1679313416493
1679313416416,1679313416508
1679313415894,1679313416562
1679313416574,1679313416623
1679313416585,1679313416637
1679313416610,1679313416644
1679313416313,1679313416657
1679313416637,1679313416665
1679313416642,1679313416700
1679313416798,1679313416814
1679313416944,1679313416960
1679313416959,1679313416964
1679313416989,1679313416994
1679313417017,1679313417042
1679313417100,1679313417117
1679313417075,1679313417134
1679313417128,1679313417148
1679313417149,1679313417173
1679313417154,1679313417198
1679313417192,1679313417208
1679313417200,1679313417233
1679313417230,1679313417294
1679313417439,1679313417445
1679313417505,1679313417581
1679313417570,1679313417608
1679313417651,1679313417678
1679313417669,1679313417682
1679313417712,1679313417740
1679313417743,1679313417804
1679313417791,1679313417831
1679313417880,1679313417892
1679313417866,1679313417938
1679313417938,1679313417967
1679313417957,1679313417972
1679313417937,1679313417976
1679313417991,1679313418031
1679313418006,1679313418085
1679313418089,1679313418104
1679313418006,1679313418106
1679313418090,1679313418131
1679313418121,1679313418150
1679313418103,1679313418153
1679313418166,1679313418179
1679313418180,1679313418194
1679313418244,1679313418278
1679313418218,1679313418285
1679313418301,1679313418318
1679313418343,1679313418358
1679313418297,1679313418399
1679313418364,1679313418420
1679313418424,1679313418440
1679313418232,1679313418454
1679313418539,1679313418597
1679313418385,1679313418628
1679313418470,1679313418637
1679313418588,1679313418719
1679313418756,1679313418764
1679313418480,1679313418770
1679313418516,1679313418788
1679313418592,1679313418854
1679313418729,1679313418883
1679313418703,1679313418914
1679313418918,1679313418943
1679313418813,1679313419026
1679313418890,1679313419081
1679313419024,1679313419105
1679313418772,1679313419114
1679313419017,1679313419123
1679313419014,1679313419163
1679313418826,1679313419171
1679313418943,1679313419181
1679313418840,1679313419227
1679313418862,1679313419245
1679313419192,1679313419248
1679313419195,1679313419269
1679313419207,1679313419311
1679313418851,1679313419331
1679313419253,1679313419335
1679313419229,1679313419371
1679313419363,1679313419372
1679313419288,1679313419390
1679313419069,1679313419423
1679313418998,1679313419433
1679313419278,1679313419443
1679313419139,1679313419445
1679313419076,1679313419464
1679313419453,1679313419508
1679313419432,1679313419521
1679313419531,1679313419555
1679313419472,1679313419617
1679313419660,1679313419718
1679313419692,1679313419740
1679313419716,1679313419758
1679313419752,1679313419761
1679313419782,1679313419812
1679313419859,1679313419876
1679313419832,1679313419973
1679313419951,1679313420002
1679313419892,1679313420009
1679313419870,1679313420027
1679313419970,1679313420042
1679313419935,1679313420048
1679313419959,1679313420076
1679313420173,1679313420202
1679313420070,1679313420205
1679313420200,1679313420214
1679313420216,1679313420219
1679313420209,1679313420253
1679313420227,1679313420259
1679313420263,1679313420279
1679313420216,1679313420295
1679313420272,1679313420301
1679313420356,1679313420407
1679313420428,1679313420441
1679313420338,1679313420543
1679313420535,1679313420549
1679313420528,1679313420580
1679313420534,1679313420617
1679313420635,1679313420643
1679313420291,1679313420689
1679313420692,1679313420700
1679313420702,1679313420731
1679313420760,1679313420792
1679313420791,1679313420797
1679313420795,1679313420850
1679313420791,1679313420870
1679313420796,1679313420933
1679313420776,1679313420952
1679313420836,1679313420964
1679313420940,1679313420980
1679313420931,1679313420982
1679313421032,1679313421040
1679313421035,1679313421100
1679313421094,1679313421133
1679313421119,1679313421140
1679313421122,1679313421154
1679313421182,1679313421202
1679313421182,1679313421222
1679313421128,1679313421236
1679313421356,1679313421421
1679313421449,1679313421499
1679313421368,1679313421510
1679313421375,1679313421513
1679313421493,1679313421541
1679313421397,1679313421554
1679313421424,1679313421571
1679313421453,1679313421603
1679313421591,1679313421606
1679313421609,1679313421636
1679313421619,1679313421648
1679313421653,1679313421673
1679313421633,1679313421679
1679313421639,1679313421699
1679313421733,1679313421759
1679313421852,1679313421881
1679313421799,1679313421926
1679313421746,1679313421935
1679313421913,1679313421951
1679313421741,1679313421953
1679313421764,1679313421958
1679313421606,1679313421983
1679313422037,1679313422068
1679313421861,1679313422088
1679313421991,1679313422128
1679313422047,1679313422162
1679313422037,1679313422186
1679313422232,1679313422250
1679313421713,1679313422294
1679313421942,1679313422310
1679313422282,1679313422345
1679313422173,1679313422350
1679313421675,1679313422406
1679313422041,1679313422416
1679313422303,1679313422431
1679313422358,1679313422499
1679313422479,1679313422530
1679313422296,1679313422598
1679313422155,1679313422639
1679313422386,1679313422709
1679313422142,1679313422751
1679313421673,1679313422802
1679313422685,1679313422815
1679313422417,1679313422822
1679313422482,1679313422832
1679313422713,1679313422855
1679313422049,1679313422900
1679313422680,1679313422933
1679313422718,1679313422948
1679313422581,1679313422967
1679313422142,1679313422971
1679313421937,1679313422986
1679313422390,1679313423093
1679313422986,1679313423107
1679313421967,1679313423126
1679313423167,1679313423188
1679313422056,1679313423213
1679313422487,1679313423242
1679313422794,1679313423243
1679313423152,1679313423268
1679313423030,1679313423313
1679313422862,1679313423365
1679313422694,1679313423389
1679313423028,1679313423390
1679313423283,1679313423435
1679313423288,1679313423439
1679313422109,1679313423456
1679313422680,1679313423459
1679313423387,1679313423519
1679313423520,1679313423533
1679313423448,1679313423534
1679313423549,1679313423604
1679313423603,1679313423612
1679313423578,1679313423648
1679313423581,1679313423657
1679313423711,1679313423723
1679313423519,1679313423756
1679313423572,1679313423789
1679313423494,1679313423842
1679313423819,1679313423857
1679313423693,1679313423882
1679313423810,1679313423898
1679313423687,1679313423916
1679313423823,1679313423939
1679313423895,1679313423949
1679313423721,1679313423987
1679313423742,1679313424017
1679313423980,1679313424022
1679313423815,1679313424035
1679313424000,1679313424070
1679313424074,1679313424104
1679313424086,1679313424114
1679313424138,1679313424154
1679313424153,1679313424168
1679313424148,1679313424171
1679313424158,1679313424207
1679313424165,1679313424216
1679313424168,1679313424230
1679313424204,1679313424294
1679313424153,1679313424343
1679313424162,1679313424355
1679313424320,1679313424422
1679313424358,1679313424491
1679313424388,1679313424527
1679313424524,1679313424529
1679313424450,1679313424539
1679313424491,1679313424541
1679313424572,1679313424597
1679313424603,1679313424630
1679313424590,1679313424640
1679313424579,1679313424677
1679313424751,1679313424776
1679313424787,1679313424854
1679313424908,1679313424934
1679313424939,1679313424945
1679313424938,1679313424981
1679313424724,1679313424998
1679313424696,1679313425026
1679313425047,1679313425061
1679313425021,1679313425064
1679313424986,1679313425074
1679313425024,1679313425075
1679313425087,1679313425146
1679313425176,1679313425181
1679313425200,1679313425221
1679313425257,1679313425287
1679313425212,1679313425312
1679313425046,1679313425352
1679313425328,1679313425354
1679313425342,1679313425368
1679313425191,1679313425446
1679313425459,1679313425470
1679313425473,1679313425517
1679313425302,1679313425529
1679313425497,1679313425561
1679313425532,1679313425584
1679313425564,1679313425587
1679313425542,1679313425625
1679313425561,1679313425634
1679313425614,1679313425661
1679313425640,1679313425668
1679313425665,1679313425737
1679313425816,1679313425854
1679313425845,1679313425878
1679313425825,1679313425900
1679313425835,1679313425926
1679313425835,1679313425933
1679313425857,1679313425960
1679313425952,1679313425966
1679313426019,1679313426051
1679313426105,1679313426134
1679313426172,1679313426207
1679313426222,1679313426243
1679313426259,1679313426289
1679313426319,1679313426337
1679313426335,1679313426347
1679313426372,1679313426376
1679313426169,1679313426393
1679313426355,1679313426426
1679313426480,1679313426516
1679313426300,1679313426583
1679313426429,1679313426585
1679313426581,1679313426590
1679313426366,1679313426591
1679313426572,1679313426619
1679313426558,1679313426696
1679313426646,1679313426699
1679313426615,1679313426736
1679313426745,1679313426759
1679313426807,1679313426823
1679313426652,1679313426824
1679313426556,1679313426881
1679313426668,1679313426921
1679313426761,1679313426924
1679313426813,1679313427006
1679313426906,1679313427019
1679313426895,1679313427085
1679313426694,1679313427100
1679313426792,1679313427200
1679313427105,1679313427233
1679313426651,1679313427258
1679313427228,1679313427280
1679313427118,1679313427299
1679313427253,1679313427301
1679313427238,1679313427346
1679313427235,1679313427392
1679313427132,1679313427418
1679313427418,1679313427476
1679313427505,1679313427524
1679313427331,1679313427556
1679313427098,1679313427567
1679313427406,1679313427583
1679313427234,1679313427632
1679313427618,1679313427662
1679313427625,1679313427679
1679313427548,1679313427691
1679313427606,1679313427700
1679313427667,1679313427720
1679313427336,1679313427730
1679313427256,1679313427761
1679313427758,1679313427797
1679313427755,1679313427826
1679313427276,1679313427834
1679313427666,1679313427839
1679313427843,1679313427881
1679313427348,1679313427922
1679313427927,1679313427964
1679313427847,1679313427989
1679313427908,1679313427991
1679313427906,1679313427995
1679313427946,1679313428048
1679313427991,1679313428074
1679313427982,1679313428117
1679313428107,1679313428132
1679313428177,1679313428237
1679313428257,1679313428266
1679313428254,1679313428293
1679313427896,1679313428320
1679313428284,1679313428371
1679313427975,1679313428377
1679313427969,1679313428377
1679313428279,1679313428423
1679313428118,1679313428491
1679313428428,1679313428495
1679313428409,1679313428504
1679313428338,1679313428515
1679313428118,1679313428535
1679313428265,1679313428563
1679313428099,1679313428587
1679313428419,1679313428589
1679313428591,1679313428618
1679313428522,1679313428668
1679313428582,1679313428672
1679313428630,1679313428690
1679313428499,1679313428704
1679313428526,1679313428710
1679313428527,1679313428789
1679313428784,1679313428796
1679313428762,1679313428808
1679313428799,1679313428842
1679313428829,1679313428858
1679313428864,1679313428908
1679313428887,1679313428914
1679313428923,1679313428954
1679313428902,1679313429002
1679313428963,1679313429034
1679313429004,1679313429094
1679313429056,1679313429128
1679313428963,1679313429199
1679313429172,1679313429207
1679313429185,1679313429296
1679313429176,1679313429319
1679313429215,1679313429322
1679313429330,1679313429372
1679313429319,1679313429379
1679313429347,1679313429386
1679313429412,1679313429460
1679313429471,1679313429480
1679313429425,1679313429580
1679313429564,1679313429614
1679313429615,1679313429652
1679313429702,1679313429732
1679313429636,1679313429766
1679313429711,1679313429767
1679313429731,1679313429785
1679313429815,1679313429831
1679313429804,1679313429849
1679313429759,1679313429854
1679313429862,1679313429872
1679313429888,1679313429899
1679313429917,1679313429925
1679313429900,1679313429935
1679313430034,1679313430043
1679313430011,1679313430048
1679313430041,1679313430079
1679313430006,1679313430108
1679313430036,1679313430129
1679313430026,1679313430129
1679313430105,1679313430166
1679313430119,1679313430177
1679313430145,1679313430191
1679313430160,1679313430251
1679313430246,1679313430311
1679313430275,1679313430327
1679313430314,1679313430366
1679313430311,1679313430368
1679313430282,1679313430404
1679313430380,1679313430414
1679313430366,1679313430423
1679313430352,1679313430453
1679313430407,1679313430462
1679313430519,1679313430531
1679313430558,1679313430562
1679313430383,1679313430565
1679313430329,1679313430593
1679313430487,1679313430626
1679313430574,1679313430639
1679313430589,1679313430662
1679313430590,1679313430671
1679313430560,1679313430684
1679313430562,1679313430698
1679313430684,1679313430698
1679313430740,1679313430780
1679313430789,1679313430800
1679313430801,1679313430807
1679313430815,1679313430834
1679313430844,1679313430878
1679313430867,1679313430893
1679313430869,1679313430918
1679313430865,1679313430925
1679313430902,1679313430931
1679313430907,1679313431011
1679313430995,1679313431047
1679313431002,1679313431051
1679313431006,1679313431060
1679313431054,1679313431086
1679313431066,1679313431097
1679313431110,1679313431160
1679313431158,1679313431186
1679313431158,1679313431239
1679313431215,1679313431257
1679313431229,1679313431286
1679313431221,1679313431451
1679313431403,1679313431455
1679313431325,1679313431459
1679313431299,1679313431465
1679313431453,1679313431476
1679313431488,1679313431523
1679313431448,1679313431531
1679313431341,1679313431573
1679313431617,1679313431631
1679313431758,1679313431788
1679313431697,1679313431796
1679313431703,1679313431826
1679313431771,1679313431836
1679313431798,1679313431852
1679313431897,1679313431912
1679313431949,1679313431992
1679313432049,1679313432058
1679313432022,1679313432082
1679313432096,1679313432114
1679313432157,1679313432170
1679313432176,1679313432193
1679313432151,1679313432194
1679313432178,1679313432194
1679313432192,1679313432208
1679313432266,1679313432296
1679313432297,1679313432313
1679313432353,1679313432371
1679313432366,1679313432371
1679313432346,1679313432416
1679313432340,1679313432424
1679313432461,1679313432494
1679313432348,1679313432523
1679313432513,1679313432567
1679313432353,1679313432579
1679313432437,1679313432697
1679313432573,1679313432697
1679313432705,1679313432827
1679313432685,1679313432852
1679313432631,1679313432902
1679313432632,1679313432902
1679313432896,1679313432966
1679313432986,1679313433035
1679313432324,1679313433040
1679313433043,1679313433048
1679313432593,1679313433062
1679313432526,1679313433063
1679313432646,1679313433111
1679313432844,1679313433141
1679313432953,1679313433172
1679313432869,1679313433183
1679313432725,1679313433188
1679313432859,1679313433192
1679313433150,1679313433196
1679313433126,1679313433206
1679313433070,1679313433212
1679313433118,1679313433250
1679313432487,1679313433296
1679313433183,1679313433345
1679313433252,1679313433353
1679313433117,1679313433378
1679313433223,1679313433400
1679313433261,1679313433475
1679313432987,1679313433480
1679313433383,1679313433486
1679313432997,1679313433490
1679313433366,1679313433520
1679313433350,1679313433526
1679313432530,1679313433551
1679313433232,1679313433591
1679313433266,1679313433637
1679313433479,1679313433715
1679313433697,1679313433732
1679313433657,1679313433767
1679313433673,1679313433805
1679313433377,1679313433852
1679313433744,1679313433853
1679313433798,1679313433874
1679313433560,1679313433885
1679313433338,1679313433886
1679313433372,1679313433888
1679313433623,1679313433942
1679313433614,1679313433945
1679313433649,1679313433965
1679313433626,1679313434030
1679313433469,1679313434032
1679313433241,1679313434035
1679313434037,1679313434044
1679313433991,1679313434071
1679313434035,1679313434092
1679313433970,1679313434229
1679313434266,1679313434269
1679313434261,1679313434338
1679313434319,1679313434353
1679313434229,1679313434361
1679313434327,1679313434362
1679313434351,1679313434365
1679313434343,1679313434369
1679313434377,1679313434400
1679313434378,1679313434423
1679313434259,1679313434439
1679313434278,1679313434444
1679313434284,1679313434476
1679313434422,1679313434513
1679313434505,1679313434520
1679313434302,1679313434542
1679313434392,1679313434578
1679313434492,1679313434608
1679313434674,1679313434719
1679313434735,1679313434789
1679313434770,1679313434831
1679313434837,1679313434852
1679313434723,1679313434860
1679313434753,1679313434864
1679313434826,1679313434870
1679313434906,1679313434915
1679313435058,1679313435065
1679313435097,1679313435110
1679313435109,1679313435125
1679313435257,1679313435298
1679313435371,1679313435390
1679313435396,1679313435408
1679313435343,1679313435421
1679313435423,1679313435450
1679313435409,1679313435463
1679313435495,1679313435531
1679313435540,1679313435546
1679313435669,1679313435677
1679313435667,1679313435701
1679313435606,1679313435712
1679313435689,1679313435742
1679313435714,1679313435766
1679313435773,1679313435790
1679313435823,1679313435869
1679313435853,1679313435897
1679313435905,1679313435928
1679313435867,1679313435955
1679313435886,1679313435963
1679313435944,1679313435972
1679313435994,1679313436005
1679313435993,1679313436016
1679313435981,1679313436028
1679313436039,1679313436046
1679313436085,1679313436162
1679313436129,1679313436180
1679313436216,1679313436239
1679313436223,1679313436250
1679313436134,1679313436265
1679313436196,1679313436268
1679313436235,1679313436327
1679313436327,1679313436334
1679313436318,1679313436358
1679313436349,1679313436369
1679313436404,1679313436412
1679313436401,1679313436416
1679313436438,1679313436461
1679313436536,1679313436579
1679313436366,1679313436580
1679313436565,1679313436603
1679313436727,1679313436737
1679313436677,1679313436787
1679313436809,1679313436828
1679313436742,1679313436907
1679313436886,1679313436943
1679313436941,1679313436965
1679313436742,1679313436984
1679313437028,1679313437054
1679313437067,1679313437086
1679313436912,1679313437101
1679313437144,1679313437190
1679313437142,1679313437204
1679313437149,1679313437219
1679313437130,1679313437225
1679313437240,1679313437253
1679313437280,1679313437293
1679313437365,1679313437372
1679313437341,1679313437404
1679313437455,1679313437471
1679313437472,1679313437475
1679313437453,1679313437519
1679313437543,1679313437550
1679313437455,1679313437574
1679313437460,1679313437592
1679313437558,1679313437623
1679313437678,1679313437695
1679313437706,1679313437725
1679313437722,1679313437765
1679313437664,1679313437771
1679313437816,1679313437845
1679313437859,1679313437883
1679313437537,1679313437910
1679313437882,1679313437995
1679313437960,1679313438007
1679313438088,1679313438113
1679313438074,1679313438114
1679313437954,1679313438127
1679313438126,1679313438143
1679313438178,1679313438195
1679313438187,1679313438214
1679313438154,1679313438215
1679313438190,1679313438230
1679313438082,1679313438240
1679313438228,1679313438277
1679313438191,1679313438327
1679313438178,1679313438327
1679313438352,1679313438372
1679313438382,1679313438394
1679313438232,1679313438423
1679313438465,1679313438485
1679313438520,1679313438540
1679313438425,1679313438555
1679313438479,1679313438556
1679313438489,1679313438569
1679313438460,1679313438594
1679313438511,1679313438606
1679313438492,1679313438649
1679313438652,1679313438677
1679313438657,1679313438684
1679313438486,1679313438697
1679313438592,1679313438713
1679313438485,1679313438716
1679313438539,1679313438725
1679313438617,1679313438730
1679313438671,1679313438853
1679313438499,1679313438885
1679313438788,1679313438944
1679313438503,1679313438963
1679313438755,1679313438965
1679313438913,1679313439019
1679313438705,1679313439050
1679313439025,1679313439062
1679313438506,1679313439074
1679313438929,1679313439078
1679313438955,1679313439121
1679313438559,1679313439142
1679313439096,1679313439155
1679313438847,1679313439162
1679313439010,1679313439187
1679313438994,1679313439200
1679313439025,1679313439251
1679313439187,1679313439264
1679313439175,1679313439270
1679313439172,1679313439284
1679313439093,1679313439289
1679313439289,1679313439297
1679313439092,1679313439304
1679313439308,1679313439319
1679313439299,1679313439327
1679313439382,1679313439397
1679313439389,1679313439426
1679313439425,1679313439487
1679313439503,1679313439590
1679313439623,1679313439659
1679313439659,1679313439666
1679313439567,1679313439674
1679313439490,1679313439699
1679313439712,1679313439745
1679313439732,1679313439751
1679313439766,1679313439774
1679313439757,1679313439813
1679313439845,1679313439860
1679313439842,1679313439864
1679313439927,1679313439937
1679313440041,1679313440051
1679313440062,1679313440066
1679313440010,1679313440103
1679313439985,1679313440167
1679313440117,1679313440181
1679313440096,1679313440201
1679313440179,1679313440202
1679313440222,1679313440255
1679313440163,1679313440275
1679313440038,1679313440295
1679313440252,1679313440304
1679313440302,1679313440311
1679313440305,1679313440319
1679313440213,1679313440321
1679313440384,1679313440417
1679313440347,1679313440508
1679313440407,1679313440516
1679313440497,1679313440578
1679313440559,1679313440582
1679313440502,1679313440602
1679313440539,1679313440604
1679313440571,1679313440606
1679313440613,1679313440626
1679313440621,1679313440630
1679313440628,1679313440636
1679313440636,1679313440657
1679313440638,1679313440672
1679313440629,1679313440744
1679313440760,1679313440772
1679313440772,1679313440783
1679313440645,1679313440806
1679313440743,1679313440810
1679313440631,1679313440845
1679313440849,1679313440872
1679313440622,1679313440889
1679313440890,1679313441056
1679313440907,1679313441068
1679313441145,1679313441152
1679313441149,1679313441155
1679313441149,1679313441182
1679313441180,1679313441194
1679313441198,1679313441224
1679313441261,1679313441313
1679313441304,1679313441371
1679313441273,1679313441385
1679313441219,1679313441419
1679313441397,1679313441461
1679313441460,1679313441465
1679313441176,1679313441474
1679313441517,1679313441547
1679313441569,1679313441598
1679313441609,1679313441637
1679313441644,1679313441663
1679313441687,1679313441691
1679313441665,1679313441692
1679313441659,1679313441712
1679313441717,1679313441750
1679313441665,1679313441770
1679313441717,1679313441776
1679313441785,1679313441821
1679313441743,1679313441832
1679313441907,1679313441932
1679313441952,1679313441986
1679313442034,1679313442072
1679313442000,1679313442075
1679313441961,1679313442096
1679313442085,1679313442124
1679313441974,1679313442127
1679313442026,1679313442138
1679313442076,1679313442180
1679313442113,1679313442215
1679313442203,1679313442220
1679313442252,1679313442280
1679313442304,1679313442315
1679313442283,1679313442388
1679313442313,1679313442407
1679313442413,1679313442470
1679313442525,1679313442548
1679313442500,1679313442605
1679313442631,1679313442637
1679313442440,1679313442641
1679313442693,1679313442715
1679313442709,1679313442716
1679313442750,1679313442782
1679313442734,1679313442839
1679313442723,1679313442860
1679313442791,1679313442886
1679313442876,1679313442904
1679313442925,1679313442938
1679313442876,1679313442977
1679313442903,1679313442984
1679313442965,1679313443009
1679313442991,1679313443056
1679313443011,1679313443106
1679313442949,1679313443123
1679313443047,1679313443175
1679313443180,1679313443197
1679313443166,1679313443204
1679313443096,1679313443237
1679313443220,1679313443242
1679313443238,1679313443245
1679313443221,1679313443287
1679313443067,1679313443292
1679313443208,1679313443335
1679313443329,1679313443342
1679313443284,1679313443426
1679313443389,1679313443429
1679313443373,1679313443453
1679313443338,1679313443501
1679313443456,1679313443516
1679313443250,1679313443522
1679313443524,1679313443543
1679313443559,1679313443596
1679313443587,1679313443609
1679313443552,1679313443634
1679313443672,1679313443682
1679313443754,1679313443764
1679313443750,1679313443775
1679313443775,1679313443795
1679313443777,1679313443828
1679313443841,1679313443913
1679313443788,1679313443914
1679313443919,1679313443926
1679313443864,1679313443936
1679313443904,1679313443976
1679313444016,1679313444021
1679313443959,1679313444084
1679313444005,1679313444092
1679313443834,1679313444111
1679313444099,1679313444172
1679313444171,1679313444195
1679313444189,1679313444253
1679313444273,1679313444294
1679313444299,1679313444320
1679313444376,1679313444390
1679313444374,1679313444411
1679313444354,1679313444457
1679313444366,1679313444494
1679313444445,1679313444529
1679313444555,1679313444585
1679313444447,1679313444588
1679313444351,1679313444639
1679313444534,1679313444641
1679313444502,1679313444655
1679313444670,1679313444691
1679313444670,1679313444704
1679313444712,1679313444723
1679313444536,1679313444756
1679313444699,1679313444784
1679313444761,1679313444804
1679313444692,1679313444807
1679313444756,1679313444823
1679313444754,1679313444846
1679313444687,1679313444882
1679313444584,1679313444891
1679313444748,1679313444898
1679313444833,1679313444910
1679313444745,1679313444916
1679313444761,1679313444952
1679313444959,1679313445033
1679313444951,1679313445048
1679313444768,1679313445132
1679313445027,1679313445139
1679313444991,1679313445140
1679313444693,1679313445167
1679313445035,1679313445176
1679313444989,1679313445183
1679313445163,1679313445189
1679313445188,1679313445214
1679313445227,1679313445254
1679313445174,1679313445255
1679313445292,1679313445333
1679313445385,1679313445412
1679313445374,1679313445433
1679313445455,1679313445463
1679313445455,1679313445481
1679313445460,1679313445494
1679313445493,1679313445531
1679313445487,1679313445536
1679313445517,1679313445569
1679313445596,1679313445848
1679313445699,1679313445866
1679313445617,1679313445937
1679313445814,1679313445944
1679313445943,1679313445985
1679313445585,1679313446055
1679313446018,1679313446075
1679313445615,1679313446083
1679313445593,1679313446117
1679313446095,1679313446137
1679313446040,1679313446155
1679313445723,1679313446162
1679313445990,1679313446168
1679313445763,1679313446185
1679313446143,1679313446202
1679313446046,1679313446223
1679313445955,1679313446230
1679313445587,1679313446253
1679313446110,1679313446283
1679313445869,1679313446300
1679313446286,1679313446337
1679313445788,1679313446411
1679313445794,1679313446415
1679313446150,1679313446423
1679313446214,1679313446431
1679313446329,1679313446451
1679313446280,1679313446503
1679313446345,1679313446569
1679313446447,1679313446595
1679313446617,1679313446659
1679313445792,1679313446661
1679313446446,1679313446685
1679313446474,1679313446689
1679313446530,1679313446711
1679313446742,1679313446776
1679313446691,1679313446795
1679313446560,1679313446868
1679313446865,1679313446873
1679313446881,1679313446902
1679313446856,1679313446908
1679313446888,1679313446940
1679313446302,1679313446952
1679313446913,1679313446996
1679313447046,1679313447057
1679313446973,1679313447076
1679313447062,1679313447096
1679313446930,1679313447108
1679313447160,1679313447169
1679313447130,1679313447186
1679313446901,1679313447212
1679313447073,1679313447216
1679313446781,1679313447248
1679313447135,1679313447334
1679313447003,1679313447353
1679313447212,1679313447381
1679313447324,1679313447440
1679313447362,1679313447457
1679313447260,1679313447460
1679313447451,1679313447475
1679313447477,1679313447504
1679313447107,1679313447561
1679313447427,1679313447578
1679313447556,1679313447580
1679313447538,1679313447589
1679313447618,1679313447631
1679313447515,1679313447636
1679313447642,1679313447651
1679313447607,1679313447659
1679313447314,1679313447685
1679313447694,1679313447754
1679313447749,1679313447797
1679313447774,1679313447815
1679313447813,1679313447819
1679313447790,1679313447825
1679313447818,1679313447837
1679313447690,1679313447843
1679313447831,1679313447957
1679313447899,1679313447983
1679313447971,1679313447997
1679313448002,1679313448014
1679313448040,1679313448048
1679313448043,1679313448063
1679313448001,1679313448063
1679313448049,1679313448098
1679313448055,1679313448127
1679313448133,1679313448225
1679313448162,1679313448225
1679313448144,1679313448277
1679313448258,1679313448279
1679313448306,1679313448316
1679313448337,1679313448349
1679313448349,1679313448393
1679313448361,1679313448395
1679313448441,1679313448456
1679313448490,1679313448500
1679313448599,1679313448613
1679313448482,1679313448642
1679313448613,1679313448657
1679313448662,1679313448866
1679313448691,1679313448867
1679313448718,1679313448892
1679313448758,1679313448938
1679313448828,1679313448947
1679313448662,1679313448977
1679313448803,1679313449017
1679313449033,1679313449046
1679313448819,1679313449053
1679313449084,1679313449112
1679313449018,1679313449129
1679313448932,1679313449140
1679313449071,1679313449156
1679313448930,1679313449160
1679313448980,1679313449160
1679313449170,1679313449205
1679313449139,1679313449221
1679313449230,1679313449236
1679313449023,1679313449263
1679313449036,1679313449270
1679313449261,1679313449288
1679313449282,1679313449388
1679313449316,1679313449425
1679313449133,1679313449434
1679313449477,1679313449484
1679313449338,1679313449554
1679313449340,1679313449565
1679313449481,1679313449584
1679313449245,1679313449665
1679313449360,1679313449695
1679313449124,1679313449695
1679313449321,1679313449729
1679313449669,1679313449745
1679313449707,1679313449749
1679313449292,1679313449799
1679313449529,1679313449812
1679313449574,1679313449814
1679313449155,1679313449858
1679313449155,1679313449876
1679313449877,1679313449883
1679313449925,1679313449952
1679313449932,1679313450022
1679313449957,1679313450023
1679313449452,1679313450042
1679313449873,1679313450045
1679313450049,1679313450059
1679313449582,1679313450062
1679313450038,1679313450087
1679313450056,1679313450105
1679313450134,1679313450190
1679313450255,1679313450262
1679313450270,1679313450294
1679313450281,1679313450322
1679313450334,1679313450355
1679313450352,1679313450380
1679313450362,1679313450474
1679313450318,1679313450481
1679313450463,1679313450487
1679313450437,1679313450511
1679313450368,1679313450511
1679313450517,1679313450547
1679313450495,1679313450555
1679313450389,1679313450559
1679313450501,1679313450628
1679313450695,1679313450705
1679313450601,1679313450710
1679313450708,1679313450767
1679313450734,1679313450774
1679313450807,1679313450857
1679313450830,1679313450897
1679313450923,1679313451012
1679313450907,1679313451023
1679313450989,1679313451066
1679313451089,1679313451099
1679313451020,1679313451111
1679313450927,1679313451165
1679313451029,1679313451269
1679313451294,1679313451305
1679313451264,1679313451316
1679313450787,1679313451316
1679313451061,1679313451350
1679313451320,1679313451399
1679313451190,1679313451454
1679313450977,1679313451483
1679313451471,1679313451497
1679313451334,1679313451535
1679313451457,1679313451540
1679313451562,1679313451572
1679313450964,1679313451576
1679313450895,1679313451626
1679313451433,1679313451632
1679313450980,1679313451678
1679313451658,1679313451697
1679313451021,1679313451757
1679313451771,1679313451779
1679313451593,1679313451838
1679313451724,1679313451856
1679313450917,1679313451876
1679313451690,1679313451901
1679313451792,1679313451905
1679313451433,1679313451915
1679313451794,1679313451950
1679313451882,1679313451974
1679313451962,1679313451975
1679313451974,1679313452005
1679313451916,1679313452014
1679313451853,1679313452040
1679313451918,1679313452067
1679313451999,1679313452134
1679313451954,1679313452177
1679313452081,1679313452235
1679313452033,1679313452262
1679313452224,1679313452263
1679313451750,1679313452296
1679313452254,1679313452310
1679313452266,1679313452318
1679313452239,1679313452333
1679313451980,1679313452433
1679313452284,1679313452450
1679313452156,1679313452467
1679313451944,1679313452557
1679313452140,1679313452572
1679313452472,1679313452624
1679313452631,1679313452700
1679313452602,1679313452726
1679313452624,1679313452771
1679313452524,1679313452794
1679313452486,1679313452818
1679313452470,1679313452822
1679313452386,1679313452853
1679313452667,1679313452887
1679313452801,1679313452890
1679313452781,1679313452909
1679313452807,1679313452915
1679313452641,1679313452925
1679313452923,1679313452932
1679313452708,1679313452952
1679313452697,1679313452969
1679313452899,1679313453002
1679313452465,1679313453025
1679313453037,1679313453052
1679313453091,1679313453131
1679313453096,1679313453133
1679313453077,1679313453173
1679313453183,1679313453215
1679313453219,1679313453236
1679313453238,1679313453260
1679313453181,1679313453279
1679313453236,1679313453283
1679313453295,1679313453303
1679313453368,1679313453388
1679313453383,1679313453390
1679313453509,1679313453547
1679313453476,1679313453588
1679313453548,1679313453596
1679313453562,1679313453612
1679313453597,1679313453628
1679313453612,1679313453700
1679313453693,1679313453745
1679313453746,1679313453764
1679313453666,1679313453780
1679313453681,1679313453852
1679313453837,1679313453862
1679313453714,1679313453876
1679313453875,1679313453921
1679313453870,1679313453942
1679313453871,1679313453959
1679313453870,1679313454068
1679313453976,1679313454086
1679313454037,1679313454164
1679313453976,1679313454167
1679313453940,1679313454189
1679313454240,1679313454269
1679313454081,1679313454283
1679313454185,1679313454295
1679313454310,1679313454388
1679313454393,1679313454421
1679313454350,1679313454433
1679313454342,1679313454443
1679313454432,1679313454446
1679313454436,1679313454465
1679313454474,1679313454505
1679313454517,1679313454559
1679313454561,1679313454583
1679313454520,1679313454583
1679313454561,1679313454601
1679313454657,1679313454704
1679313454721,1679313454727
1679313454675,1679313454777
1679313454730,1679313454805
1679313454763,1679313454844
1679313454761,1679313454869
1679313454899,1679313454927
1679313454901,1679313454995
1679313454946,1679313454999
1679313454989,1679313454999
1679313455002,1679313455031
1679313454804,1679313455068
1679313455083,1679313455099
1679313455083,1679313455113
1679313454910,1679313455142
1679313454989,1679313455147
1679313454692,1679313455160
1679313455093,1679313455173
1679313455002,1679313455188
1679313454968,1679313455219
1679313455166,1679313455223
1679313455128,1679313455234
1679313455174,1679313455248
1679313454985,1679313455275
1679313455197,1679313455285
1679313455247,1679313455359
1679313455254,1679313455370
1679313455265,1679313455390
1679313455007,1679313455394
1679313454807,1679313455415
1679313455081,1679313455467
1679313455476,1679313455544
1679313455422,1679313455558
1679313455539,1679313455624
1679313455628,1679313455648
1679313455544,1679313455672
1679313455714,1679313455822
1679313455675,1679313455830
1679313455731,1679313455849
1679313455684,1679313455879
1679313455749,1679313455913
1679313455674,1679313455928
1679313455517,1679313455946
1679313455775,1679313455955
1679313455883,1679313455975
1679313455953,1679313456007
1679313455650,1679313456020
1679313456031,1679313456048
1679313455965,1679313456059
1679313456014,1679313456093
1679313456141,1679313456158
1679313456295,1679313456302
1679313456329,1679313456332
1679313456252,1679313456362
1679313456424,1679313456450
1679313456422,1679313456483
1679313456363,1679313456539
1679313456425,1679313456565
1679313456517,1679313456583
1679313456432,1679313456650
1679313456464,1679313456671
1679313456610,1679313456687
1679313456616,1679313456726
1679313456729,1679313456737
1679313456531,1679313456752
1679313456692,1679313456766
1679313456495,1679313456785
1679313456510,1679313456808
1679313456781,1679313456872
1679313456912,1679313456932
1679313456907,1679313456965
1679313456941,1679313456980
1679313456951,1679313456986
1679313457026,1679313457036
1679313456973,1679313457046
1679313457049,1679313457055
1679313457142,1679313457155
1679313457026,1679313457176
1679313457075,1679313457209
1679313457070,1679313457211
1679313457058,1679313457224
1679313457222,1679313457269
1679313457250,1679313457279
1679313457304,1679313457330
1679313457330,1679313457343
1679313457341,1679313457396
1679313457376,1679313457447
1679313457388,1679313457460
1679313457453,1679313457467
1679313457055,1679313457482
1679313457318,1679313457492
1679313457480,1679313457580
1679313457513,1679313457584
1679313457584,1679313457589
1679313457495,1679313457637
1679313457584,1679313457668
1679313457575,1679313457674
1679313457614,1679313457692
1679313457668,1679313457721
1679313457727,1679313457739
1679313457765,1679313457788
1679313457823,1679313457836
1679313457833,1679313457844
1679313457832,1679313457873
1679313457875,1679313457894
1679313457915,1679313457925
1679313458017,1679313458075
1679313458067,1679313458078
1679313457999,1679313458102
1679313458031,1679313458109
1679313458090,1679313458114
1679313458080,1679313458147
1679313458092,1679313458186
1679313458083,1679313458190
1679313458100,1679313458191
1679313458105,1679313458211
1679313457997,1679313458217
1679313458203,1679313458254
1679313457991,1679313458297
1679313458117,1679313458312
1679313458078,1679313458341
1679313458222,1679313458355
1679313458331,1679313458356
1679313458254,1679313458376
1679313458377,1679313458399
1679313458328,1679313458404
1679313458482,1679313458495
1679313458442,1679313458531
1679313458519,1679313458564
1679313458621,1679313458642
1679313458622,1679313458673
1679313458575,1679313458687
1679313458707,1679313458714
1679313458684,1679313458715
1679313458721,1679313458789
1679313458797,1679313458832
1679313458930,1679313458946
1679313458955,1679313458990
1679313458981,1679313459030
1679313458988,1679313459069
1679313459066,1679313459070
1679313459027,1679313459079
1679313459047,1679313459126
1679313459057,1679313459137
1679313458984,1679313459165
1679313459153,1679313459178
1679313459027,1679313459179
1679313459100,1679313459221
1679313459174,1679313459234
1679313459183,1679313459252
1679313459202,1679313459290
1679313459276,1679313459314
1679313459290,1679313459378
1679313459416,1679313459436
1679313459455,1679313459489
1679313459419,1679313459515
1679313459473,1679313459550
1679313459536,1679313459586
1679313459563,1679313459622
1679313459599,1679313459701
1679313459634,1679313459721
1679313459562,1679313459780
1679313459775,1679313459800
1679313459695,1679313459807
1679313459531,1679313459844
1679313459670,1679313459863
1679313459841,1679313459874
1679313459701,1679313459882
1679313459861,1679313459883
1679313459917,1679313459922
1679313459785,1679313459938
1679313460012,1679313460128
1679313460132,1679313460164
1679313460158,1679313460185
1679313460172,1679313460186
1679313460176,1679313460194
1679313460168,1679313460196
1679313460182,1679313460202
1679313460160,1679313460220
1679313460102,1679313460235
1679313460231,1679313460256
1679313460123,1679313460313
1679313460176,1679313460349
1679313460168,1679313460356
1679313460316,1679313460372
1679313460141,1679313460393
1679313460151,1679313460430
1679313460463,1679313460475
1679313460535,1679313460541
1679313460556,1679313460560
1679313460560,1679313460594
1679313460555,1679313460594
1679313460595,1679313460602
1679313460572,1679313460687
1679313460681,1679313460708
1679313460733,1679313460747
1679313460767,1679313460789
1679313460771,1679313460854
1679313460849,1679313460897
1679313460874,1679313460901
1679313460784,1679313460948
1679313460941,1679313461012
1679313461031,1679313461035
1679313460955,1679313461036
1679313460858,1679313461135
1679313461132,1679313461154
1679313460959,1679313461194
1679313461046,1679313461288
1679313461181,1679313461306
1679313461176,1679313461315
1679313460969,1679313461318
1679313460976,1679313461323
1679313461296,1679313461381
1679313461363,1679313461387
1679313461114,1679313461389
1679313461387,1679313461409
1679313461382,1679313461420
1679313461350,1679313461429
1679313461071,1679313461433
1679313461330,1679313461448
1679313461394,1679313461465
1679313461461,1679313461490
1679313461489,1679313461498
1679313461483,1679313461522
1679313461484,1679313461529
1679313461552,1679313461608
1679313461662,1679313461672
1679313461532,1679313461717
1679313461702,1679313461722
1679313461698,1679313461743
1679313461747,1679313461763
1679313461796,1679313461802
1679313461826,1679313461862
1679313461882,1679313461892
1679313461907,1679313461924
1679313461893,1679313461959
1679313461942,1679313461975
1679313461985,1679313462029
1679313462076,1679313462093
1679313462087,1679313462100
1679313462011,1679313462109
1679313461955,1679313462126
1679313462087,1679313462166
1679313462068,1679313462173
1679313461993,1679313462187
1679313462002,1679313462189
1679313462203,1679313462210
1679313462206,1679313462213
1679313462246,1679313462269
1679313462189,1679313462343
1679313462340,1679313462402
1679313462349,1679313462421
1679313462251,1679313462462
1679313462410,1679313462466
1679313462418,1679313462492
1679313462506,1679313462518
1679313462418,1679313462544
1679313462508,1679313462570
1679313462689,1679313462707
1679313462737,1679313462769
1679313462794,1679313462820
1679313462829,1679313462857
1679313462859,1679313462874
1679313462850,1679313462877
1679313462930,1679313462935
1679313463023,1679313463060
1679313463147,1679313463164
1679313463167,1679313463184
1679313463121,1679313463201
1679313463198,1679313463235
1679313463167,1679313463237
1679313463107,1679313463276
1679313463235,1679313463280
1679313463213,1679313463300
1679313463308,1679313463339
1679313463295,1679313463348
1679313463315,1679313463360
1679313463405,1679313463413
1679313463310,1679313463423
1679313463284,1679313463424
1679313463305,1679313463437
1679313463316,1679313463456
1679313463450,1679313463499
1679313463509,1679313463540
1679313463549,1679313463553
1679313463555,1679313463574
1679313463562,1679313463588
1679313463493,1679313463593
1679313463710,1679313463761
1679313463660,1679313463766
1679313463778,1679313463795
1679313463785,1679313463805
1679313463774,1679313463837
1679313463791,1679313463869
1679313463731,1679313463875
1679313463625,1679313463884
1679313463582,1679313463930
1679313463876,1679313463933
1679313463723,1679313463952
1679313463951,1679313463970
1679313463883,1679313464009
1679313463792,1679313464013
1679313464099,1679313464105
1679313464056,1679313464106
1679313464049,1679313464126
1679313464030,1679313464140
1679313464147,1679313464162
1679313464141,1679313464238
1679313464099,1679313464243
1679313464274,1679313464280
1679313464179,1679313464287
1679313464294,1679313464313
1679313464335,1679313464348
1679313464252,1679313464382
1679313464366,1679313464427
1679313464335,1679313464436
1679313464447,1679313464509
1679313464499,1679313464548
1679313464502,1679313464554
1679313464542,1679313464577
1679313464620,1679313464662
1679313464571,1679313464674
1679313464598,1679313464688
1679313464626,1679313464721
1679313464655,1679313464732
1679313464690,1679313464776
1679313464413,1679313464804
1679313464512,1679313464832
1679313464727,1679313464834
1679313464712,1679313464847
1679313464530,1679313464880
1679313464884,1679313464900
1679313464898,1679313464921
1679313464823,1679313465000
1679313465014,1679313465029
1679313465021,1679313465070
1679313465020,1679313465073
1679313465014,1679313465101
1679313465116,1679313465160
1679313465179,1679313465208
1679313465189,1679313465224
1679313465219,1679313465233
1679313465213,1679313465266
1679313465225,1679313465267
1679313465193,1679313465285
1679313465298,1679313465325
1679313465306,1679313465354
1679313465263,1679313465366
1679313465355,1679313465402
1679313465410,1679313465436
1679313465369,1679313465479
1679313465447,1679313465500
1679313465401,1679313465505
1679313465420,1679313465527
1679313465428,1679313465571
1679313465418,1679313465571
1679313465444,1679313465610
1679313465428,1679313465613
1679313465415,1679313465618
1679313465568,1679313465629
1679313465588,1679313465643
1679313465600,1679313465661
1679313465517,1679313465715
1679313465551,1679313465739
1679313465424,1679313465763
1679313465599,1679313465774
1679313465429,1679313465802
1679313465715,1679313465874
1679313465772,1679313465916
1679313465841,1679313465922
1679313465827,1679313465940
1679313465909,1679313465953
1679313465869,1679313465972
1679313465749,1679313465987
1679313465697,1679313466017
1679313465874,1679313466030
1679313465839,1679313466057
1679313465821,1679313466084
1679313466050,1679313466102
1679313466101,1679313466127
1679313465736,1679313466131
1679313466224,1679313466250
1679313466215,1679313466276
1679313466185,1679313466306
1679313466171,1679313466312
1679313466006,1679313466324
1679313466401,1679313466413
1679313466410,1679313466473
1679313466382,1679313466487
1679313466386,1679313466509
1679313466399,1679313466523
1679313466471,1679313466532
1679313466405,1679313466549
1679313466559,1679313466610
1679313466541,1679313466646
1679313466695,1679313466780
1679313466792,1679313466807
1679313466792,1679313466831
1679313466808,1679313466833
1679313467043,1679313467119
1679313467106,1679313467131
1679313467128,1679313467184
1679313467155,1679313467201
1679313467196,1679313467203
1679313467164,1679313467204
1679313467023,1679313467211
1679313467233,1679313467271
1679313467317,1679313467332
1679313467297,1679313467341
1679313467290,1679313467374
1679313467350,1679313467380
1679313467346,1679313467412
1679313467493,1679313467525
1679313467267,1679313467637
1679313467559,1679313467644
1679313467564,1679313467646
1679313467445,1679313467648
1679313467428,1679313467654
1679313467556,1679313467668
1679313467650,1679313467686
1679313467543,1679313467710
1679313467670,1679313467724
1679313467567,1679313467733
1679313467658,1679313467774
1679313467798,1679313467806
1679313467876,1679313467931
1679313467704,1679313467939
1679313467914,1679313468038
1679313467921,1679313468066
1679313467552,1679313468097
1679313467854,1679313468110
1679313467914,1679313468170
1679313468067,1679313468187
1679313468109,1679313468192
1679313467783,1679313468194
1679313468154,1679313468202
1679313468055,1679313468208
1679313467787,1679313468218
1679313467999,1679313468229
1679313467838,1679313468242
1679313467850,1679313468259
1679313467540,1679313468265
1679313468218,1679313468269
1679313468237,1679313468329
1679313468335,1679313468338
1679313468231,1679313468376
1679313467957,1679313468388
1679313468292,1679313468417
1679313467743,1679313468420
1679313468377,1679313468475
1679313467880,1679313468491
1679313468325,1679313468528
1679313468541,1679313468558
1679313468300,1679313468565
1679313468571,1679313468580
1679313468424,1679313468646
1679313468626,1679313468683
1679313468777,1679313468789
1679313467829,1679313468805
1679313468827,1679313468832
1679313468326,1679313468892
1679313468637,1679313468918
1679313468796,1679313468937
1679313468679,1679313468939
1679313468886,1679313468951
1679313469071,1679313469119
1679313468967,1679313469144
1679313469130,1679313469150
1679313469161,1679313469205
1679313469119,1679313469222
1679313469015,1679313469230
1679313469086,1679313469238
1679313469148,1679313469259
1679313469186,1679313469309
1679313469105,1679313469321
1679313469359,1679313469387
1679313469317,1679313469466
1679313469366,1679313469528
1679313469326,1679313469537
1679313468521,1679313469540
1679313469529,1679313469542
1679313468930,1679313469569
1679313469537,1679313469594
1679313469597,1679313469676
1679313469597,1679313469720
1679313469723,1679313469737
1679313468869,1679313469740
1679313469345,1679313469775
1679313469870,1679313469900
1679313469749,1679313469958
1679313469935,1679313469995
1679313469136,1679313470028
1679313469590,1679313470032
1679313469878,1679313470165
1679313469755,1679313470166
1679313470109,1679313470174
1679313469485,1679313470198
1679313470153,1679313470223
1679313469397,1679313470310
1679313470197,1679313470349
1679313469749,1679313470459
1679313469902,1679313470477
1679313470106,1679313470491
1679313469712,1679313470511
1679313470366,1679313470576
1679313470288,1679313470583
1679313470616,1679313470629
1679313470594,1679313470652
1679313470425,1679313470678
1679313470280,1679313470708
1679313470221,1679313470785
1679313470323,1679313470803
1679313470709,1679313470883
1679313470690,1679313470918
1679313470775,1679313470922
1679313470475,1679313470983
1679313470877,1679313471031
1679313470071,1679313471045
1679313471048,1679313471095
1679313470797,1679313471139
1679313469693,1679313471154
1679313470016,1679313471183
1679313470561,1679313471197
1679313470724,1679313471255
1679313471287,1679313471319
1679313471096,1679313471323
1679313471177,1679313471344
1679313471242,1679313471376
1679313471323,1679313471416
1679313470732,1679313471431
1679313471302,1679313471460
1679313471406,1679313471526
1679313471427,1679313471531
1679313471541,1679313471561
1679313471327,1679313471562
1679313471538,1679313471590
1679313471514,1679313471631
1679313471392,1679313471651
1679313471281,1679313471656
1679313471595,1679313471657
1679313471644,1679313471660
1679313471114,1679313471686
1679313471658,1679313471758
1679313471739,1679313471766
1679313471764,1679313471767
1679313471767,1679313471796
1679313471672,1679313471833
1679313471651,1679313471890
1679313471779,1679313471900
1679313471856,1679313471921
1679313471863,1679313471958
1679313471925,1679313471966
1679313471962,1679313472004
1679313472009,1679313472070
1679313472048,1679313472083
1679313472069,1679313472115
1679313472127,1679313472135
1679313472127,1679313472148
1679313472079,1679313472172
1679313472207,1679313472225
1679313472198,1679313472278
1679313472316,1679313472345
1679313472296,1679313472355
1679313472347,1679313472364
1679313472275,1679313472406
1679313472421,1679313472435
1679313472444,1679313472485
1679313472452,1679313472500
1679313472439,1679313472549
1679313472560,1679313472606
1679313472446,1679313472673
1679313472673,1679313472728
1679313472667,1679313472749
1679313472693,1679313472776
1679313472716,1679313472786
1679313472753,1679313472796
1679313472824,1679313472828
1679313472839,1679313472851
1679313472827,1679313472859
1679313472866,1679313472890
1679313472811,1679313472893
1679313472909,1679313472925
1679313472887,1679313472986
1679313473044,1679313473056
1679313473099,1679313473136
1679313473003,1679313473141
1679313473080,1679313473142
1679313472981,1679313473153
1679313473101,1679313473210
1679313473186,1679313473229
1679313473130,1679313473261
1679313473251,1679313473270
1679313473325,1679313473330
1679313473325,1679313473357
1679313473408,1679313473584
1679313473547,1679313473614
1679313473613,1679313473649
1679313473725,1679313473736
1679313473712,1679313473743
1679313473744,1679313473799
1679313473685,1679313473800
1679313473812,1679313473831
1679313473712,1679313473849
1679313473825,1679313473908
1679313473801,1679313473916
1679313473711,1679313473917
1679313473936,1679313473950
1679313474017,1679313474031
1679313473898,1679313474043
1679313474035,1679313474065
1679313474043,1679313474074
1679313473715,1679313474097
1679313474087,1679313474104
1679313473813,1679313474156
1679313473614,1679313474171
1679313474039,1679313474199
1679313474228,1679313474232
1679313474223,1679313474264
1679313474281,1679313474313
1679313474232,1679313474322
1679313474271,1679313474342
1679313474343,1679313474350
1679313474316,1679313474403
1679313474477,1679313474489
1679313474244,1679313474494
1679313474435,1679313474495
1679313474446,1679313474495
1679313474410,1679313474543
1679313474481,1679313474547
1679313474488,1679313474553
1679313474566,1679313474606
1679313474573,1679313474613
1679313474579,1679313474635
1679313474603,1679313474650
1679313474649,1679313474667
1679313474485,1679313474667
1679313474662,1679313474724
1679313474592,1679313474736
1679313474743,1679313474772
1679313474656,1679313474841
1679313474850,1679313474887
1679313474714,1679313474917
1679313474881,1679313474957
1679313474955,1679313475041
1679313475054,1679313475093
1679313475099,1679313475114
1679313475181,1679313475200
1679313475274,1679313475313
1679313475319,1679313475333
1679313475353,1679313475449
1679313475421,1679313475453
1679313475391,1679313475457
1679313475467,1679313475486
1679313475353,1679313475538
1679313475525,1679313475652
1679313475591,1679313475660
1679313475674,1679313475679
1679313475625,1679313475689
1679313475541,1679313475718
1679313475551,1679313475772
1679313475639,1679313475781
1679313475327,1679313475787
1679313475678,1679313475801
1679313475429,1679313475863
1679313475595,1679313475876
1679313475376,1679313475876
1679313475651,1679313475884
1679313475777,1679313475903
1679313475797,1679313475914
1679313475860,1679313475927
1679313475829,1679313475966
1679313475977,1679313475992
1679313475814,1679313476015
1679313476028,1679313476050
1679313475945,1679313476063
1679313475651,1679313476097
1679313476011,1679313476098
1679313475996,1679313476134
1679313476147,1679313476200
1679313476198,1679313476213
1679313476190,1679313476233
1679313476184,1679313476275
1679313476297,1679313476315
1679313476268,1679313476383
1679313476263,1679313476402
1679313476397,1679313476466
1679313476262,1679313476477
1679313476477,1679313476497
1679313476440,1679313476547
1679313476550,1679313476554
1679313476539,1679313476556
1679313476598,1679313476612
1679313476551,1679313476647
1679313476718,1679313476724
1679313476710,1679313476751
1679313476733,1679313476760
1679313476765,1679313476779
1679313476695,1679313476779
1679313476798,1679313476825
1679313476774,1679313476848
1679313476824,1679313476896
1679313476851,1679313476910
1679313476929,1679313476963
1679313476909,1679313476998
1679313476981,1679313477008
1679313477129,1679313477158
1679313477219,1679313477225
1679313477249,1679313477313
1679313477173,1679313477318
1679313477184,1679313477356
1679313477350,1679313477376
1679313477219,1679313477388
1679313477349,1679313477425
1679313477521,1679313477545
1679313477543,1679313477606
1679313477557,1679313477610
1679313477547,1679313477629
1679313477584,1679313477633
1679313477641,1679313477715
1679313477681,1679313477763
1679313477784,1679313477788
1679313477722,1679313477791
1679313477784,1679313477801
1679313477817,1679313477822
1679313477798,1679313477827
1679313477798,1679313477851
1679313477900,1679313477918
1679313477951,1679313477972
1679313477911,1679313477982
1679313478004,1679313478028
1679313478022,1679313478036
1679313478058,1679313478107
1679313478116,1679313478126
1679313478126,1679313478137
1679313478147,1679313478162
1679313478168,1679313478177
1679313478047,1679313478209
1679313478249,1679313478264
1679313478275,1679313478292
1679313478253,1679313478316
1679313478336,1679313478378
1679313478243,1679313478414
1679313478413,1679313478451
1679313478398,1679313478478
1679313478480,1679313478487
1679313478466,1679313478522
1679313478259,1679313478556
1679313478512,1679313478559
1679313478427,1679313478573
1679313478270,1679313478590
1679313478568,1679313478624
1679313478637,1679313478667
1679313478621,1679313478714
1679313478604,1679313478756
1679313478670,1679313478782
1679313478677,1679313478786
1679313478752,1679313478804
1679313478809,1679313478815
1679313478854,1679313478888
1679313478898,1679313478920
1679313478956,1679313478970
1679313478892,1679313478972
1679313478892,1679313478990
1679313479055,1679313479074
1679313479046,1679313479099
1679313479110,1679313479119
1679313479138,1679313479190
1679313479072,1679313479225
1679313479250,1679313479268
1679313479219,1679313479279
1679313479297,1679313479303
1679313479310,1679313479317
1679313479383,1679313479413
1679313479395,1679313479427
1679313479319,1679313479427
1679313479329,1679313479475
1679313479396,1679313479480
1679313479509,1679313479535
1679313479465,1679313479536
1679313479487,1679313479549
1679313479509,1679313479588
1679313479616,1679313479625
1679313479549,1679313479668
1679313479670,1679313479683
1679313479649,1679313479687
1679313479768,1679313479801
1679313479829,1679313479833
1679313479855,1679313479883
1679313479891,1679313479934
1679313479913,1679313479944
1679313479936,1679313479951
1679313479891,1679313479977
1679313479964,1679313480045
1679313479883,1679313480087
1679313479839,1679313480124
1679313480091,1679313480137
1679313479985,1679313480211
1679313480133,1679313480275
1679313480278,1679313480298
1679313480255,1679313480313
1679313480332,1679313480401
1679313480214,1679313480406
1679313480123,1679313480410
1679313480395,1679313480410
1679313480408,1679313480426
1679313480136,1679313480480
1679313480486,1679313480494
1679313480440,1679313480504
1679313480252,1679313480536
1679313480489,1679313480558
1679313480609,1679313480637
1679313480433,1679313480821
1679313480626,1679313480837
1679313480667,1679313480851
1679313480625,1679313480859
1679313480776,1679313480917
1679313480744,1679313480951
1679313480911,1679313480964
1679313479904,1679313480975
1679313480607,1679313481027
1679313480713,1679313481089
1679313480414,1679313481173
1679313480463,1679313481178
1679313480461,1679313481195
1679313481134,1679313481215
1679313480932,1679313481238
1679313481240,1679313481250
1679313481215,1679313481261
1679313481143,1679313481323
1679313480795,1679313481334
1679313481280,1679313481340
1679313480814,1679313481344
1679313481084,1679313481356
1679313480975,1679313481359
1679313481323,1679313481373
1679313481384,1679313481407
1679313481226,1679313481428
1679313481427,1679313481452
1679313481243,1679313481457
1679313481254,1679313481463
1679313481467,1679313481479
1679313481471,1679313481539
1679313481549,1679313481580
1679313481574,1679313481631
1679313481584,1679313481637
1679313481693,1679313481723
1679313481699,1679313481742
1679313481740,1679313481753
1679313481803,1679313481831
1679313481776,1679313481831
1679313481825,1679313481847
1679313481788,1679313481874
1679313481777,1679313481885
1679313481851,1679313481895
1679313481925,1679313481951
1679313481925,1679313481959
1679313481888,1679313481960
1679313481830,1679313481975
1679313481836,1679313481980
1679313481980,1679313481996
1679313481928,1679313482013
1679313481958,1679313482024
1679313481937,1679313482025
1679313482094,1679313482162
1679313482072,1679313482199
1679313482024,1679313482215
1679313481941,1679313482233
1679313482160,1679313482240
1679313482232,1679313482250
1679313481795,1679313482272
1679313482274,1679313482278
1679313482242,1679313482284
1679313482314,1679313482319
1679313482204,1679313482326
1679313481982,1679313482341
1679313482367,1679313482370
1679313482387,1679313482402
1679313482352,1679313482408
1679313482473,1679313482486
1679313482473,1679313482502
1679313482515,1679313482519
1679313482506,1679313482633
1679313482685,1679313482701
1679313482535,1679313482723
1679313482645,1679313482746
1679313482704,1679313482764
1679313482691,1679313482776
1679313482497,1679313482804
1679313482795,1679313482822
1679313482833,1679313482848
1679313482855,1679313482908
1679313482879,1679313482908
1679313482897,1679313482975
1679313482917,1679313483018
1679313483046,1679313483068
1679313483063,1679313483086
1679313483144,1679313483155
1679313483142,1679313483157
1679313483106,1679313483171
1679313483183,1679313483251
1679313483145,1679313483260
1679313483339,1679313483365
1679313483209,1679313483396
1679313483365,1679313483427
1679313483295,1679313483433
1679313483208,1679313483444
1679313483378,1679313483457
1679313483164,1679313483475
1679313483302,1679313483525
1679313483472,1679313483533
1679313483222,1679313483550
1679313483472,1679313483593
1679313483567,1679313483695
1679313483561,1679313483700
1679313483675,1679313483721
1679313483605,1679313483766
1679313483785,1679313483807
1679313483805,1679313483823
1679313483627,1679313483838
1679313483662,1679313483881
1679313483871,1679313483989
1679313483548,1679313483991
1679313484069,1679313484079
1679313484129,1679313484145
1679313484018,1679313484149
1679313483968,1679313484159
1679313484049,1679313484191
1679313484007,1679313484221
1679313484136,1679313484252
1679313484039,1679313484257
1679313484259,1679313484265
1679313484303,1679313484309
1679313484083,1679313484346
1679313484354,1679313484435
1679313484443,1679313484453
1679313484363,1679313484476
1679313484435,1679313484482
1679313484419,1679313484486
1679313484359,1679313484489
1679313484511,1679313484529
1679313484554,1679313484571
1679313484554,1679313484707
1679313484735,1679313484756
1679313484735,1679313484777
1679313484659,1679313484798
1679313484700,1679313484835
1679313484785,1679313484839
1679313484862,1679313484873
1679313484851,1679313484880
1679313484878,1679313484918
1679313484894,1679313484921
1679313484879,1679313484921
1679313485001,1679313485015
1679313485020,1679313485033
1679313485047,1679313485104
1679313485130,1679313485173
1679313485123,1679313485185
1679313485242,1679313485258
1679313485308,1679313485314
1679313485235,1679313485317
1679313485174,1679313485350
1679313485357,1679313485368
1679313485377,1679313485390
1679313485383,1679313485394
1679313485404,1679313485415
1679313485306,1679313485452
1679313485461,1679313485473
1679313485474,1679313485497
1679313485485,1679313485532
1679313485520,1679313485594
1679313485603,1679313485646
1679313485457,1679313485650
1679313485693,1679313485699
1679313485603,1679313485713
1679313485526,1679313485749
1679313485756,1679313485798
1679313485659,1679313485813
1679313485706,1679313485824
1679313485838,1679313485893
1679313485850,1679313485908
1679313485854,1679313485917
1679313485886,1679313485977
1679313485648,1679313485991
1679313485890,1679313486027
1679313485561,1679313486035
1679313486056,1679313486078
1679313486078,1679313486132
1679313486140,1679313486144
1679313486093,1679313486146
1679313485519,1679313486225
1679313486115,1679313486230
1679313486159,1679313486238
1679313485907,1679313486252
1679313485911,1679313486298
1679313485922,1679313486329
1679313485962,1679313486333
1679313486298,1679313486385
1679313486269,1679313486416
1679313486039,1679313486430
1679313486442,1679313486454
1679313486238,1679313486508
1679313486179,1679313486548
1679313486413,1679313486588
1679313486432,1679313486606
1679313486335,1679313486638
1679313486035,1679313486638
1679313486694,1679313486718
1679313486735,1679313486758
1679313486711,1679313486826
1679313486451,1679313486860
1679313486849,1679313486900
1679313486219,1679313486952
1679313487001,1679313487013
1679313486317,1679313487046
1679313486848,1679313487090
1679313487063,1679313487090
1679313487109,1679313487137
1679313486985,1679313487148
1679313487026,1679313487152
1679313486961,1679313487155
1679313487026,1679313487203
1679313487028,1679313487228
1679313487238,1679313487292
1679313486772,1679313487292
1679313486676,1679313487313
1679313487283,1679313487333
1679313487037,1679313487382
1679313487377,1679313487407
1679313486942,1679313487487
1679313487501,1679313487506
1679313487423,1679313487506
1679313487418,1679313487539
1679313487552,1679313487568
1679313487597,1679313487602
1679313487598,1679313487631
1679313487617,1679313487631
1679313487594,1679313487676
1679313487664,1679313487686
1679313487674,1679313487697
1679313487679,1679313487732
1679313487755,1679313487805
1679313487765,1679313487904
1679313487858,1679313487911
1679313487917,1679313488007
1679313487911,1679313488031
1679313488029,1679313488034
1679313487877,1679313488075
1679313488047,1679313488123
1679313487971,1679313488140
1679313488112,1679313488145
1679313488088,1679313488178
1679313488087,1679313488184
1679313487820,1679313488191
1679313488094,1679313488215
1679313488015,1679313488247
1679313488130,1679313488291
1679313488075,1679313488303
1679313488166,1679313488305
1679313488179,1679313488338
1679313488203,1679313488383
1679313488363,1679313488384
1679313488306,1679313488411
1679313488375,1679313488454
1679313488407,1679313488454
1679313488220,1679313488549
1679313488546,1679313488550
1679313488512,1679313488553
1679313488166,1679313488596
1679313488625,1679313488650
1679313488689,1679313488731
1679313488694,1679313488752
1679313488699,1679313488760
1679313488710,1679313488791
1679313488583,1679313488801
1679313488806,1679313488859
1679313488828,1679313488867
1679313488859,1679313488892
1679313488914,1679313488981
1679313489077,1679313489087
1679313489100,1679313489145
1679313489118,1679313489159
1679313489081,1679313489183
1679313489143,1679313489223
1679313488966,1679313489261
1679313489229,1679313489268
1679313489125,1679313489282
1679313489318,1679313489323
1679313489095,1679313489327
1679313489175,1679313489347
1679313489281,1679313489390
1679313489196,1679313489455
1679313489379,1679313489481
1679313489247,1679313489508
1679313489302,1679313489513
1679313489113,1679313489576
1679313489491,1679313489598
1679313489629,1679313489660
1679313489506,1679313489711
1679313489650,1679313489723
1679313489707,1679313489735
1679313489707,1679313489765
1679313489753,1679313489767
1679313489750,1679313489778
1679313489802,1679313489860
1679313489906,1679313489923
1679313489932,1679313489948
1679313489832,1679313489979
1679313489960,1679313489992
1679313490010,1679313490048
1679313489906,1679313490108
1679313489978,1679313490126
1679313489967,1679313490146
1679313490114,1679313490171
1679313490216,1679313490231
1679313490289,1679313490295
1679313490247,1679313490341
1679313490190,1679313490368
1679313490358,1679313490378
1679313490266,1679313490387
1679313490241,1679313490393
1679313490335,1679313490421
1679313490241,1679313490431
1679313490459,1679313490491
1679313490483,1679313490504
1679313490513,1679313490525
1679313490499,1679313490538
1679313490498,1679313490577
1679313490595,1679313490599
1679313490594,1679313490624
1679313490544,1679313490727
1679313490730,1679313490762
1679313490635,1679313490779
1679313490765,1679313490787
1679313490756,1679313490807
1679313490746,1679313490828
1679313490844,1679313490852
1679313490831,1679313490918
1679313490890,1679313490935
1679313490890,1679313490938
1679313490894,1679313490939
1679313490816,1679313490942
1679313490833,1679313490965
1679313490890,1679313491003
1679313491000,1679313491055
1679313490735,1679313491060
1679313490647,1679313491096
1679313490631,1679313491107
1679313490793,1679313491134
1679313491121,1679313491222
1679313490998,1679313491233
1679313491187,1679313491244
1679313491197,1679313491265
1679313491062,1679313491312
1679313491254,1679313491338
1679313491187,1679313491361
1679313491195,1679313491370
1679313491280,1679313491426
1679313490775,1679313491435
1679313491270,1679313491448
1679313491252,1679313491453
1679313491489,1679313491508
1679313491027,1679313491515
1679313491207,1679313491542
1679313491472,1679313491568
1679313491504,1679313491600
1679313491590,1679313491601
1679313491203,1679313491614
1679313491506,1679313491614
1679313491118,1679313491617
1679313491019,1679313491617
1679313491578,1679313491628
1679313491319,1679313491659
1679313491504,1679313491690
1679313491690,1679313491787
1679313491815,1679313491861
1679313491894,1679313491906
1679313491894,1679313491983
1679313491981,1679313492011
1679313491896,1679313492044
1679313492036,1679313492070
1679313492014,1679313492075
1679313492079,1679313492095
1679313492101,1679313492159
1679313492214,1679313492251
1679313492132,1679313492258
1679313492111,1679313492291
1679313492225,1679313492303
1679313492183,1679313492467
1679313492275,1679313492566
1679313492577,1679313492587
1679313492513,1679313492641
1679313492304,1679313492701
1679313492299,1679313492716
1679313492497,1679313492755
1679313492594,1679313492768
1679313492618,1679313492779
1679313492205,1679313492786
1679313492770,1679313492804
1679313492369,1679313492829
1679313492755,1679313492841
1679313492494,1679313492849
1679313492675,1679313492864
1679313492530,1679313492880
1679313492868,1679313492883
1679313492843,1679313492883
1679313492870,1679313492889
1679313492371,1679313492918
1679313492908,1679313492936
1679313492935,1679313492941
1679313492953,1679313492961
1679313492952,1679313492974
1679313492977,1679313492998
1679313492985,1679313493060
1679313493079,1679313493089
1679313492991,1679313493096
1679313493075,1679313493103
1679313493066,1679313493152
1679313493100,1679313493155
1679313492935,1679313493192
1679313493178,1679313493239
1679313493121,1679313493245
1679313493226,1679313493382
1679313493269,1679313493386
1679313493268,1679313493389
1679313493401,1679313493411
1679313493123,1679313493429
1679313493389,1679313493535
1679313493417,1679313493570
1679313493467,1679313493582
1679313493421,1679313493615
1679313493377,1679313493635
1679313493276,1679313493641
1679313493264,1679313493665
1679313493160,1679313493666
1679313493593,1679313493678
1679313493286,1679313493730
1679313493701,1679313493771
1679313493343,1679313493776
1679313493731,1679313493776
1679313493750,1679313493786
1679313493790,1679313493817
1679313493844,1679313493866
1679313493882,1679313493905
1679313493887,1679313493908
1679313493918,1679313493940
1679313494014,1679313494056
1679313494055,1679313494068
1679313494082,1679313494133
1679313494115,1679313494172
1679313494206,1679313494210
1679313494156,1679313494218
1679313494246,1679313494260
1679313494263,1679313494295
1679313494283,1679313494313
1679313494289,1679313494328
1679313494347,1679313494403
1679313494337,1679313494426
1679313494413,1679313494432
1679313494377,1679313494468
1679313494418,1679313494494
1679313494563,1679313494580
1679313494513,1679313494606
1679313494578,1679313494678
1679313494666,1679313494701
1679313494726,1679313494739
1679313494678,1679313494741
1679313494659,1679313494767
1679313494722,1679313494810
1679313494747,1679313494821
1679313494726,1679313494846
1679313494663,1679313494861
1679313494778,1679313494932
1679313494970,1679313495000
1679313495065,1679313495118
1679313495146,1679313495160
1679313495066,1679313495216
1679313495177,1679313495253
1679313495194,1679313495278
1679313495291,1679313495296
1679313495253,1679313495313
1679313495242,1679313495340
1679313495342,1679313495361
1679313495396,1679313495404
1679313495314,1679313495410
1679313495392,1679313495426
1679313495408,1679313495427
1679313495355,1679313495473
1679313495242,1679313495474
1679313495255,1679313495475
1679313495461,1679313495514
1679313495548,1679313495589
1679313495563,1679313495615
1679313495621,1679313495668
1679313495476,1679313495690
1679313495694,1679313495712
1679313495437,1679313495762
1679313495657,1679313495764
1679313495451,1679313495790
1679313495528,1679313495846
1679313495627,1679313495861
1679313495521,1679313495864
1679313495299,1679313495897
1679313495523,1679313495900
1679313495743,1679313495920
1679313495353,1679313495947
1679313495933,1679313496039
1679313496011,1679313496057
1679313495779,1679313496140
1679313496016,1679313496147
1679313495405,1679313496218
1679313496028,1679313496249
1679313495852,1679313496257
1679313496268,1679313496298
1679313495964,1679313496343
1679313496074,1679313496346
1679313496096,1679313496369
1679313496269,1679313496371
1679313496212,1679313496372
1679313496054,1679313496373
1679313496024,1679313496393
1679313496333,1679313496397
1679313495929,1679313496405
1679313496327,1679313496405
1679313496024,1679313496471
1679313496289,1679313496511
1679313495657,1679313496563
1679313495769,1679313496566
1679313496275,1679313496585
1679313495314,1679313496585
1679313495808,1679313496591
1679313496635,1679313496659
1679313496678,1679313496738
1679313495820,1679313496748
1679313496223,1679313496764
1679313496681,1679313496765
1679313496437,1679313496776
1679313496805,1679313496819
1679313496664,1679313496836
1679313496565,1679313496875
1679313496754,1679313496909
1679313496837,1679313496971
1679313496853,1679313497064
1679313497059,1679313497071
1679313496871,1679313497084
1679313496960,1679313497093
1679313496790,1679313497105
1679313496834,1679313497148
1679313496933,1679313497151
1679313496953,1679313497162
1679313497178,1679313497225
1679313497103,1679313497236
1679313497250,1679313497280
1679313497141,1679313497286
1679313497318,1679313497337
1679313497297,1679313497363
1679313497426,1679313497448
1679313497461,1679313497500
1679313497400,1679313497500
1679313497366,1679313497501
1679313497345,1679313497515
1679313497504,1679313497581
1679313497478,1679313497612
1679313497634,1679313497644
1679313497603,1679313497721
1679313497688,1679313497728
1679313497357,1679313497748
1679313497600,1679313497754
1679313497766,1679313497916
1679313497646,1679313497925
1679313497947,1679313497961
1679313497899,1679313497962
1679313497567,1679313497972
1679313498005,1679313498032
1679313497967,1679313498054
1679313497985,1679313498099
1679313498045,1679313498122
1679313498010,1679313498123
1679313497603,1679313498166
1679313497909,1679313498176
1679313498056,1679313498198
1679313497845,1679313498200
1679313498201,1679313498209
1679313498173,1679313498211
1679313498134,1679313498214
1679313498148,1679313498228
1679313498139,1679313498235
1679313498215,1679313498252
1679313498261,1679313498282
1679313498247,1679313498289
1679313498037,1679313498332
1679313498281,1679313498333
1679313498274,1679313498361
1679313498022,1679313498403
1679313498270,1679313498426
1679313498343,1679313498434
1679313498449,1679313498470
1679313498505,1679313498518
1679313498523,1679313498530
1679313498533,1679313498556
1679313498708,1679313498721
1679313498684,1679313498743
1679313498733,1679313498766
1679313498737,1679313498796
1679313498790,1679313498834
1679313498788,1679313498843
1679313498872,1679313498923
1679313498823,1679313498976
1679313498913,1679313499008
1679313499047,1679313499069
1679313498958,1679313499084
1679313498800,1679313499094
1679313499174,1679313499187
1679313499119,1679313499210
1679313499123,1679313499216
1679313499251,1679313499256
1679313498971,1679313499281
1679313499233,1679313499286
1679313499213,1679313499288
1679313499195,1679313499302
1679313499246,1679313499304
1679313499304,1679313499346
1679313499343,1679313499400
1679313499412,1679313499464
1679313499080,1679313499482
1679313499493,1679313499500
1679313499513,1679313499528
1679313499475,1679313499529
1679313499390,1679313499555
1679313499509,1679313499584
1679313499646,1679313499698
1679313499646,1679313499726
1679313499651,1679313499766
1679313499740,1679313499812
1679313499735,1679313499817
1679313499600,1679313499819
1679313499696,1679313499822
1679313499715,1679313499870
1679313499837,1679313499887
1679313499874,1679313499894
1679313499860,1679313499938
1679313499935,1679313499967
1679313499943,1679313500007
1679313499992,1679313500019
1679313500013,1679313500051
1679313500161,1679313500199
1679313500228,1679313500240
1679313500177,1679313500243
1679313500223,1679313500250
1679313500269,1679313500276
1679313500321,1679313500334
1679313500291,1679313500351
1679313500392,1679313500400
1679313500218,1679313500413
1679313500353,1679313500421
1679313500364,1679313500445
1679313500332,1679313500450
1679313500419,1679313500462
1679313500432,1679313500478
1679313500442,1679313500491
1679313500423,1679313500529
1679313500482,1679313500532
1679313500581,1679313500616
1679313500546,1679313500626
1679313500553,1679313500678
1679313500615,1679313500680
1679313500691,1679313500716
1679313500615,1679313500720
1679313500586,1679313500744
1679313500649,1679313500748
1679313500715,1679313500752
1679313500662,1679313500766
1679313500773,1679313500820
1679313500680,1679313500849
1679313500450,1679313500868
1679313500837,1679313500904
1679313500820,1679313500930
1679313500876,1679313500941
1679313500966,1679313500985
1679313500365,1679313501002
1679313500435,1679313501078
1679313501106,1679313501116
1679313501107,1679313501117
1679313501100,1679313501136
1679313501179,1679313501214
1679313501186,1679313501336
1679313501326,1679313501413
1679313501438,1679313501451
1679313501424,1679313501505
1679313501584,1679313501608
1679313501606,1679313501626
1679313501604,1679313501658
1679313501623,1679313501684
1679313501564,1679313501695
1679313501607,1679313501723
1679313501696,1679313501747
1679313501583,1679313501763
1679313501583,1679313501776
1679313501822,1679313501854
1679313501889,1679313501938
1679313501965,1679313502004
1679313501994,1679313502010
1679313501974,1679313502023
1679313501921,1679313502052
1679313501972,1679313502057
1679313502060,1679313502080
1679313502101,1679313502111
1679313502003,1679313502124
1679313502160,1679313502264
1679313502305,1679313502311
1679313502124,1679313502336
1679313502258,1679313502417
1679313502273,1679313502436
1679313502295,1679313502475
1679313502486,1679313502492
1679313502354,1679313502509
1679313502486,1679313502532
1679313502424,1679313502565
1679313502403,1679313502570
1679313502462,1679313502580
1679313502462,1679313502586
1679313502674,1679313502697
1679313502579,1679313502740
1679313502719,1679313502750
1679313502697,1679313502769
1679313502710,1679313502810
1679313502817,1679313502858
1679313502911,1679313502931
1679313502943,1679313503004
1679313503096,1679313503101
1679313503098,1679313503106
1679313503120,1679313503152
1679313503134,1679313503167
1679313503207,1679313503217
1679313503079,1679313503224
1679313503253,1679313503269
1679313503228,1679313503287
1679313503306,1679313503341
1679313503180,1679313503341
1679313503272,1679313503413
1679313503233,1679313503452
1679313503450,1679313503455
1679313503456,1679313503472
1679313503422,1679313503488
1679313503128,1679313503508
1679313503435,1679313503513
1679313503539,1679313503553
1679313503473,1679313503600
1679313503228,1679313503629
1679313503460,1679313503634
1679313503599,1679313503659
1679313503617,1679313503688
1679313503582,1679313503690
1679313503671,1679313503700
1679313503697,1679313503754
1679313503737,1679313503780
1679313503508,1679313503783
1679313503756,1679313503802
1679313503774,1679313503816
1679313503737,1679313503837
1679313503901,1679313503921
1679313503789,1679313503938
1679313503860,1679313503941
1679313503872,1679313504029
1679313503961,1679313504074
1679313503996,1679313504089
1679313504020,1679313504104
1679313503903,1679313504107
1679313503990,1679313504130
1679313504121,1679313504143
1679313504113,1679313504166
1679313504224,1679313504261
1679313504279,1679313504292
1679313504244,1679313504297
1679313504315,1679313504318
1679313504354,1679313504391
1679313504397,1679313504415
1679313504430,1679313504484
1679313504410,1679313504485
1679313504403,1679313504500
1679313504461,1679313504521
1679313504487,1679313504539
1679313504542,1679313504557
1679313504421,1679313504575
1679313504535,1679313504591
1679313504355,1679313504602
1679313504575,1679313504606
1679313504527,1679313504648
1679313504627,1679313504672
1679313504691,1679313504695
1679313504688,1679313504719
1679313504715,1679313504737
1679313504787,1679313504818
1679313504779,1679313504823
1679313504805,1679313504832
1679313504792,1679313504886
1679313504954,1679313505006
1679313504969,1679313505006
1679313505003,1679313505036
1679313504950,1679313505068
1679313505057,1679313505108
1679313505029,1679313505126
1679313505057,1679313505169
1679313505153,1679313505191
1679313505243,1679313505249
1679313505355,1679313505391
1679313505372,1679313505421
1679313505442,1679313505454
1679313505458,1679313505462
1679313505375,1679313505514
1679313505443,1679313505534
1679313505405,1679313505536
1679313505466,1679313505554
1679313505480,1679313505555
1679313505409,1679313505598
1679313505600,1679313505614
1679313505540,1679313505636
1679313505609,1679313505656
1679313505554,1679313505666
1679313505678,1679313505820
1679313505786,1679313505836
1679313505846,1679313505861
1679313505840,1679313505877
1679313505836,1679313505955
1679313505874,1679313505966
1679313505924,1679313505983
1679313506016,1679313506042
1679313505907,1679313506056
1679313505625,1679313506105
1679313506054,1679313506112
1679313505494,1679313506119
1679313505879,1679313506140
1679313506041,1679313506177
1679313506165,1679313506182
1679313506217,1679313506251
1679313505917,1679313506274
1679313506026,1679313506281
1679313506241,1679313506292
1679313506152,1679313506303
1679313506312,1679313506331
1679313506312,1679313506369
1679313506331,1679313506370
1679313505847,1679313506388
1679313506296,1679313506422
1679313506414,1679313506455
1679313506369,1679313506468
1679313506358,1679313506487
1679313506386,1679313506487
1679313506679,1679313506690
1679313506691,1679313506741
1679313506722,1679313506769
1679313506754,1679313506779
1679313506258,1679313506792
1679313506773,1679313506805
1679313506726,1679313506820
1679313506731,1679313506843
1679313506847,1679313506884
1679313506837,1679313506929
1679313506901,1679313506990
1679313506949,1679313507009
1679313507056,1679313507062
1679313507093,1679313507116
1679313507154,1679313507187
1679313507031,1679313507187
1679313507129,1679313507195
1679313507106,1679313507231
1679313507194,1679313507241
1679313507264,1679313507273
1679313507236,1679313507302
1679313507251,1679313507362
1679313507330,1679313507384
1679313507377,1679313507391
1679313507314,1679313507402
1679313507414,1679313507454
1679313507353,1679313507497
1679313507514,1679313507538
1679313507585,1679313507589
1679313507463,1679313507610
1679313507496,1679313507638
1679313507601,1679313507643
1679313507496,1679313507647
1679313507592,1679313507662
1679313507665,1679313507710
1679313507675,1679313507718
1679313507656,1679313507727
1679313507586,1679313507738
1679313507732,1679313507781
1679313507742,1679313507808
1679313507659,1679313507826
1679313507534,1679313507842
1679313507853,1679313507873
1679313507829,1679313507913
1679313507838,1679313507937
1679313507934,1679313507947
1679313507898,1679313507959
1679313507946,1679313507964
1679313507937,1679313507970
1679313508026,1679313508037
1679313508048,1679313508061
1679313508031,1679313508133
1679313508142,1679313508183
1679313508212,1679313508216
1679313508186,1679313508221
1679313508246,1679313508342
1679313508200,1679313508372
1679313508360,1679313508376
1679313508324,1679313508464
1679313508360,1679313508469
1679313508363,1679313508494
1679313508534,1679313508641
1679313508604,1679313508657
1679313508595,1679313508687
1679313508784,1679313508796
1679313508790,1679313508818
1679313508780,1679313508851
1679313508773,1679313508865
1679313508732,1679313508883
1679313508887,1679313508913
1679313508861,1679313508957
1679313508939,1679313508973
1679313508939,1679313508982
1679313508992,1679313509031
1679313508968,1679313509047
1679313509113,1679313509137
1679313509096,1679313509147
1679313509182,1679313509192
1679313509083,1679313509215
1679313509202,1679313509237
1679313509233,1679313509322
1679313509234,1679313509325
1679313509227,1679313509344
1679313509276,1679313509424
1679313509445,1679313509482
1679313509429,1679313509512
1679313509418,1679313509521
1679313509441,1679313509533
1679313509442,1679313509554
1679313509491,1679313509556
1679313509614,1679313509624
1679313509627,1679313509687
1679313509607,1679313509710
1679313509657,1679313509710
1679313509671,1679313509731
1679313509720,1679313509747
1679313509709,1679313509765
1679313509702,1679313509802
1679313509726,1679313509817
1679313509707,1679313509818
1679313509773,1679313509845
1679313509834,1679313509870
1679313509725,1679313509918
1679313509694,1679313509924
1679313509688,1679313509935
1679313509926,1679313509940
1679313509699,1679313509963
1679313509696,1679313509984
1679313509972,1679313510013
1679313509685,1679313510069
1679313510049,1679313510087
1679313510077,1679313510166
1679313510125,1679313510217
1679313510051,1679313510288
1679313509923,1679313510293
1679313509971,1679313510298
1679313509678,1679313510302
1679313510211,1679313510302
1679313509854,1679313510324
1679313510066,1679313510333
1679313509706,1679313510344
1679313510138,1679313510394
1679313510096,1679313510462
1679313510337,1679313510474
1679313510474,1679313510480
1679313510350,1679313510495
1679313510492,1679313510514
1679313510518,1679313510557
1679313510337,1679313510597
1679313510572,1679313510686
1679313510572,1679313510691
1679313510639,1679313510693
1679313510511,1679313510704
1679313510478,1679313510725
1679313510717,1679313510743
1679313510512,1679313510769
1679313510743,1679313510779
1679313510585,1679313510793
1679313510546,1679313510811
1679313510834,1679313510857
1679313510841,1679313510888
1679313510899,1679313510923
1679313510902,1679313510926
1679313510970,1679313510990
1679313510977,1679313511016
1679313510994,1679313511029
1679313511029,1679313511034
1679313511078,1679313511111
1679313511062,1679313511183
1679313511141,1679313511188
1679313511187,1679313511201
1679313511047,1679313511203
1679313511181,1679313511219
1679313511270,1679313511313
1679313511222,1679313511317
1679313511252,1679313511351
1679313511362,1679313511405
1679313511302,1679313511411
1679313511339,1679313511441
1679313511432,1679313511479
1679313511426,1679313511482
1679313511369,1679313511495
1679313511486,1679313511497
1679313511497,1679313511535
1679313511420,1679313511539
1679313511277,1679313511561
1679313511497,1679313511585
1679313511510,1679313511586
1679313511571,1679313511588
1679313511569,1679313511597
1679313511526,1679313511603
1679313511460,1679313511623
1679313511631,1679313511648
1679313511706,1679313511719
1679313511694,1679313511721
1679313511742,1679313511800
1679313511693,1679313511825
1679313511788,1679313511855
1679313511874,1679313511887
1679313511967,1679313512091
1679313512092,1679313512101
1679313512101,1679313512130
1679313512122,1679313512210
1679313512177,1679313512220
1679313512215,1679313512221
1679313512311,1679313512317
1679313512310,1679313512343
1679313512296,1679313512401
1679313512442,1679313512526
1679313512550,1679313512606
1679313512603,1679313512617
1679313512564,1679313512661
1679313512616,1679313512676
1679313512340,1679313512705
1679313512531,1679313512746
1679313512629,1679313512760
1679313512713,1679313512761
1679313512764,1679313512776
1679313512798,1679313512807
1679313512794,1679313512874
1679313512746,1679313512896
1679313512835,1679313512945
1679313512526,1679313512952
1679313512939,1679313512964
1679313512794,1679313512974
1679313512938,1679313513011
1679313512998,1679313513041
1679313512777,1679313513084
1679313513081,1679313513085
1679313513063,1679313513125
1679313512938,1679313513145
1679313513093,1679313513156
1679313512920,1679313513158
1679313512995,1679313513178
1679313513152,1679313513202
1679313513245,1679313513280
1679313513200,1679313513292
1679313513324,1679313513343
1679313513194,1679313513345
1679313513324,1679313513368
1679313513284,1679313513400
1679313513395,1679313513416
1679313513161,1679313513465
1679313513448,1679313513513
1679313513490,1679313513520
1679313513411,1679313513552
1679313513584,1679313513598
1679313513563,1679313513645
1679313513546,1679313513659
1679313513637,1679313513661
1679313513724,1679313513745
1679313513738,1679313513750
1679313513715,1679313513775
1679313513729,1679313513777
1679313513754,1679313513807
1679313513462,1679313513807
1679313513806,1679313513818
1679313513797,1679313513847
1679313513785,1679313513863
1679313513679,1679313513881
1679313513618,1679313513909
1679313513954,1679313513974
1679313513826,1679313514028
1679313513876,1679313514052
1679313513880,1679313514159
1679313514142,1679313514166
1679313514164,1679313514170
1679313513783,1679313514173
1679313514182,1679313514227
1679313514065,1679313514234
1679313514224,1679313514268
1679313514198,1679313514298
1679313513605,1679313514305
1679313514303,1679313514349
1679313514348,1679313514403
1679313514230,1679313514406
1679313514382,1679313514408
1679313513840,1679313514409
1679313514392,1679313514452
1679313513597,1679313514460
1679313514468,1679313514551
1679313514538,1679313514556
1679313514541,1679313514606
1679313514571,1679313514626
1679313514661,1679313514671
1679313514645,1679313514693
1679313514736,1679313514769
1679313514763,1679313514811
1679313514808,1679313514829
1679313514818,1679313514855
1679313514705,1679313514879
1679313514828,1679313514903
1679313514661,1679313514940
1679313514823,1679313515037
1679313515013,1679313515041
1679313514997,1679313515054
1679313514831,1679313515067
1679313514902,1679313515071
1679313515080,1679313515085
1679313514672,1679313515107
1679313515009,1679313515129
1679313515060,1679313515131
1679313515119,1679313515152
1679313515143,1679313515187
1679313515057,1679313515219
1679313514973,1679313515247
1679313515178,1679313515273
1679313515279,1679313515288
1679313515265,1679313515307
1679313515247,1679313515314
1679313515301,1679313515349
1679313515388,1679313515398
1679313515312,1679313515422
1679313515389,1679313515453
1679313515435,1679313515458
1679313515457,1679313515502
1679313515497,1679313515529
1679313515498,1679313515561
1679313515555,1679313515568
1679313515450,1679313515587
1679313515497,1679313515629
1679313515629,1679313515668
1679313515658,1679313515742
1679313515604,1679313515752
1679313515665,1679313515806
1679313515659,1679313515823
1679313515639,1679313515842
1679313515820,1679313515866
1679313515822,1679313515867
1679313515915,1679313515932
1679313515966,1679313516034
1679313516105,1679313516109
1679313516087,1679313516120
1679313516118,1679313516128
1679313516152,1679313516169
1679313516178,1679313516193
1679313516203,1679313516227
1679313516142,1679313516243
1679313516225,1679313516254
1679313516255,1679313516282
1679313516282,1679313516353
1679313516337,1679313516423
1679313516287,1679313516435
1679313516417,1679313516460
1679313516346,1679313516477
1679313516497,1679313516521
1679313516522,1679313516548
1679313516535,1679313516578
1679313516590,1679313516608
1679313516541,1679313516635
1679313516597,1679313516640
1679313516746,1679313516786
1679313516905,1679313516940
1679313516754,1679313516963
1679313516956,1679313516991
1679313516944,1679313517009
1679313516935,1679313517026
1679313517037,1679313517047
1679313517026,1679313517074
1679313516903,1679313517103
1679313517053,1679313517111
1679313516904,1679313517114
1679313517109,1679313517128
1679313517049,1679313517133
1679313517005,1679313517161
1679313517063,1679313517209
1679313517251,1679313517285
1679313517236,1679313517299
1679313517141,1679313517310
1679313517420,1679313517442
1679313517417,1679313517454
1679313517554,1679313517615
1679313517577,1679313517639
1679313517617,1679313517671
1679313517590,1679313517682
1679313517756,1679313517768
1679313517804,1679313517811
1679313517781,1679313517817
1679313517934,1679313517962
1679313517797,1679313517987
1679313517972,1679313518133
1679313518077,1679313518170
1679313517905,1679313518197
1679313517838,1679313518220
1679313518145,1679313518234
1679313517782,1679313518285
1679313518180,1679313518319
1679313518013,1679313518384
1679313518295,1679313518429
1679313518137,1679313518452
1679313518445,1679313518452
1679313517937,1679313518482
1679313518036,1679313518497
1679313518227,1679313518521
1679313518397,1679313518539
1679313518053,1679313518560
1679313518174,1679313518566
1679313518229,1679313518568
1679313518601,1679313518623
1679313518467,1679313518635
1679313518345,1679313518660
1679313518632,1679313518695
1679313518292,1679313518731
1679313518317,1679313518751
1679313518264,1679313518813
1679313518478,1679313518869
1679313518395,1679313518887
1679313518479,1679313518894
1679313518424,1679313518900
1679313518837,1679313518926
1679313518349,1679313518927
1679313518749,1679313518955
1679313518672,1679313518968
1679313518885,1679313519017
1679313518605,1679313519023
1679313519022,1679313519030
1679313518691,1679313519036
1679313518813,1679313519040
1679313518471,1679313519068
1679313518437,1679313519088
1679313518795,1679313519157
1679313519030,1679313519182
1679313518244,1679313519202
1679313519363,1679313519380
1679313519096,1679313519395
1679313519241,1679313519402
1679313519091,1679313519425
1679313518507,1679313519432
1679313519022,1679313519452
1679313518907,1679313519460
1679313518573,1679313519512
1679313518905,1679313519517
1679313519476,1679313519539
1679313519389,1679313519554
1679313519218,1679313519554
1679313519522,1679313519600
1679313519418,1679313519621
1679313519502,1679313519658
1679313518895,1679313519666
1679313519441,1679313519673
1679313518934,1679313519676
1679313519693,1679313519712
1679313518899,1679313519721
1679313519731,1679313519737
1679313519001,1679313519793
1679313519791,1679313519816
1679313519793,1679313519853
1679313519934,1679313519954
1679313519904,1679313519997
1679313520017,1679313520022
1679313519904,1679313520023
1679313519914,1679313520052
1679313520110,1679313520119
1679313520216,1679313520222
1679313520239,1679313520276
1679313520287,1679313520295
1679313520273,1679313520315
1679313520314,1679313520372
1679313520312,1679313520392
1679313520239,1679313520400
1679313520312,1679313520429
1679313520324,1679313520473
1679313520591,1679313520621
1679313520594,1679313520632
1679313520591,1679313520655
1679313520653,1679313520664
1679313520659,1679313520669
1679313520686,1679313520701
1679313520749,1679313520754
1679313520707,1679313520760
1679313520782,1679313520786
1679313520784,1679313520816
1679313520813,1679313520928
1679313520911,1679313520947
1679313520851,1679313520956
1679313520806,1679313520966
1679313520975,1679313520979
1679313520960,1679313520984
1679313521077,1679313521127
1679313521042,1679313521142
1679313521143,1679313521149
1679313521131,1679313521174
1679313521000,1679313521183
1679313521227,1679313521238
1679313521241,1679313521265
1679313521298,1679313521308
1679313521200,1679313521384
1679313521372,1679313521409
1679313521444,1679313521464
1679313521503,1679313521518
1679313521595,1679313521607
1679313521587,1679313521617
1679313521571,1679313521692
1679313521721,1679313521729
1679313521764,1679313521814
1679313521742,1679313521832
1679313521824,1679313521888
1679313521942,1679313521959
1679313521887,1679313521969
1679313521983,1679313522003
1679313521986,1679313522005
1679313522016,1679313522019
1679313522020,1679313522085
1679313522133,1679313522169
1679313522167,1679313522194
1679313522158,1679313522239
1679313522233,1679313522257
1679313522183,1679313522293
1679313522377,1679313522436
1679313522522,1679313522539
1679313522587,1679313522594
1679313522592,1679313522601
1679313522560,1679313522683
1679313522531,1679313522742
1679313522766,1679313522774
1679313522575,1679313522775
1679313522663,1679313522793
1679313522756,1679313522809
1679313522678,1679313522831
1679313522703,1679313522854
1679313522576,1679313522913
1679313522912,1679313522918
1679313522953,1679313522985
1679313522973,1679313523002
1679313523032,1679313523036
1679313523025,1679313523048
1679313523038,1679313523062
1679313523085,1679313523105
1679313523044,1679313523136
1679313523125,1679313523180
1679313523030,1679313523196
1679313523017,1679313523203
1679313523110,1679313523204
1679313523042,1679313523226
1679313523240,1679313523348
1679313523092,1679313523371
1679313523346,1679313523385
1679313523239,1679313523393
1679313523321,1679313523416
1679313523283,1679313523439
1679313523371,1679313523454
1679313523495,1679313523524
1679313523584,1679313523609
1679313523507,1679313523646
1679313523650,1679313523657
1679313523686,1679313523724
1679313523748,1679313523752
1679313523637,1679313523755
1679313523741,1679313523757
1679313523617,1679313523802
1679313523815,1679313523837
1679313523780,1679313523909
1679313523824,1679313523989
1679313523864,1679313523990
1679313523935,1679313524003
1679313523815,1679313524037
1679313523937,1679313524038
1679313523884,1679313524042
1679313524020,1679313524050
1679313524049,1679313524081
1679313524078,1679313524089
1679313523980,1679313524134
1679313524176,1679313524195
1679313524231,1679313524241
1679313524182,1679313524249
1679313524246,1679313524278
1679313524317,1679313524351
1679313524303,1679313524358
1679313524358,1679313524434
1679313524381,1679313524508
1679313524399,1679313524543
1679313524363,1679313524579
1679313524378,1679313524601
1679313524548,1679313524609
1679313524435,1679313524627
1679313524626,1679313524649
1679313524599,1679313524669
1679313524678,1679313524682
1679313524644,1679313524737
1679313524569,1679313524763
1679313524764,1679313524797
1679313524814,1679313524833
1679313524836,1679313524859
1679313524806,1679313524865
1679313524868,1679313524881
1679313524825,1679313524884
1679313524898,1679313524922
1679313524948,1679313524952
1679313524985,1679313525020
1679313525060,1679313525067
1679313525085,1679313525101
1679313524984,1679313525145
1679313525136,1679313525146
1679313524953,1679313525200
1679313524837,1679313525231
1679313525149,1679313525250
1679313525199,1679313525257
1679313524955,1679313525268
1679313525271,1679313525307
1679313525130,1679313525321
1679313525185,1679313525381
1679313525376,1679313525391
1679313525399,1679313525408
1679313525416,1679313525463
1679313525592,1679313525614
1679313525640,1679313525653
1679313525631,1679313525667
1679313525643,1679313525672
1679313525647,1679313525686
1679313525665,1679313525742
1679313525764,1679313525778
1679313525724,1679313525797
1679313525801,1679313525809
1679313525810,1679313525831
1679313525746,1679313525863
1679313525931,1679313525978
1679313525987,1679313526002
1679313526049,1679313526073
1679313526084,1679313526090
1679313526037,1679313526092
1679313526097,1679313526108
1679313526183,1679313526195
1679313526244,1679313526266
1679313526244,1679313526281
1679313526245,1679313526290
1679313526211,1679313526294
1679313526210,1679313526317
1679313526257,1679313526327
1679313526236,1679313526339
1679313526385,1679313526409
1679313526352,1679313526424
1679313526406,1679313526461
1679313526313,1679313526471
1679313526332,1679313526480
1679313526197,1679313526481
1679313526479,1679313526521
1679313526320,1679313526531
1679313526566,1679313526577
1679313526596,1679313526601
1679313526554,1679313526613
1679313526557,1679313526647
1679313526634,1679313526674
1679313526679,1679313526707
1679313526704,1679313526761
1679313526709,1679313526761
1679313526756,1679313526784
1679313526652,1679313526834
1679313526780,1679313526929
1679313526904,1679313526946
1679313526907,1679313526967
1679313526881,1679313527035
1679313526813,1679313527035
1679313526669,1679313527133
1679313526934,1679313527174
1679313527017,1679313527175
1679313527034,1679313527204
1679313527105,1679313527206
1679313526621,1679313527217
1679313526559,1679313527221
1679313527065,1679313527225
1679313527288,1679313527297
1679313527247,1679313527339
1679313527302,1679313527343
1679313527336,1679313527372
1679313527327,1679313527421
1679313527418,1679313527433
1679313527459,1679313527511
1679313527482,1679313527512
1679313527449,1679313527530
1679313527536,1679313527539
1679313527522,1679313527567
1679313527589,1679313527599
1679313527598,1679313527668
1679313527692,1679313527737
1679313527770,1679313527781
1679313527765,1679313527824
1679313527465,1679313527838
1679313527866,1679313527873
1679313527878,1679313527893
1679313527919,1679313527951
1679313527929,1679313527952
1679313527717,1679313527995
1679313527937,1679313528009
1679313527928,1679313528022
1679313527951,1679313528048
1679313528115,1679313528122
1679313528151,1679313528161
1679313528063,1679313528183
1679313528125,1679313528203
1679313528174,1679313528219
1679313528224,1679313528241
1679313528212,1679313528250
1679313528148,1679313528274
1679313528252,1679313528291
1679313528217,1679313528350
1679313528353,1679313528380
1679313528137,1679313528390
1679313528204,1679313528391
1679313528403,1679313528428
1679313528226,1679313528430
1679313528429,1679313528468
1679313528480,1679313528497
1679313528495,1679313528501
1679313528400,1679313528536
1679313528497,1679313528558
1679313528565,1679313528574
1679313528680,1679313528688
1679313528719,1679313528752
1679313528760,1679313528787
1679313528574,1679313528809
1679313528793,1679313528825
1679313528813,1679313528898
1679313528873,1679313528951
1679313528942,1679313528986
1679313528919,1679313528991
1679313529002,1679313529030
1679313528951,1679313529045
1679313529098,1679313529123
1679313529098,1679313529124
1679313529122,1679313529128
1679313529122,1679313529131
1679313529140,1679313529149
1679313529161,1679313529169
1679313529138,1679313529172
1679313529170,1679313529240
1679313529203,1679313529250
1679313529252,1679313529280
1679313529237,1679313529289
1679313529274,1679313529337
1679313529382,1679313529395
1679313529379,1679313529460
1679313529444,1679313529473
1679313529428,1679313529480
1679313529468,1679313529496
1679313529508,1679313529516
1679313529667,1679313529752
1679313529771,1679313529830
1679313529807,1679313529841
1679313529833,1679313529863
1679313529714,1679313529895
1679313529754,1679313529900
1679313529966,1679313529972
1679313529969,1679313529981
1679313529907,1679313529994
1679313529985,1679313529999
1679313529910,1679313530000
1679313529980,1679313530004
1679313529997,1679313530052
1679313529950,1679313530102
1679313530041,1679313530135
1679313529964,1679313530144
1679313530153,1679313530185
1679313530183,1679313530191
1679313530163,1679313530194
1679313530213,1679313530224
1679313530182,1679313530251
1679313530156,1679313530273
1679313530123,1679313530286
1679313530022,1679313530303
1679313530178,1679313530411
1679313530278,1679313530439
1679313530421,1679313530506
1679313530394,1679313530520
1679313530148,1679313530521
1679313530238,1679313530537
1679313530428,1679313530547
1679313530386,1679313530606
1679313530547,1679313530631
1679313530298,1679313530660
1679313530503,1679313530679
1679313530672,1679313530760
1679313530580,1679313530818
1679313530673,1679313530853
1679313530703,1679313530866
1679313530871,1679313530882
1679313529992,1679313530893
1679313530815,1679313530894
1679313530857,1679313530895
1679313530745,1679313530925
1679313530389,1679313530928
1679313530921,1679313530986
1679313530546,1679313531018
1679313530457,1679313531055
1679313530913,1679313531055
1679313530954,1679313531060
1679313530745,1679313531077
1679313530720,1679313531092
1679313531044,1679313531099
1679313530553,1679313531171
1679313531269,1679313531322
1679313531277,1679313531341
1679313531318,1679313531382
1679313531301,1679313531461
1679313531327,1679313531538
1679313531516,1679313531540
1679313531355,1679313531552
1679313531389,1679313531553
1679313531423,1679313531641
1679313531601,1679313531656
1679313531604,1679313531677
1679313531667,1679313531779
1679313531745,1679313531786
1679313531543,1679313531790
1679313531601,1679313531800
1679313531480,1679313531800
1679313531786,1679313531844
1679313531825,1679313531892
1679313531646,1679313531900
1679313531678,1679313531912
1679313531768,1679313531918
1679313531753,1679313531928
1679313531920,1679313531930
1679313531913,1679313531932
1679313531802,1679313531965
1679313531981,1679313532000
1679313531992,1679313532043
1679313532041,1679313532111
1679313532170,1679313532189
1679313532198,1679313532229
1679313532242,1679313532257
1679313532243,1679313532263
1679313532254,1679313532274
1679313532270,1679313532278
1679313532280,1679313532298
1679313532268,1679313532324
1679313532212,1679313532325
1679313532251,1679313532344
1679313532250,1679313532363
1679313532366,1679313532392
1679313532332,1679313532403
1679313532398,1679313532409
1679313532412,1679313532427
1679313532408,1679313532441
1679313532268,1679313532441
1679313532292,1679313532441
1679313532426,1679313532459
1679313532380,1679313532461
1679313532381,1679313532463
1679313532520,1679313532527
1679313532528,1679313532539
1679313532496,1679313532551
1679313532570,1679313532585
1679313532523,1679313532593
1679313532667,1679313532678
1679313532728,1679313532732
1679313532727,1679313532736
1679313532623,1679313532738
1679313532767,1679313532774
1679313532759,1679313532781
1679313532777,1679313532836
1679313532863,1679313532880
1679313532779,1679313532931
1679313532948,1679313532953
1679313532933,1679313532976
1679313532999,1679313533008
1679313533060,1679313533081
1679313533088,1679313533121
1679313533104,1679313533147
1679313533103,1679313533172
1679313533112,1679313533197
1679313533172,1679313533225
1679313533180,1679313533247
1679313533215,1679313533262
1679313533298,1679313533308
1679313533306,1679313533352
1679313533269,1679313533370
1679313533379,1679313533386
1679313533364,1679313533426
1679313533453,1679313533474
1679313533330,1679313533496
1679313533492,1679313533511
1679313533456,1679313533519
1679313533546,1679313533556
1679313533547,1679313533594
1679313533494,1679313533623
1679313533530,1679313533626
1679313533634,1679313533637
1679313533720,1679313533768
1679313533783,1679313533796
1679313533676,1679313533799
1679313533695,1679313533857
1679313533890,1679313533910
1679313533811,1679313533915
1679313533789,1679313533933
1679313533857,1679313533938
1679313533929,1679313533945
1679313533801,1679313533959
1679313534025,1679313534029
1679313534060,1679313534096
1679313534061,1679313534099
1679313534104,1679313534146
1679313534078,1679313534150
1679313534130,1679313534155
1679313534151,1679313534200
1679313534140,1679313534204
1679313534149,1679313534220
1679313534135,1679313534245
1679313534007,1679313534251
1679313534195,1679313534272
1679313534303,1679313534314
1679313534199,1679313534330
1679313534357,1679313534369
1679313534398,1679313534405
1679313534391,1679313534425
1679313534384,1679313534435
1679313534395,1679313534460
1679313534483,1679313534512
1679313534619,1679313534637
1679313534616,1679313534672
1679313534676,1679313534694
1679313534636,1679313534710
1679313534704,1679313534716
1679313534602,1679313534719
1679313534709,1679313534731
1679313534727,1679313534741
1679313534703,1679313534760
1679313534715,1679313534771
1679313534751,1679313534778
1679313534780,1679313534798
1679313534652,1679313534815
1679313534802,1679313534844
1679313534889,1679313534919
1679313534866,1679313534979
1679313535010,1679313535066
1679313535020,1679313535072
1679313535161,1679313535178
1679313535170,1679313535202
1679313535147,1679313535206
1679313535020,1679313535215
1679313535201,1679313535218
1679313535245,1679313535268
1679313535361,1679313535369
1679313535347,1679313535380
1679313535375,1679313535403
1679313535402,1679313535418
1679313535415,1679313535434
1679313535357,1679313535435
1679313535409,1679313535454
1679313535375,1679313535455
1679313535341,1679313535461
1679313535379,1679313535471
1679313535412,1679313535480
1679313535513,1679313535520
1679313535517,1679313535529
1679313535456,1679313535548
1679313535537,1679313535560
1679313535551,1679313535561
1679313535558,1679313535594
1679313535596,1679313535631
1679313535650,1679313535656
1679313535604,1679313535672
1679313535561,1679313535691
1679313535706,1679313535774
1679313535726,1679313535785
1679313535756,1679313535794
1679313535776,1679313535839
1679313535626,1679313535857
1679313535795,1679313535859
1679313535917,1679313535954
1679313535937,1679313535971
1679313535913,1679313536013
1679313535932,1679313536023
1679313536025,1679313536068
1679313536095,1679313536116
1679313536093,1679313536117
1679313536120,1679313536127
1679313536245,1679313536271
1679313536214,1679313536300
1679313536307,1679313536339
1679313536373,1679313536388
1679313536362,1679313536403
1679313536378,1679313536453
1679313536429,1679313536480
1679313536459,1679313536482
1679313536495,1679313536518
1679313536550,1679313536566
1679313536505,1679313536567
1679313536471,1679313536570
1679313536596,1679313536608
1679313536597,1679313536619
1679313536581,1679313536644
1679313536711,1679313536722
1679313536726,1679313536765
1679313536692,1679313536766
1679313536746,1679313536797
1679313536819,1679313536824
1679313536812,1679313536868
1679313536813,1679313536883
1679313536734,1679313536892
1679313536821,1679313536894
1679313536899,1679313536978
1679313536896,1679313536979
1679313536974,1679313536990
1679313536987,1679313537015
1679313536995,1679313537027
1679313536990,1679313537028
1679313536837,1679313537048
1679313536935,1679313537063
1679313537114,1679313537131
1679313537139,1679313537152
1679313537139,1679313537155
1679313537165,1679313537200
1679313537153,1679313537201
1679313537212,1679313537224
1679313537231,1679313537270
1679313537277,1679313537348
1679313537386,1679313537399
1679313537362,1679313537413
1679313537335,1679313537428
1679313537427,1679313537437
1679313537382,1679313537439
1679313537495,1679313537500
1679313537504,1679313537524
1679313537509,1679313537536
1679313537487,1679313537554
1679313537527,1679313537557
1679313537496,1679313537561
1679313537506,1679313537566
1679313537577,1679313537610
1679313537628,1679313537633
1679313537630,1679313537649
1679313537692,1679313537708
1679313537726,1679313537787
1679313537702,1679313537812
1679313537833,1679313537847
1679313537692,1679313537884
1679313537797,1679313537919
1679313537729,1679313537982
1679313537985,1679313538047
1679313538045,1679313538058
1679313538059,1679313538082
1679313538082,1679313538101
1679313538070,1679313538110
1679313538120,1679313538125
1679313538013,1679313538132
1679313538032,1679313538140
1679313538095,1679313538165
1679313538122,1679313538165
1679313538146,1679313538204
1679313538149,1679313538234
1679313538229,1679313538241
1679313538305,1679313538327
1679313538185,1679313538332
1679313538338,1679313538351
1679313538428,1679313538437
1679313538277,1679313538446
1679313538381,1679313538447
1679313538450,1679313538469
1679313538505,1679313538515
1679313538496,1679313538518
1679313538524,1679313538535
1679313538576,1679313538586
1679313538561,1679313538605
1679313538589,1679313538619
1679313538601,1679313538628
1679313538629,1679313538639
1679313538605,1679313538672
1679313538695,1679313538702
1679313538664,1679313538705
1679313538531,1679313538708
1679313538728,1679313538731
1679313538763,1679313538778
1679313538788,1679313538822
1679313538711,1679313538835
1679313538798,1679313538857
1679313538811,1679313538887
1679313538859,1679313538894
1679313538885,1679313538933
1679313538922,1679313538959
1679313538966,1679313538978
1679313538924,1679313538982
1679313538937,1679313538983
1679313538879,1679313538992
1679313538948,1679313538999
1679313538925,1679313539014
1679313538937,1679313539094
1679313539066,1679313539149
1679313539216,1679313539239
1679313539166,1679313539249
1679313539238,1679313539258
1679313539281,1679313539286
1679313539361,1679313539415
1679313539407,1679313539444
1679313539408,1679313539461
1679313539377,1679313539487
1679313539451,1679313539500
1679313539521,1679313539544
1679313539546,1679313539556
1679313539551,1679313539559
1679313539521,1679313539573
1679313539562,1679313539585
1679313539565,1679313539649
1679313539502,1679313539663
1679313539635,1679313539705
1679313539832,1679313539858
1679313539716,1679313539913
1679313539892,1679313539915
1679313539872,1679313539916
1679313539900,1679313539939
1679313539815,1679313539940
1679313539934,1679313539946
1679313539936,1679313539950
1679313539961,1679313539981
1679313539888,1679313539992
1679313539911,1679313540005
1679313539965,1679313540007
1679313539972,1679313540028
1679313540002,1679313540068
1679313540129,1679313540140
1679313540121,1679313540191
1679313540089,1679313540195
1679313540075,1679313540215
1679313540192,1679313540253
1679313540247,1679313540258
1679313540255,1679313540258
1679313540174,1679313540269
1679313540228,1679313540299
1679313540226,1679313540323
1679313540273,1679313540338
1679313540342,1679313540355
1679313540297,1679313540362
1679313540364,1679313540403
1679313540394,1679313540421
1679313540369,1679313540422
1679313540277,1679313540436
1679313540364,1679313540478
1679313540457,1679313540489
1679313540450,1679313540510
1679313540470,1679313540523
1679313540470,1679313540530
1679313540496,1679313540533
1679313540504,1679313540562
1679313540557,1679313540576
1679313540627,1679313540643
1679313540647,1679313540657
1679313540661,1679313540690
1679313540680,1679313540690
1679313540607,1679313540714
1679313540754,1679313540757
1679313540738,1679313540775
1679313540784,1679313540798
1679313540792,1679313540809
1679313540781,1679313540853
1679313540882,1679313540905
1679313540771,1679313540935
1679313540865,1679313540969
1679313540910,1679313540970
1679313540898,1679313540972
1679313540919,1679313540978
1679313541070,1679313541102
1679313540980,1679313541147
1679313541172,1679313541198
1679313541187,1679313541204
1679313541356,1679313541371
1679313541363,1679313541374
1679313541417,1679313541431
1679313541430,1679313541448
1679313541366,1679313541457
1679313541397,1679313541463
1679313541443,1679313541485
1679313541464,1679313541499
1679313541484,1679313541506
1679313541497,1679313541507
1679313541455,1679313541510
1679313541529,1679313541535
1679313541320,1679313541551
1679313541553,1679313541556
1679313541623,1679313541640
1679313541503,1679313541644
1679313541647,1679313541674
1679313541570,1679313541705
1679313541681,1679313541706
1679313541713,1679313541730
1679313541764,1679313541784
1679313541764,1679313541874
1679313541803,1679313541884
1679313541908,1679313541915
1679313541840,1679313541923
1679313541903,1679313541939
1679313541990,1679313542021
1679313542007,1679313542056
1679313542017,1679313542075
1679313542152,1679313542165
1679313542160,1679313542179
1679313542174,1679313542181
1679313542130,1679313542181
1679313542175,1679313542310
1679313542163,1679313542311
1679313542313,1679313542359
1679313542325,1679313542374
1679313542339,1679313542376
1679313542408,1679313542424
1679313542392,1679313542430
1679313542413,1679313542437
1679313542406,1679313542440
1679313542452,1679313542455
1679313542457,1679313542469
1679313542461,1679313542505
1679313542317,1679313542525
1679313542535,1679313542554
1679313542555,1679313542578
1679313542584,1679313542606
1679313542569,1679313542612
1679313542624,1679313542641
1679313542552,1679313542643
1679313542613,1679313542655
1679313542635,1679313542660
1679313542675,1679313542707
1679313542740,1679313542744
1679313542672,1679313542747
1679313542727,1679313542748
1679313542760,1679313542781
1679313542762,1679313542786
1679313542690,1679313542830
1679313542802,1679313542839
1679313542855,1679313542871
1679313542880,1679313542887
1679313542902,1679313542910
1679313542964,1679313542982
1679313542951,1679313543015
1679313542888,1679313543019
1679313543097,1679313543131
1679313543107,1679313543147
1679313543105,1679313543161
1679313543143,1679313543165
1679313543133,1679313543168
1679313543174,1679313543187
1679313543115,1679313543202
1679313543331,1679313543344
1679313543287,1679313543357
1679313543280,1679313543381
1679313543301,1679313543413
1679313543358,1679313543416
1679313543427,1679313543458
1679313543419,1679313543470
1679313543468,1679313543480
1679313543541,1679313543582
1679313543597,1679313543606
1679313543522,1679313543608
1679313543524,1679313543613
1679313543617,1679313543626
1679313543601,1679313543627
1679313543653,1679313543671
1679313543601,1679313543710
1679313543560,1679313543729
1679313543781,1679313543784
1679313543798,1679313543817
1679313543803,1679313543825
1679313543878,1679313543895
1679313543760,1679313543910
1679313543967,1679313544002
1679313544023,1679313544048
1679313544024,1679313544061
1679313544092,1679313544102
1679313544119,1679313544130
1679313544146,1679313544157
1679313544140,1679313544162
1679313544128,1679313544177
1679313544129,1679313544209
1679313544160,1679313544220
1679313544163,1679313544231
1679313544247,1679313544264
1679313544268,1679313544277
1679313544179,1679313544278
1679313544322,1679313544334
1679313544272,1679313544337
1679313544337,1679313544354
1679313544338,1679313544379
1679313544299,1679313544397
1679313544170,1679313544445
1679313544364,1679313544457
1679313544374,1679313544475
1679313544446,1679313544481
1679313544452,1679313544496
1679313544495,1679313544502
1679313544456,1679313544555
1679313544311,1679313544609
1679313544602,1679313544623
1679313544499,1679313544638
1679313544621,1679313544650
1679313544661,1679313544672
1679313544627,1679313544698
1679313544749,1679313544764
1679313544811,1679313544823
1679313544654,1679313544846
1679313544767,1679313544901
1679313544814,1679313544907
1679313544905,1679313544918
1679313544853,1679313544937
1679313544965,1679313544976
1679313544970,1679313544990
1679313545014,1679313545019
1679313545071,1679313545090
1679313545071,1679313545132
1679313545173,1679313545226
1679313545219,1679313545229
1679313545180,1679313545243
1679313545238,1679313545253
1679313545221,1679313545284
1679313545260,1679313545295
1679313545241,1679313545297
1679313545322,1679313545410
1679313545457,1679313545480
1679313545388,1679313545480
1679313545498,1679313545520
1679313545523,1679313545570
1679313545549,1679313545603
1679313545570,1679313545621
1679313545672,1679313545679
1679313545683,1679313545694
1679313545666,1679313545727
1679313545620,1679313545755
1679313545676,1679313545762
1679313545721,1679313545803
1679313545792,1679313545813
1679313545736,1679313545883
1679313545821,1679313545906
1679313545887,1679313545917
1679313545881,1679313545921
1679313545870,1679313545926
1679313545931,1679313545935
1679313545918,1679313545962
1679313545960,1679313545977
1679313545917,1679313545982
1679313545981,1679313546073
1679313546009,1679313546092
1679313546061,1679313546093
1679313546064,1679313546094
1679313546127,1679313546135
1679313546135,1679313546155
1679313546013,1679313546170
1679313546033,1679313546171
1679313546177,1679313546185
1679313546171,1679313546197
1679313546141,1679313546210
1679313546217,1679313546229
1679313546241,1679313546262
1679313546229,1679313546264
1679313546268,1679313546302
1679313546364,1679313546377
1679313546347,1679313546379
1679313546385,1679313546396
1679313546438,1679313546485
1679313546413,1679313546510
1679313546517,1679313546527
1679313546554,1679313546596
1679313546629,1679313546633
1679313546616,1679313546643
1679313546686,1679313546691
1679313546683,1679313546740
1679313546746,1679313546756
1679313546760,1679313546823
1679313546821,1679313546870
1679313546833,1679313546895
1679313546890,1679313546904
1679313546810,1679313546905
1679313546925,1679313546952
1679313546987,1679313546991
1679313547057,1679313547074
1679313547082,1679313547105
1679313547030,1679313547119
1679313547134,1679313547169
1679313547166,1679313547210
1679313547237,1679313547244
1679313547265,1679313547281
1679313547229,1679313547305
1679313547317,1679313547323
1679313547351,1679313547367
1679313547420,1679313547433
1679313547398,1679313547437
1679313547432,1679313547472
1679313547522,1679313547544
1679313547542,1679313547561
1679313547435,1679313547570
1679313547559,1679313547582
1679313547579,1679313547585
1679313547588,1679313547620
1679313547590,1679313547652
1679313547668,1679313547682
1679313547655,1679313547696
1679313547665,1679313547742
1679313547744,1679313547781
1679313547708,1679313547794
1679313547764,1679313547804
1679313547741,1679313547805
1679313547647,1679313547815
1679313547736,1679313547815
1679313547725,1679313547818
1679313547752,1679313547828
1679313547742,1679313547840
1679313547794,1679313547849
1679313547838,1679313547854
1679313547760,1679313547854
1679313547725,1679313547865
1679313547911,1679313547916
1679313547952,1679313547976
1679313547934,1679313548014
1679313548017,1679313548037
1679313548040,1679313548080
1679313548059,1679313548080
1679313548070,1679313548086
1679313548067,1679313548093
1679313548065,1679313548096
1679313548099,1679313548114
1679313548055,1679313548118
1679313548127,1679313548165
1679313548183,1679313548189
1679313548170,1679313548227
1679313548228,1679313548240
1679313548263,1679313548340
1679313548312,1679313548342
1679313548318,1679313548372
1679313548348,1679313548450
1679313548469,1679313548479
1679313548441,1679313548520
1679313548528,1679313548586
1679313548579,1679313548594
1679313548597,1679313548609
1679313548527,1679313548615
1679313548624,1679313548684
1679313548741,1679313548760
1679313548771,1679313548782
1679313548784,1679313548805
1679313548782,1679313548828
1679313548752,1679313548857
1679313548848,1679313548865
1679313548883,1679313548894
1679313548895,1679313548941
1679313548945,1679313548957
1679313548941,1679313548985
1679313548953,1679313548989
1679313548923,1679313549026
1679313548990,1679313549050
1679313548944,1679313549078
1679313549063,1679313549079
1679313549105,1679313549137
1679313549112,1679313549147
1679313549138,1679313549150
1679313549114,1679313549210
1679313549160,1679313549223
1679313549210,1679313549241
1679313549099,1679313549247
1679313549169,1679313549248
1679313549152,1679313549263
1679313549261,1679313549266
1679313549318,1679313549327
1679313549321,1679313549332
1679313549380,1679313549391
1679313549301,1679313549392
1679313549365,1679313549439
1679313549475,1679313549482
1679313549380,1679313549485
1679313549431,1679313549499
1679313549503,1679313549585
1679313549350,1679313549611
1679313549544,1679313549615
1679313549601,1679313549620
1679313549664,1679313549680
1679313549669,1679313549691
1679313549560,1679313549696
1679313549618,1679313549723
1679313549709,1679313549761
1679313549796,1679313549840
1679313549825,1679313549851
1679313549806,1679313549854
1679313549802,1679313549859
1679313549776,1679313549882
1679313549879,1679313549896
1679313549791,1679313549907
1679313549851,1679313549925
1679313549881,1679313549934
1679313549979,1679313549984
1679313549952,1679313549998
1679313549971,1679313549999
1679313549995,1679313550018
1679313549934,1679313550025
1679313550042,1679313550054
1679313550023,1679313550102
1679313550098,1679313550106
1679313550079,1679313550116
1679313550135,1679313550156
1679313550179,1679313550253
1679313550198,1679313550332
1679313550303,1679313550402
1679313550451,1679313550459
1679313550398,1679313550467
1679313550437,1679313550513
1679313550406,1679313550516
1679313550512,1679313550518
1679313550505,1679313550537
1679313550485,1679313550564
1679313550475,1679313550598
1679313550538,1679313550664
1679313550647,1679313550713
1679313550689,1679313550721
1679313550677,1679313550724
1679313550735,1679313550745
1679313550643,1679313550746
1679313550704,1679313550766
1679313550651,1679313550776
1679313550767,1679313550796
1679313550789,1679313550816
1679313550820,1679313550842
1679313550893,1679313550904
1679313550962,1679313550985
1679313550979,1679313550994
1679313550962,1679313551011
1679313550993,1679313551013
1679313551027,1679313551041
1679313550998,1679313551070
1679313551115,1679313551146
1679313551125,1679313551153
1679313551124,1679313551163
1679313551125,1679313551205
1679313551216,1679313551271
1679313551276,1679313551279
1679313551230,1679313551292
1679313551305,1679313551311
1679313551359,1679313551386
1679313551417,1679313551426
1679313551461,1679313551478
1679313551447,1679313551481
1679313551439,1679313551484
1679313551447,1679313551498
1679313551541,1679313551582
1679313551595,1679313551600
1679313551543,1679313551601
1679313551549,1679313551601
1679313551585,1679313551604
1679313551595,1679313551631
1679313551585,1679313551632
1679313551611,1679313551642
1679313551632,1679313551655
1679313551661,1679313551665
1679313551625,1679313551690
1679313551656,1679313551718
1679313551579,1679313551721
1679313551721,1679313551742
1679313551733,1679313551749
1679313551762,1679313551789
1679313551851,1679313551857
1679313551810,1679313551895
1679313551795,1679313551905
1679313551846,1679313551918
1679313551983,1679313551991
1679313552045,1679313552099
1679313552172,1679313552228
1679313552272,1679313552275
1679313552276,1679313552285
1679313552190,1679313552289
1679313552256,1679313552295
1679313552268,1679313552301
1679313552283,1679313552374
1679313552340,1679313552423
1679313552494,1679313552529
1679313552538,1679313552555
1679313552560,1679313552571
1679313552516,1679313552608
1679313552625,1679313552630
1679313552646,1679313552659
1679313552477,1679313552667
1679313552634,1679313552673
1679313552619,1679313552701
1679313552711,1679313552729
1679313552733,1679313552754
1679313552633,1679313552758
1679313552793,1679313552817
1679313552862,1679313552873
1679313552894,1679313552900
1679313552842,1679313552915
1679313552886,1679313552918
1679313552890,1679313552942
1679313552904,1679313552943
1679313552908,1679313552944
1679313552880,1679313552945
1679313552895,1679313552949
1679313552926,1679313552951
1679313552909,1679313552954
1679313552941,1679313552961
1679313552933,1679313552976
1679313552870,1679313552990
1679313552912,1679313553021
1679313552904,1679313553031
1679313553034,1679313553042
1679313552915,1679313553054
1679313553055,1679313553063
1679313553068,1679313553088
1679313553073,1679313553089
1679313553055,1679313553094
1679313553075,1679313553096
1679313553165,1679313553185
1679313553079,1679313553186
1679313553236,1679313553244
1679313553218,1679313553254
1679313553209,1679313553274
1679313553269,1679313553298
1679313553169,1679313553358
1679313553286,1679313553396
1679313553454,1679313553467
1679313553433,1679313553500
1679313553473,1679313553539
1679313553490,1679313553551
1679313553495,1679313553564
1679313553551,1679313553569
1679313553535,1679313553584
1679313553581,1679313553603
1679313553574,1679313553615
1679313553681,1679313553694
1679313553665,1679313553724
1679313553655,1679313553774
1679313553713,1679313553818
1679313553889,1679313553898
1679313553808,1679313553902
1679313553902,1679313553920
1679313553893,1679313553955
1679313553946,1679313553971
1679313553861,1679313554017
1679313553963,1679313554032
1679313554021,1679313554050
1679313553998,1679313554101
1679313554109,1679313554138
1679313554061,1679313554165
1679313554197,1679313554216
1679313554176,1679313554217
1679313554062,1679313554272
1679313554262,1679313554288
1679313554159,1679313554308
1679313554305,1679313554337
1679313554331,1679313554356
1679313554446,1679313554459
1679313554379,1679313554460
1679313554386,1679313554492
1679313554510,1679313554574
1679313554533,1679313554588
1679313554536,1679313554597
1679313554614,1679313554621
1679313554593,1679313554631
1679313554579,1679313554635
1679313554612,1679313554721
1679313554695,1679313554734
1679313554670,1679313554739
1679313554707,1679313554743
1679313554834,1679313554845
1679313554869,1679313554883
1679313554871,1679313554889
1679313554806,1679313554908
1679313554834,1679313554929
1679313554921,1679313554942
1679313554937,1679313554966
1679313554965,1679313554975
1679313554929,1679313554996
1679313554994,1679313555031
1679313554966,1679313555033
1679313554995,1679313555040
1679313555050,1679313555060
1679313555084,1679313555092
1679313555101,1679313555105
1679313554847,1679313555108
1679313555062,1679313555111
1679313555101,1679313555125
1679313555083,1679313555197
1679313555304,1679313555335
1679313555291,1679313555364
1679313555374,1679313555378
1679313555339,1679313555391
1679313555377,1679313555391
1679313555384,1679313555404
1679313555380,1679313555437
1679313555291,1679313555439
1679313555402,1679313555440
1679313555481,1679313555514
1679313555485,1679313555522
1679313555384,1679313555558
1679313555531,1679313555564
1679313555578,1679313555605
1679313555592,1679313555629
1679313555580,1679313555629
1679313555582,1679313555657
1679313555619,1679313555675
1679313555665,1679313555675
1679313555707,1679313555733
1679313555768,1679313555778
1679313555673,1679313555787
1679313555735,1679313555801
1679313555748,1679313555816
1679313555750,1679313555818
1679313555833,1679313555853
1679313555923,1679313555930
1679313555949,1679313555962
1679313555945,1679313555987
1679313555973,1679313556001
1679313556011,1679313556045
1679313556050,1679313556058
1679313555998,1679313556077
1679313556119,1679313556133
1679313556076,1679313556158
1679313556115,1679313556168
1679313556152,1679313556183
1679313556152,1679313556188
1679313556086,1679313556204
1679313556048,1679313556217
1679313556119,1679313556218
1679313556243,1679313556284
1679313556272,1679313556289
1679313556188,1679313556308
1679313556384,1679313556395
1679313556316,1679313556412
1679313556420,1679313556427
1679313556349,1679313556433
1679313556284,1679313556467
1679313556578,1679313556588
1679313556594,1679313556599
1679313556525,1679313556616
1679313556651,1679313556671
1679313556637,1679313556679
1679313556682,1679313556726
1679313556703,1679313556738
1679313556705,1679313556842
1679313556810,1679313556870
1679313556871,1679313556887
1679313556871,1679313556911
1679313556832,1679313556914
1679313556871,1679313556916
1679313556892,1679313556917
1679313556923,1679313556949
1679313556883,1679313556973
1679313556919,1679313556979
1679313556993,1679313557020
1679313556972,1679313557036
1679313557039,1679313557049
1679313557029,1679313557066
1679313557018,1679313557071
1679313557011,1679313557074
1679313557042,1679313557075
1679313557023,1679313557082
1679313557148,1679313557243
1679313557180,1679313557268
1679313557158,1679313557277
1679313557016,1679313557293
1679313557274,1679313557299
1679313557303,1679313557316
1679313557377,1679313557407
1679313557386,1679313557408
1679313557398,1679313557427
1679313557391,1679313557443
1679313557452,1679313557488
1679313557495,1679313557507
1679313557426,1679313557516
1679313557347,1679313557541
1679313557394,1679313557551
1679313557549,1679313557561
1679313557447,1679313557564
1679313557542,1679313557595
1679313557626,1679313557635
1679313557618,1679313557718
1679313557697,1679313557753
1679313557754,1679313557758
1679313557738,1679313557765
1679313557767,1679313557772
1679313557769,1679313557811
1679313557807,1679313557812
1679313557767,1679313557832
1679313557910,1679313557927
1679313557954,1679313557965
1679313557799,1679313557983
1679313557995,1679313558029
1679313558085,1679313558091
1679313558099,1679313558124
1679313558113,1679313558148
1679313558120,1679313558153
1679313558119,1679313558168
1679313558129,1679313558170
1679313557999,1679313558188
1679313558129,1679313558193
1679313558139,1679313558193
1679313558043,1679313558221
1679313558110,1679313558225
1679313558028,1679313558239
1679313558241,1679313558247
1679313558263,1679313558270
1679313558042,1679313558273
1679313558278,1679313558282
1679313558250,1679313558302
1679313558328,1679313558363
1679313558343,1679313558379
1679313558231,1679313558402
1679313558295,1679313558417
1679313558347,1679313558457
1679313558479,1679313558514
1679313558425,1679313558528
1679313558495,1679313558540
1679313558464,1679313558567
1679313558541,1679313558567
1679313558596,1679313558601
1679313558626,1679313558635
1679313558621,1679313558663
1679313558746,1679313558821
1679313558724,1679313558845
1679313558804,1679313558865
1679313558775,1679313558879
1679313558888,1679313558895
1679313558793,1679313558899
1679313558756,1679313558903
1679313558853,1679313558914
1679313558856,1679313558917
1679313558880,1679313558940
1679313558931,1679313558951
1679313558923,1679313558982
1679313559046,1679313559109
1679313559133,1679313559147
1679313559019,1679313559177
1679313559166,1679313559195
1679313559168,1679313559206
1679313559207,1679313559218
1679313559229,1679313559251
1679313559229,1679313559254
1679313559260,1679313559270
1679313559197,1679313559271
1679313559305,1679313559332
1679313559335,1679313559387
1679313559393,1679313559408
1679313559440,1679313559462
1679313559440,1679313559481
1679313559480,1679313559485
1679313559481,1679313559485
1679313559525,1679313559588
1679313559500,1679313559608
1679313559627,1679313559654
1679313559584,1679313559656
1679313559661,1679313559689
1679313559659,1679313559718
1679313559693,1679313559733
1679313559663,1679313559790
1679313559762,1679313559790
1679313559739,1679313559802
1679313559819,1679313559841
1679313559781,1679313559853
1679313559823,1679313559877
1679313559857,1679313559885
1679313559865,1679313559956
1679313559928,1679313559976
1679313559947,1679313559979
1679313559996,1679313560032
1679313559933,1679313560038
1679313559905,1679313560043
1679313559993,1679313560124
1679313560089,1679313560134
1679313560089,1679313560155
1679313560118,1679313560156
1679313560150,1679313560176
1679313560000,1679313560179
1679313560113,1679313560198
1679313560109,1679313560210
1679313560094,1679313560215
1679313560209,1679313560234
1679313560165,1679313560235
1679313560123,1679313560239
1679313560265,1679313560328
1679313560411,1679313560434
1679313560415,1679313560440
1679313560445,1679313560459
1679313560441,1679313560517
1679313560435,1679313560530
1679313560514,1679313560575
1679313560573,1679313560586
1679313560586,1679313560638
1679313560615,1679313560651
1679313560503,1679313560653
1679313560651,1679313560657
1679313560629,1679313560668
1679313560684,1679313560708
1679313560689,1679313560712
1679313560728,1679313560775
1679313560728,1679313560830
1679313560768,1679313560837
1679313560851,1679313560883
1679313560813,1679313560916
1679313560913,1679313560923
1679313560876,1679313560924
1679313560949,1679313560952
1679313560969,1679313560986
1679313560921,1679313561006
1679313561085,1679313561095
1679313561134,1679313561141
1679313561128,1679313561148
1679313561131,1679313561150
1679313561051,1679313561151
1679313561144,1679313561178
1679313561119,1679313561186
1679313561134,1679313561227
1679313561200,1679313561248
1679313561202,1679313561276
1679313561302,1679313561313
1679313561296,1679313561319
1679313561308,1679313561319
1679313561315,1679313561330
1679313561266,1679313561355
1679313561347,1679313561356
1679313561352,1679313561374
1679313561333,1679313561385
1679313561404,1679313561410
1679313561428,1679313561437
1679313561368,1679313561450
1679313561431,1679313561482
1679313561469,1679313561494
1679313561433,1679313561558
1679313561578,1679313561634
1679313561603,1679313561638
1679313561729,1679313561750
1679313561880,1679313561892
1679313561857,1679313561915
1679313561831,1679313561916
1679313561922,1679313561974
1679313561976,1679313562005
1679313561901,1679313562014
1679313561907,1679313562028
1679313562009,1679313562036
1679313562002,1679313562040
1679313562000,1679313562061
1679313562067,1679313562091
1679313562097,1679313562103
1679313562045,1679313562117
1679313562104,1679313562117
1679313562124,1679313562171
1679313562096,1679313562188
1679313562187,1679313562190
1679313562116,1679313562194
1679313562189,1679313562222
1679313562245,1679313562263
1679313562228,1679313562264
1679313562312,1679313562326
1679313562376,1679313562404
1679313562426,1679313562429
1679313562444,1679313562468
1679313562436,1679313562471
1679313562541,1679313562554
1679313562533,1679313562573
1679313562533,1679313562603
1679313562558,1679313562607
1679313562509,1679313562611
1679313562540,1679313562636
1679313562601,1679313562690
1679313562634,1679313562690
1679313562750,1679313562765
1679313562743,1679313562772
1679313562732,1679313562782
1679313562782,1679313562787
1679313562667,1679313562839
1679313562841,1679313562851
1679313562867,1679313562877
1679313562814,1679313562882
1679313562875,1679313562907
1679313562734,1679313562943
1679313562925,1679313562967
1679313562879,1679313562998
1679313562993,1679313563018
1679313563032,1679313563107
1679313563090,1679313563109
1679313563109,1679313563182
1679313563176,1679313563193
1679313563184,1679313563197
1679313563146,1679313563208
1679313563179,1679313563212
1679313563180,1679313563226
1679313563181,1679313563233
1679313563170,1679313563312
1679313563155,1679313563327
1679313563281,1679313563339
1679313563365,1679313563401
1679313563424,1679313563445
1679313563376,1679313563455
1679313563441,1679313563479
1679313563477,1679313563508
1679313563503,1679313563515
1679313563515,1679313563546
1679313563535,1679313563549
1679313563559,1679313563594
1679313563556,1679313563643
1679313563659,1679313563663
1679313563636,1679313563688
1679313563644,1679313563703
1679313563683,1679313563704
1679313563746,1679313563756
1679313563673,1679313563758
1679313563781,1679313563796
1679313563807,1679313563809
1679313563787,1679313563816
1679313563769,1679313563853
1679313563838,1679313563855
1679313563900,1679313563903
1679313563888,1679313563905
1679313563894,1679313563953
1679313563974,1679313563995
1679313563999,1679313564002
1679313563898,1679313564013
1679313563992,1679313564049
1679313563940,1679313564059
1679313563999,1679313564064
1679313563983,1679313564071
1679313564074,1679313564092
1679313564057,1679313564096
1679313564130,1679313564147
1679313564157,1679313564199
1679313564215,1679313564235
1679313564099,1679313564270
1679313564260,1679313564326
1679313564335,1679313564368
1679313564359,1679313564381
1679313564394,1679313564402
1679313564391,1679313564421
1679313564444,1679313564458
1679313564445,1679313564461
1679313564461,1679313564471
1679313564413,1679313564476
1679313564462,1679313564483
1679313564469,1679313564483
1679313564538,1679313564547
1679313564499,1679313564549
1679313564499,1679313564626
1679313564624,1679313564653
1679313564623,1679313564678
1679313564612,1679313564705
1679313564568,1679313564720
1679313564765,1679313564779
1679313564503,1679313564803
1679313564817,1679313564840
1679313564821,1679313564869
1679313564911,1679313564921
1679313564918,1679313564956
1679313564969,1679313564979
1679313565001,1679313565012
1679313565019,1679313565032
1679313565040,1679313565052
1679313565080,1679313565088
1679313565031,1679313565105
1679313565092,1679313565166
1679313565133,1679313565196
1679313565201,1679313565230
1679313565135,1679313565284
1679313565276,1679313565285
1679313565231,1679313565307
1679313565263,1679313565309
1679313565210,1679313565321
1679313565230,1679313565328
1679313565301,1679313565345
1679313565275,1679313565360
1679313565259,1679313565401
1679313565371,1679313565445
1679313565202,1679313565486
1679313565577,1679313565579
1679313565580,1679313565583
1679313565586,1679313565593
1679313565597,1679313565640
1679313565613,1679313565729
1679313565720,1679313565737
1679313565738,1679313565742
1679313565750,1679313565762
1679313565751,1679313565765
1679313565723,1679313565789
1679313565720,1679313565820
1679313565863,1679313565947
1679313565881,1679313565952
1679313565925,1679313565959
1679313565927,1679313565967
1679313565938,1679313565984
1679313566033,1679313566047
1679313566077,1679313566103
1679313566077,1679313566112
1679313566048,1679313566117
1679313566121,1679313566188
1679313566108,1679313566213
1679313566050,1679313566233
1679313566262,1679313566270
1679313566255,1679313566287
1679313566252,1679313566299
1679313566206,1679313566308
1679313566252,1679313566313
1679313566174,1679313566318
1679313566336,1679313566344
1679313566333,1679313566392
1679313566393,1679313566413
1679313566308,1679313566420
1679313566415,1679313566456
1679313566418,1679313566487
1679313566444,1679313566504
1679313566521,1679313566546
1679313566440,1679313566546
1679313566481,1679313566559
1679313566516,1679313566613
1679313566581,1679313566661
1679313566777,1679313566783
1679313566782,1679313566796
1679313566732,1679313566802
1679313566754,1679313566817
1679313566790,1679313566826
1679313566827,1679313566857
1679313566553,1679313566868
1679313566895,1679313566920
1679313566929,1679313566943
1679313566882,1679313566955
1679313566842,1679313566985
1679313566979,1679313567004
1679313566967,1679313567052
1679313567063,1679313567096
1679313567068,1679313567100
1679313567168,1679313567198
1679313567232,1679313567249
1679313567241,1679313567260
1679313567232,1679313567261
1679313567255,1679313567262
1679313567195,1679313567266
1679313567292,1679313567300
1679313567306,1679313567335
1679313567120,1679313567345
1679313567318,1679313567353
1679313567476,1679313567517
1679313567524,1679313567530
1679313567484,1679313567544
1679313567442,1679313567588
1679313567528,1679313567598
1679313567629,1679313567644
1679313567598,1679313567664
1679313567611,1679313567670
1679313567637,1679313567673
1679313567565,1679313567702
1679313567712,1679313567729
1679313567781,1679313567788
1679313567813,1679313567819
1679313567838,1679313567870
1679313567854,1679313567877
1679313567881,1679313567930
1679313567937,1679313568013
1679313568011,1679313568048
1679313568067,1679313568072
1679313567990,1679313568077
1679313568055,1679313568081
1679313568023,1679313568082
1679313568145,1679313568170
1679313568170,1679313568174
1679313568130,1679313568189
1679313568149,1679313568191
1679313568109,1679313568215
1679313568195,1679313568225
1679313568229,1679313568259
1679313568345,1679313568365
1679313568353,1679313568396
1679313568378,1679313568407
1679313568358,1679313568416
1679313568301,1679313568442
1679313568438,1679313568482
1679313568483,1679313568489
1679313568492,1679313568520
1679313568493,1679313568544
1679313568518,1679313568557
1679313568566,1679313568576
1679313568322,1679313568642
1679313568653,1679313568659
1679313568607,1679313568683
1679313568494,1679313568686
1679313568643,1679313568697
1679313568701,1679313568706
1679313568535,1679313568736
1679313568731,1679313568744
1679313568744,1679313568769
1679313568715,1679313568777
1679313568804,1679313568835
1679313568795,1679313568854
1679313568795,1679313568856
1679313568815,1679313568884
1679313568915,1679313568966
1679313568941,1679313569030
1679313569022,1679313569045
1679313568981,1679313569059
1679313569064,1679313569092
1679313569070,1679313569115
1679313569069,1679313569138
1679313569140,1679313569157
1679313569163,1679313569195
1679313569169,1679313569203
1679313569202,1679313569206
1679313569127,1679313569209
1679313569235,1679313569242
1679313569116,1679313569277
1679313569259,1679313569303
1679313569288,1679313569331
1679313569258,1679313569332
1679313569313,1679313569353
1679313569301,1679313569357
1679313569319,1679313569365
1679313569376,1679313569428
1679313569330,1679313569432
1679313569353,1679313569437
1679313569451,1679313569497
1679313569611,1679313569636
1679313569673,1679313569732
1679313569612,1679313569745
1679313569651,1679313569756
1679313569757,1679313569793
1679313569785,1679313569833
1679313569716,1679313569839
1679313569825,1679313569853
1679313569879,1679313569913
1679313569792,1679313569921
1679313569933,1679313569943
1679313569949,1679313569988
1679313570007,1679313570024
1679313570108,1679313570132
1679313570063,1679313570188
1679313570197,1679313570202
1679313570139,1679313570204
1679313570143,1679313570227
1679313570251,1679313570256
1679313570047,1679313570268
1679313570251,1679313570276
1679313570130,1679313570287
1679313570261,1679313570296
1679313570287,1679313570324
1679313570251,1679313570343
1679313570336,1679313570358
1679313570334,1679313570359
1679313570315,1679313570373
1679313570282,1679313570396
1679313570293,1679313570459
1679313570455,1679313570459
1679313570415,1679313570471
1679313570421,1679313570510
1679313570356,1679313570514
1679313570486,1679313570542
1679313570551,1679313570564
1679313570463,1679313570574
1679313570598,1679313570622
1679313570731,1679313570738
1679313570741,1679313570760
1679313570732,1679313570762
1679313570770,1679313570777
1679313570754,1679313570778
1679313570705,1679313570789
1679313570860,1679313570889
1679313570759,1679313570922
1679313570972,1679313570978
1679313570884,1679313571020
1679313571009,1679313571033
1679313570982,1679313571044
1679313570863,1679313571048
1679313570861,1679313571059
1679313571070,1679313571078
1679313570831,1679313571084
1679313570825,1679313571086
1679313571015,1679313571107
1679313570897,1679313571124
1679313571097,1679313571134
1679313571132,1679313571137
1679313571173,1679313571183
1679313571224,1679313571250
1679313571241,1679313571277
1679313571286,1679313571328
1679313571180,1679313571344
1679313571321,1679313571368
1679313571292,1679313571385
1679313571490,1679313571530
1679313571483,1679313571539
1679313571537,1679313571543
1679313571481,1679313571599
1679313571536,1679313571602
1679313571511,1679313571602
1679313571666,1679313571679
1679313571676,1679313571694
1679313571684,1679313571723
1679313571748,1679313571762
1679313571764,1679313571777
1679313571642,1679313571797
1679313571684,1679313571856
1679313571742,1679313571874
1679313571884,1679313571896
1679313571920,1679313571935
1679313571857,1679313571949
1679313571862,1679313571971
1679313571958,1679313571972
1679313571896,1679313571991
1679313571917,1679313572030
1679313572059,1679313572072
1679313572036,1679313572091
1679313572053,1679313572126
1679313572034,1679313572190
1679313572191,1679313572210
1679313572128,1679313572215
1679313572260,1679313572317
1679313572337,1679313572374
1679313572499,1679313572502
1679313572480,1679313572515
1679313572535,1679313572592
1679313572497,1679313572606
1679313572552,1679313572617
1679313572613,1679313572624
1679313572618,1679313572635
1679313572597,1679313572638
1679313572625,1679313572642
1679313572665,1679313572677
1679313572672,1679313572685
1679313572662,1679313572690
1679313572644,1679313572695
1679313572768,1679313572805
1679313572683,1679313572840
1679313572860,1679313572867
1679313572900,1679313572918
1679313572900,1679313573000
1679313573019,1679313573038
1679313573022,1679313573054
1679313573030,1679313573056
1679313573038,1679313573097
1679313572996,1679313573138
1679313573127,1679313573155
1679313573120,1679313573172
1679313573101,1679313573192
1679313573204,1679313573232
1679313573214,1679313573244
1679313573162,1679313573247
1679313573234,1679313573265
1679313573235,1679313573273
1679313573268,1679313573277
1679313573273,1679313573337
1679313573321,1679313573347
1679313573313,1679313573355
1679313573343,1679313573403
1679313573417,1679313573427
1679313573430,1679313573434
1679313573423,1679313573440
1679313573434,1679313573447
1679313573408,1679313573467
1679313573442,1679313573497
1679313573471,1679313573521
1679313573246,1679313573522
1679313573669,1679313573692
1679313573697,1679313573704
1679313573669,1679313573739
1679313573748,1679313573813
1679313573812,1679313573853
1679313573793,1679313573879
1679313573824,1679313573890
1679313573785,1679313573912
1679313573862,1679313573927
1679313573919,1679313573954
1679313573835,1679313573990
1679313573869,1679313573991
1679313573950,1679313574023
1679313574039,1679313574044
1679313573792,1679313574071
1679313574069,1679313574106
1679313574067,1679313574106
1679313573991,1679313574136
1679313574134,1679313574152
1679313574189,1679313574211
1679313574184,1679313574240
1679313574175,1679313574248
1679313574150,1679313574250
1679313574241,1679313574272
1679313574293,1679313574315
1679313574283,1679313574321
1679313574463,1679313574467
1679313574451,1679313574471
1679313574423,1679313574472
1679313574475,1679313574482
1679313574481,1679313574498
1679313574478,1679313574516
1679313574471,1679313574524
1679313574470,1679313574534
1679313574455,1679313574538
1679313574599,1679313574606
1679313574496,1679313574613
1679313574522,1679313574664
1679313574598,1679313574674
1679313574599,1679313574696
1679313574669,1679313574715
1679313574749,1679313574768
1679313574753,1679313574790
1679313574615,1679313574791
1679313574816,1679313574822
1679313574811,1679313574841
1679313574762,1679313574860
1679313574846,1679313574906
1679313574867,1679313574953
1679313574857,1679313574975
1679313574942,1679313574998
1679313574947,1679313575042
1679313575020,1679313575088
1679313575071,1679313575096
1679313575093,1679313575108
1679313575075,1679313575110
1679313575119,1679313575128
1679313575092,1679313575131
1679313575135,1679313575167
1679313575153,1679313575177
1679313575165,1679313575178
1679313575143,1679313575182
1679313575182,1679313575215
1679313575183,1679313575246
1679313575165,1679313575253
1679313575243,1679313575256
1679313575218,1679313575306
1679313575333,1679313575354
1679313575359,1679313575362
1679313575324,1679313575412
1679313575401,1679313575413
1679313575323,1679313575436
1679313575428,1679313575451
1679313575401,1679313575468
1679313575492,1679313575495
1679313575453,1679313575504
1679313575432,1679313575525
1679313575537,1679313575555
1679313575549,1679313575568
1679313575539,1679313575620
1679313575652,1679313575670
1679313575608,1679313575737
1679313575737,1679313575807
1679313575802,1679313575825
1679313575830,1679313575835
1679313575843,1679313575858
1679313575853,1679313575909
1679313575896,1679313575915
1679313575910,1679313575917
1679313575916,1679313575920
1679313575954,1679313576013
1679313576005,1679313576016
1679313576015,1679313576029
1679313576045,1679313576059
1679313576017,1679313576072
1679313576049,1679313576086
1679313576095,1679313576142
1679313576137,1679313576183
1679313576118,1679313576183
1679313576169,1679313576260
1679313576293,1679313576300
1679313576311,1679313576385
1679313576391,1679313576395
1679313576384,1679313576414
1679313576379,1679313576421
1679313576449,1679313576453
1679313576453,1679313576472
1679313576466,1679313576496
1679313576536,1679313576557
1679313576576,1679313576581
1679313576574,1679313576604
1679313576570,1679313576629
1679313576638,1679313576643
1679313576652,1679313576657
1679313576559,1679313576674
1679313576639,1679313576691
1679313576646,1679313576699
1679313576713,1679313576748
1679313576712,1679313576779
1679313576758,1679313576783
1679313576672,1679313576788
1679313576776,1679313576843
1679313576840,1679313576844
1679313576867,1679313576883
1679313576867,1679313576895
1679313576975,1679313577006
1679313576909,1679313577011
1679313576889,1679313577022
1679313576939,1679313577057
1679313577055,1679313577066
1679313577026,1679313577085
1679313577045,1679313577089
1679313577107,1679313577118
1679313577147,1679313577151
1679313577089,1679313577171
1679313577169,1679313577176
1679313577146,1679313577241
1679313577218,1679313577292
1679313577283,1679313577322
1679313577254,1679313577323
1679313577276,1679313577378
1679313577368,1679313577386
1679313577344,1679313577394
1679313577254,1679313577415
1679313577479,1679313577506
1679313577534,1679313577539
1679313577459,1679313577557
1679313577552,1679313577592
1679313577580,1679313577607
1679313577539,1679313577635
1679313577556,1679313577640
1679313577560,1679313577641
1679313577628,1679313577669
1679313577603,1679313577694
1679313577682,1679313577714
1679313577639,1679313577716
1679313577705,1679313577752
1679313577690,1679313577792
1679313577794,1679313577801
1679313577636,1679313577814
1679313577804,1679313577821
1679313577770,1679313577842
1679313577894,1679313577910
1679313577882,1679313577915
1679313577900,1679313577925
1679313577899,1679313577926
1679313577957,1679313577980
1679313577972,1679313578000
1679313578025,1679313578052
1679313578118,1679313578139
1679313578212,1679313578258
1679313578269,1679313578292
1679313578198,1679313578303
1679313578228,1679313578325
1679313578156,1679313578342
1679313578314,1679313578350
1679313578371,1679313578375
1679313578412,1679313578438
1679313578292,1679313578443
1679313578397,1679313578451
1679313578450,1679313578463
1679313578434,1679313578464
1679313578485,1679313578491
1679313578476,1679313578493
1679313578488,1679313578501
1679313578488,1679313578526
1679313578553,1679313578557
1679313578566,1679313578629
1679313578594,1679313578647
1679313578660,1679313578694
1679313578702,1679313578714
1679313578638,1679313578734
1679313578629,1679313578746
1679313578794,1679313578803
1679313578767,1679313578806
1679313578829,1679313578832
1679313578813,1679313578872
1679313578726,1679313578877
1679313578852,1679313578881
1679313578881,1679313578972
1679313578931,1679313578978
1679313578979,1679313578992
1679313578954,1679313578997
1679313578889,1679313579010
1679313579008,1679313579038
1679313579055,1679313579059
1679313579061,1679313579073
1679313578979,1679313579077
1679313579057,1679313579081
1679313579102,1679313579139
1679313579169,1679313579189
1679313579162,1679313579207
1679313579225,1679313579230
1679313579130,1679313579231
1679313579220,1679313579241
1679313579136,1679313579245
1679313579282,1679313579291
1679313579242,1679313579327
1679313579315,1679313579369
1679313579424,1679313579428
1679313579425,1679313579432
1679313579428,1679313579448
1679313579400,1679313579453
1679313579377,1679313579454
1679313579403,1679313579469
1679313579449,1679313579493
1679313579512,1679313579563
1679313579544,1679313579564
1679313579569,1679313579650
1679313579658,1679313579662
1679313579665,1679313579670
1679313579702,1679313579709
1679313579721,1679313579726
1679313579609,1679313579783
1679313579789,1679313579836
1679313579814,1679313579840
1679313579779,1679313579905
1679313579899,1679313579936
1679313579872,1679313579945
1679313579846,1679313579982
1679313580040,1679313580058
1679313580050,1679313580059
1679313580025,1679313580067
1679313580066,1679313580145
1679313580058,1679313580167
1679313580052,1679313580168
1679313580117,1679313580169
1679313580103,1679313580169
1679313580099,1679313580189
1679313580140,1679313580218
1679313580196,1679313580223
1679313580134,1679313580224
1679313580144,1679313580236
1679313580277,1679313580316
1679313580289,1679313580334
1679313580231,1679313580345
1679313580290,1679313580395
1679313580408,1679313580423
1679313580401,1679313580450
1679313580443,1679313580457
1679313580442,1679313580464
1679313580515,1679313580521
1679313580380,1679313580530
1679313580516,1679313580558
1679313580564,1679313580591
1679313580608,1679313580617
1679313580611,1679313580623
1679313580613,1679313580641
1679313580623,1679313580643
1679313580587,1679313580649
1679313580592,1679313580675
1679313580592,1679313580676
1679313580608,1679313580691
1679313580688,1679313580694
1679313580691,1679313580706
1679313580669,1679313580707
1679313580689,1679313580708
1679313580693,1679313580791
1679313580845,1679313580872
1679313580737,1679313580883
1679313580708,1679313580890
1679313580883,1679313580922
1679313580943,1679313580953
1679313580901,1679313580955
1679313580948,1679313580978
1679313580839,1679313581004
1679313580985,1679313581012
1679313581028,1679313581041
1679313581045,1679313581051
1679313581019,1679313581071
1679313581052,1679313581101
1679313581119,1679313581129
1679313581089,1679313581166
1679313581158,1679313581184
1679313581119,1679313581229
1679313581193,1679313581253
1679313581202,1679313581322
1679313581354,1679313581367
1679313581383,1679313581405
1679313581387,1679313581446
1679313581477,1679313581481
1679313581481,1679313581517
1679313581383,1679313581532
1679313581395,1679313581573
1679313581572,1679313581597
1679313581528,1679313581629
1679313581542,1679313581647
1679313581683,1679313581700
1679313581685,1679313581701
1679313581677,1679313581721
1679313581641,1679313581722
1679313581684,1679313581735
1679313581747,1679313581773
1679313581775,1679313581795
1679313581765,1679313581811
1679313581765,1679313581816
1679313581675,1679313581847
1679313581894,1679313581901
1679313581837,1679313581906
1679313581826,1679313581920
1679313581964,1679313581991
1679313582009,1679313582030
1679313581949,1679313582038
1679313582020,1679313582111
1679313582109,1679313582124
1679313582066,1679313582149
1679313582109,1679313582160
1679313582133,1679313582162
1679313582169,1679313582187
1679313582240,1679313582252
1679313582262,1679313582274
1679313582309,1679313582320
1679313582242,1679313582343
1679313582242,1679313582358
1679313582267,1679313582359
1679313582383,1679313582405
1679313582377,1679313582424
1679313582422,1679313582489
1679313582461,1679313582493
1679313582486,1679313582499
1679313582493,1679313582505
1679313582404,1679313582515
1679313582529,1679313582582
1679313582496,1679313582591
1679313582562,1679313582596
1679313582589,1679313582635
1679313582635,1679313582654
1679313582673,1679313582689
1679313582683,1679313582701
1679313582699,1679313582724
1679313582729,1679313582736
1679313582743,1679313582760
1679313582812,1679313582817
1679313582692,1679313582821
1679313582760,1679313582847
1679313582851,1679313582862
1679313582876,1679313582882
1679313582857,1679313582891
1679313582857,1679313582901
1679313582912,1679313582915
1679313582916,1679313582927
1679313582909,1679313582945
1679313582932,1679313582988
1679313582992,1679313582999
1679313583025,1679313583031
1679313582988,1679313583055
1679313582945,1679313583061
1679313583069,1679313583073
1679313583093,1679313583140
1679313583138,1679313583160
1679313583148,1679313583190
1679313583221,1679313583231
1679313583222,1679313583242
1679313583249,1679313583284
1679313583230,1679313583287
1679313583200,1679313583313
1679313583320,1679313583344
1679313583357,1679313583392
1679313583408,1679313583421
1679313583397,1679313583465
1679313583477,1679313583494
1679313583520,1679313583529
1679313583447,1679313583539
1679313583573,1679313583599
1679313583636,1679313583655
1679313583516,1679313583658
1679313583592,1679313583666
1679313583608,1679313583673
1679313583531,1679313583714
1679313583654,1679313583742
1679313583738,1679313583750
1679313583756,1679313583824
1679313583848,1679313583874
1679313583874,1679313583885
1679313583883,1679313583908
1679313583891,1679313583958
1679313584074,1679313584090
1679313584079,1679313584096
1679313584065,1679313584124
1679313584083,1679313584125
1679313583989,1679313584156
1679313584145,1679313584162
1679313583981,1679313584162
1679313584149,1679313584178
1679313584125,1679313584186
1679313584179,1679313584197
1679313584186,1679313584197
1679313584168,1679313584220
1679313584272,1679313584299
1679313584236,1679313584317
1679313584211,1679313584344
1679313584462,1679313584493
1679313584375,1679313584504
1679313584321,1679313584511
1679313584453,1679313584518
1679313584346,1679313584521
1679313584304,1679313584554
1679313584598,1679313584667
1679313584659,1679313584675
1679313584634,1679313584689
1679313584710,1679313584733
1679313584695,1679313584744
1679313584715,1679313584773
1679313584767,1679313584793
1679313584757,1679313584802
1679313584744,1679313584804
1679313584754,1679313584804
1679313584719,1679313584805
1679313584763,1679313584808
1679313584634,1679313584810
1679313584773,1679313584828
1679313584677,1679313584838
1679313584767,1679313584854
1679313584781,1679313584872
1679313584778,1679313584895
1679313584969,1679313584975
1679313584959,1679313584985
1679313584980,1679313584987
1679313584827,1679313585000
1679313584929,1679313585098
1679313585151,1679313585194
1679313585238,1679313585275
1679313585267,1679313585280
1679313585267,1679313585286
1679313585245,1679313585301
1679313585246,1679313585339
1679313585241,1679313585344
1679313585353,1679313585363
1679313585317,1679313585367
1679313585376,1679313585400
1679313585415,1679313585471
1679313585359,1679313585494
1679313585465,1679313585497
1679313585446,1679313585525
1679313585471,1679313585539
1679313585446,1679313585546
1679313585498,1679313585555
1679313585544,1679313585574
1679313585465,1679313585585
1679313585589,1679313585621
1679313585584,1679313585657
1679313585559,1679313585666
1679313585662,1679313585667
1679313585709,1679313585732
1679313585681,1679313585770
1679313585759,1679313585808
1679313585879,1679313585900
1679313585898,1679313585907
1679313585885,1679313585914
1679313585873,1679313585928
1679313585889,1679313585969
1679313585862,1679313585974
1679313585962,1679313585983
1679313585893,1679313585989
1679313586039,1679313586060
1679313586065,1679313586093
1679313586071,1679313586166
1679313586270,1679313586303
1679313586238,1679313586325
1679313586179,1679313586358
1679313586354,1679313586383
1679313586383,1679313586408
1679313586421,1679313586442
1679313586413,1679313586442
1679313586389,1679313586445
1679313586478,1679313586525
1679313586524,1679313586531
1679313586522,1679313586535
1679313586506,1679313586536
1679313586554,1679313586560
1679313586512,1679313586565
1679313586526,1679313586591
1679313586548,1679313586605
1679313586639,1679313586653
1679313586627,1679313586682
1679313586619,1679313586710
1679313586711,1679313586730
1679313586663,1679313586736
1679313586687,1679313586760
1679313586766,1679313586779
1679313586777,1679313586785
1679313586764,1679313586806
1679313586795,1679313586836
1679313586857,1679313586869
1679313586875,1679313586888
1679313586830,1679313586889
1679313586892,1679313586911
1679313586883,1679313586932
1679313586928,1679313586944
1679313586952,1679313586970
1679313586957,1679313587012
1679313586926,1679313587035
1679313586934,1679313587038
1679313587041,1679313587044
1679313587022,1679313587072
1679313587103,1679313587126
1679313587057,1679313587137
1679313587199,1679313587207
1679313587177,1679313587220
1679313587208,1679313587250
1679313587225,1679313587257
1679313587276,1679313587281
1679313587307,1679313587312
1679313587310,1679313587329
1679313587257,1679313587340
1679313587372,1679313587385
1679313587363,1679313587437
1679313587418,1679313587447
1679313587400,1679313587470
1679313587495,1679313587511
1679313587519,1679313587523
1679313587633,1679313587748
1679313587713,1679313587814
1679313587921,1679313587926
1679313587729,1679313587976
1679313587975,1679313587996
1679313587930,1679313588003
1679313587949,1679313588012
1679313587889,1679313588036
1679313587954,1679313588047
1679313587907,1679313588073
1679313587949,1679313588095
1679313588087,1679313588099
1679313588098,1679313588138
1679313588030,1679313588162
1679313588161,1679313588176
1679313588160,1679313588182
1679313588218,1679313588234
1679313588232,1679313588244
1679313588264,1679313588288
1679313588245,1679313588301
1679313588344,1679313588349
1679313588323,1679313588359
1679313588247,1679313588365
1679313588095,1679313588367
1679313588402,1679313588418
1679313588403,1679313588434
1679313588410,1679313588467
1679313588401,1679313588470
1679313588574,1679313588579
1679313588574,1679313588587
1679313588519,1679313588608
1679313588610,1679313588675
1679313588697,1679313588704
1679313588647,1679313588721
1679313588678,1679313588721
1679313588699,1679313588739
1679313588729,1679313588742
1679313588758,1679313588773
1679313588768,1679313588774
1679313588804,1679313588825
1679313588841,1679313588866
1679313588749,1679313588875
1679313588902,1679313588906
1679313588905,1679313588932
1679313588943,1679313589076
1679313589076,1679313589082
1679313589057,1679313589082
1679313589027,1679313589101
1679313589177,1679313589192
1679313589207,1679313589225
1679313589165,1679313589264
1679313589253,1679313589269
1679313589269,1679313589281
1679313589227,1679313589303
1679313589296,1679313589319
1679313589121,1679313589388
1679313589327,1679313589407
1679313589412,1679313589416
1679313589336,1679313589423
1679313589461,1679313589466
1679313589436,1679313589484
1679313589511,1679313589527
1679313589562,1679313589570
1679313589546,1679313589573
1679313589578,1679313589581
1679313589491,1679313589695
1679313589597,1679313589713
1679313589652,1679313589715
1679313589690,1679313589716
1679313589677,1679313589719
1679313589740,1679313589744
1679313589679,1679313589754
1679313589803,1679313589849
1679313589866,1679313589881
1679313589866,1679313589900
1679313589917,1679313589922
1679313589925,1679313589983
1679313589930,1679313589996
1679313589907,1679313590023
1679313589924,1679313590026
1679313589989,1679313590062
1679313590110,1679313590126
1679313590154,1679313590203
1679313590073,1679313590224
1679313590149,1679313590264
1679313590247,1679313590271
1679313590297,1679313590303
1679313590282,1679313590313
1679313590308,1679313590327
1679313590365,1679313590393
1679313590376,1679313590401
1679313590343,1679313590406
1679313590337,1679313590417
1679313590353,1679313590438
1679313590404,1679313590439
1679313590438,1679313590442
1679313590516,1679313590591
1679313590613,1679313590627
1679313590597,1679313590680
1679313590649,1679313590686
1679313590628,1679313590705
1679313590697,1679313590707
1679313590690,1679313590735
1679313590787,1679313590796
1679313590667,1679313590799
1679313590841,1679313590861
1679313590870,1679313590874
1679313590867,1679313590880
1679313590832,1679313590886
1679313590853,1679313590900
1679313590913,1679313590939
1679313590924,1679313590941
1679313590937,1679313590969
1679313590967,1679313590971
1679313590874,1679313590993
1679313590944,1679313591004
1679313591011,1679313591026
1679313590928,1679313591049
1679313591101,1679313591108
1679313591028,1679313591109
1679313591026,1679313591120
1679313590988,1679313591191
1679313591182,1679313591196
1679313591164,1679313591262
1679313591196,1679313591286
1679313591159,1679313591289
1679313591159,1679313591289
1679313591287,1679313591304
1679313591288,1679313591315
1679313591221,1679313591316
1679313591199,1679313591331
1679313590863,1679313591343
1679313591170,1679313591364
1679313591324,1679313591414
1679313591361,1679313591444
1679313591415,1679313591494
1679313591408,1679313591510
1679313591597,1679313591603
1679313591670,1679313591695
1679313591707,1679313591714
1679313591690,1679313591714
1679313591626,1679313591717
1679313591766,1679313591774
1679313591741,1679313591783
1679313591815,1679313591850
1679313591824,1679313591959
1679313591968,1679313591976
1679313591917,1679313591988
1679313591961,1679313591990
1679313591995,1679313592022
1679313592044,1679313592050
1679313591961,1679313592080
1679313592057,1679313592082
1679313592092,1679313592104
1679313592098,1679313592122
1679313592019,1679313592164
1679313592085,1679313592168
1679313592131,1679313592239
1679313592205,1679313592240
1679313592189,1679313592244
1679313592258,1679313592264
1679313592233,1679313592286
1679313592273,1679313592294
1679313592219,1679313592306
1679313592375,1679313592384
1679313592374,1679313592400
1679313592363,1679313592420
1679313592341,1679313592421
1679313592408,1679313592426
1679313592422,1679313592433
1679313592455,1679313592463
1679313592475,1679313592515
1679313592183,1679313592541
1679313592420,1679313592541
1679313592565,1679313592577
1679313592630,1679313592677
1679313592603,1679313592702
1679313592704,1679313592716
1679313592713,1679313592727
1679313592711,1679313592732
1679313592717,1679313592748
1679313592731,1679313592751
1679313592769,1679313592776
1679313592761,1679313592844
1679313592833,1679313592845
1679313592868,1679313592875
1679313592908,1679313592949
1679313592988,1679313593001
1679313592991,1679313593005
1679313592981,1679313593013
1679313593000,1679313593035
1679313593038,1679313593062
1679313592997,1679313593088
1679313593002,1679313593091
1679313592964,1679313593091
1679313592954,1679313593164
1679313593057,1679313593179
1679313593172,1679313593183
1679313593097,1679313593195
1679313593191,1679313593200
1679313593200,1679313593224
1679313593141,1679313593243
1679313593169,1679313593256
1679313593268,1679313593280
1679313593275,1679313593286
1679313593290,1679313593295
1679313593022,1679313593303
1679313593316,1679313593332
1679313593317,1679313593380
1679313593363,1679313593390
1679313593416,1679313593429
1679313593405,1679313593528
1679313593466,1679313593549
1679313593429,1679313593562
1679313593615,1679313593620
1679313593608,1679313593620
1679313593625,1679313593658
1679313593753,1679313593769
1679313593830,1679313593834
1679313593834,1679313593847
1679313593785,1679313593849
1679313593835,1679313593856
1679313593841,1679313593863
1679313593888,1679313593896
1679313593849,1679313593898
1679313593948,1679313593978
1679313594003,1679313594018
1679313594076,1679313594085
1679313594118,1679313594138
1679313594055,1679313594140
1679313594125,1679313594154
1679313594044,1679313594175
1679313594158,1679313594260
1679313594159,1679313594262
1679313594309,1679313594332
1679313594297,1679313594345
1679313594347,1679313594363
1679313594337,1679313594369
1679313594279,1679313594377
1679313594385,1679313594395
1679313594326,1679313594402
1679313594418,1679313594453
1679313594455,1679313594481
1679313594480,1679313594485
1679313594473,1679313594507
1679313594491,1679313594524
1679313594499,1679313594530
1679313594537,1679313594552
1679313594541,1679313594554
1679313594564,1679313594683
1679313594682,1679313594707
1679313594688,1679313594716
1679313594720,1679313594736
1679313594755,1679313594796
1679313594807,1679313594832
1679313594826,1679313594858
1679313594855,1679313594892
1679313594722,1679313594910
1679313594940,1679313594952
1679313594917,1679313594984
1679313595019,1679313595028
1679313594979,1679313595066
1679313594920,1679313595077
1679313595056,1679313595087
1679313594960,1679313595100
1679313595085,1679313595103
1679313594993,1679313595144
1679313595143,1679313595148
1679313594942,1679313595170
1679313595117,1679313595173
1679313595187,1679313595202
1679313595307,1679313595323
1679313595272,1679313595371
1679313595322,1679313595380
1679313595369,1679313595389
1679313595252,1679313595411
1679313595360,1679313595417
1679313595459,1679313595528
1679313595532,1679313595551
1679313595586,1679313595623
1679313595613,1679313595636
1679313595610,1679313595636
1679313595631,1679313595651
1679313595676,1679313595686
1679313595611,1679313595726
1679313595719,1679313595771
1679313595743,1679313595782
1679313595733,1679313595790
1679313595638,1679313595813
1679313595768,1679313595871
1679313595852,1679313595891
1679313595849,1679313595898
1679313595836,1679313595908
1679313595953,1679313595993
1679313595883,1679313596004
1679313596032,1679313596118
1679313596098,1679313596136
1679313596135,1679313596144
1679313596173,1679313596176
1679313596161,1679313596180
1679313596174,1679313596193
1679313596231,1679313596238
1679313596222,1679313596241
1679313596144,1679313596246
1679313596153,1679313596265
1679313596176,1679313596303
1679313596260,1679313596315
1679313596298,1679313596432
1679313596496,1679313596512
1679313596492,1679313596514
1679313596529,1679313596539
1679313596521,1679313596552
1679313596498,1679313596555
1679313596550,1679313596573
1679313596244,1679313596602
1679313596616,1679313596641
1679313596609,1679313596664
1679313596553,1679313596671
1679313596446,1679313596687
1679313596693,1679313596702
1679313596641,1679313596715
1679313596703,1679313596729
1679313596751,1679313596752
1679313596749,1679313596761
1679313596686,1679313596762
1679313596758,1679313596821
1679313596810,1679313596851
1679313596881,1679313596901
1679313596913,1679313596955
1679313596970,1679313596990
1679313596921,1679313596993
1679313596869,1679313597021
1679313597018,1679313597039
1679313597055,1679313597066
1679313597039,1679313597081
1679313597104,1679313597119
1679313597046,1679313597120
1679313597027,1679313597139
1679313597141,1679313597165
1679313597148,1679313597180
1679313597178,1679313597192
1679313597210,1679313597236
1679313597213,1679313597262
1679313597289,1679313597297
1679313597351,1679313597359
1679313597309,1679313597361
1679313597233,1679313597376
1679313597438,1679313597444
1679313597321,1679313597445
1679313597365,1679313597461
1679313597478,1679313597507
1679313597410,1679313597509
1679313597510,1679313597535
1679313597507,1679313597539
1679313597642,1679313597660
1679313597695,1679313597743
1679313597720,1679313597784
1679313597765,1679313597802
1679313597779,1679313597811
1679313597778,1679313597854
1679313597841,1679313597856
1679313597793,1679313597901
1679313597673,1679313597903
1679313597919,1679313597965
1679313597977,1679313597987
1679313597877,1679313597989
1679313597981,1679313597992
1679313598028,1679313598033
1679313598002,1679313598044
1679313597939,1679313598051
1679313598050,1679313598079
1679313598072,1679313598102
1679313598088,1679313598110
1679313598128,1679313598131
1679313598128,1679313598145
1679313598140,1679313598186
1679313598197,1679313598223
1679313598177,1679313598230
1679313598212,1679313598247
1679313598210,1679313598249
1679313598218,1679313598279
1679313598240,1679313598320
1679313598342,1679313598359
1679313598431,1679313598449
1679313598469,1679313598511
1679313598516,1679313598549
1679313598536,1679313598557
1679313598478,1679313598568
1679313598629,1679313598653
1679313598508,1679313598689
1679313598673,1679313598689
1679313598645,1679313598703
1679313598804,1679313598817
1679313598757,1679313598896
1679313598861,1679313598930
1679313598921,1679313598970
1679313598910,1679313599003
1679313598891,1679313599040
1679313599032,1679313599042
1679313598988,1679313599045
1679313599096,1679313599152
1679313599145,1679313599184
1679313599144,1679313599219
1679313599234,1679313599308
1679313599310,1679313599332
1679313599246,1679313599341
1679313599344,1679313599360
1679313599367,1679313599371
1679313599288,1679313599381
1679313599358,1679313599393
1679313599421,1679313599438
1679313599417,1679313599453
1679313599462,1679313599476
1679313599473,1679313599511
1679313599501,1679313599531
1679313599525,1679313599534
1679313599511,1679313599534
1679313599356,1679313599554
1679313599548,1679313599563
1679313599616,1679313599637
1679313599637,1679313599642
1679313599625,1679313599644
1679313599673,1679313599685
1679313599790,1679313599793
1679313599714,1679313599807
1679313599798,1679313599821
1679313599832,1679313599864
1679313599774,1679313599865
1679313599853,1679313599888
1679313599848,1679313599895
1679313599886,1679313599942
1679313599985,1679313600005
1679313599985,1679313600041
1679313600047,1679313600057
1679313600082,1679313600085
1679313600132,1679313600177
1679313600172,1679313600179
1679313600225,1679313600260
1679313600206,1679313600284
1679313600314,1679313600325
1679313600311,1679313600334
1679313600330,1679313600338
1679313600322,1679313600339
1679313600317,1679313600341
1679313600321,1679313600353
1679313600347,1679313600396
1679313600411,1679313600423
1679313600388,1679313600423
1679313600416,1679313600457
1679313600444,1679313600474
1679313600495,1679313600548
1679313600527,1679313600557
1679313600431,1679313600588
1679313600536,1679313600604
1679313600599,1679313600645
1679313600602,1679313600673
1679313600699,1679313600705
1679313600709,1679313600740
1679313600817,1679313600820
1679313600789,1679313600886
1679313600885,1679313600889
1679313600858,1679313600914
1679313600910,1679313600916
1679313600821,1679313600931
1679313600931,1679313600975
1679313600976,1679313600981
1679313600932,1679313600997
1679313600995,1679313601051
1679313600994,1679313601064
1679313601180,1679313601212
1679313601214,1679313601228
1679313601224,1679313601239
1679313601204,1679313601244
1679313601142,1679313601250
1679313601242,1679313601252
1679313601052,1679313601304
1679313601301,1679313601311
1679313601344,1679313601352
1679313601348,1679313601361
1679313601364,1679313601375
1679313601348,1679313601384
1679313601356,1679313601385
1679313601367,1679313601385
1679313601363,1679313601402
1679313601363,1679313601424
1679313601420,1679313601427
1679313601420,1679313601431
1679313601433,1679313601459
1679313601365,1679313601461
1679313601381,1679313601466
1679313601445,1679313601480
1679313601478,1679313601499
1679313601555,1679313601575
1679313601597,1679313601614
1679313601645,1679313601663
1679313601665,1679313601675
1679313601662,1679313601701
1679313601680,1679313601711
1679313601710,1679313601715
1679313601702,1679313601731
1679313601689,1679313601750
1679313601693,1679313601750
1679313601753,1679313601757
1679313601654,1679313601761
1679313601695,1679313601773
1679313601786,1679313601834
1679313601871,1679313601900
1679313601859,1679313601921
1679313601866,1679313601930
1679313601915,1679313601941
1679313601969,1679313602008
1679313601908,1679313602024
1679313601981,1679313602025
1679313602034,1679313602050
1679313602104,1679313602132
1679313602121,1679313602138
1679313602097,1679313602203
1679313602273,1679313602293
1679313602292,1679313602324
1679313602352,1679313602364
1679313602332,1679313602390
1679313602361,1679313602398
1679313602509,1679313602537
1679313602548,1679313602561
1679313602613,1679313602616
1679313602605,1679313602629
1679313602563,1679313602644
1679313602619,1679313602647
1679313602697,1679313602710
1679313602654,1679313602718
1679313602715,1679313602719
1679313602724,1679313602778
1679313602809,1679313602821
1679313602818,1679313602825
1679313602798,1679313602830
1679313602858,1679313602905
1679313602914,1679313602937
1679313602894,1679313602942
1679313602953,1679313602968
1679313602983,1679313602992
1679313602987,1679313602997
1679313602810,1679313603072
1679313603010,1679313603082
1679313603057,1679313603125
1679313603105,1679313603128
1679313603134,1679313603142
1679313603147,1679313603164
1679313603105,1679313603170
1679313603195,1679313603209
1679313603154,1679313603214
1679313603215,1679313603232
1679313603213,1679313603240
1679313603206,1679313603240
1679313603265,1679313603289
1679313603284,1679313603323
1679313603292,1679313603330
1679313603240,1679313603360
1679313603374,1679313603377
1679313603344,1679313603382
1679313603356,1679313603427
1679313603400,1679313603428
1679313603451,1679313603457
1679313603472,1679313603479
1679313603468,1679313603480
1679313603504,1679313603549
1679313603528,1679313603584
1679313603596,1679313603649
1679313603639,1679313603655
1679313603631,1679313603682
1679313603680,1679313603695
1679313603670,1679313603702
1679313603640,1679313603706
1679313603734,1679313603745
1679313603669,1679313603758
1679313603759,1679313603797
1679313603717,1679313603824
1679313603690,1679313603825
1679313603739,1679313603841
1679313603830,1679313603842
1679313604074,1679313604078
1679313604073,1679313604081
1679313604145,1679313604151
1679313604146,1679313604159
1679313604170,1679313604187
1679313604199,1679313604206
1679313604174,1679313604215
1679313604245,1679313604248
1679313604228,1679313604298
1679313604316,1679313604337
1679313604299,1679313604338
1679313604277,1679313604344
1679313604364,1679313604381
1679313604363,1679313604383
1679313604363,1679313604396
1679313604423,1679313604460
1679313604439,1679313604486
1679313604424,1679313604501
1679313604458,1679313604533
1679313604514,1679313604535
1679313604528,1679313604542
1679313604386,1679313604549
1679313604292,1679313604559
1679313604614,1679313604681
1679313604689,1679313604692
1679313604697,1679313604721
1679313604650,1679313604726
1679313604662,1679313604733
1679313604634,1679313604736
1679313604690,1679313604774
1679313604778,1679313604791
1679313604852,1679313604855
1679313604817,1679313604857
1679313604798,1679313604863
1679313604800,1679313604886
1679313604858,1679313604907
1679313604915,1679313604943
1679313604939,1679313605005
1679313605004,1679313605008
1679313604936,1679313605020
1679313604985,1679313605043
1679313604994,1679313605053
1679313605004,1679313605060
1679313605046,1679313605080
1679313605046,1679313605124
1679313605131,1679313605136
1679313605121,1679313605200
1679313605196,1679313605238
1679313605215,1679313605253
1679313605298,1679313605305
1679313605192,1679313605324
1679313605321,1679313605358
1679313605395,1679313605434
1679313605398,1679313605474
1679313605490,1679313605533
1679313605492,1679313605606
1679313605575,1679313605634
1679313605592,1679313605636
1679313605605,1679313605707
1679313605642,1679313605725
1679313605704,1679313605727
1679313605703,1679313605779
1679313605715,1679313605792
1679313605776,1679313605830
1679313605770,1679313605839
1679313605716,1679313605844
1679313605738,1679313605844
1679313605814,1679313605868
1679313605819,1679313605879
1679313605831,1679313605884
1679313605796,1679313605892
1679313605899,1679313605933
1679313605885,1679313605934
1679313605868,1679313605939
1679313605876,1679313605942
1679313605878,1679313605954
1679313605916,1679313605971
1679313606005,1679313606059
1679313606041,1679313606065
1679313606130,1679313606150
1679313606140,1679313606179
1679313606168,1679313606202
1679313606143,1679313606222
1679313606287,1679313606335
1679313606292,1679313606337
1679313606185,1679313606357
1679313606329,1679313606375
1679313606211,1679313606375
1679313606290,1679313606406
1679313606175,1679313606419
1679313606433,1679313606480
1679313606478,1679313606491
1679313606472,1679313606517
1679313606587,1679313606609
1679313606604,1679313606624
1679313606519,1679313606646
1679313606570,1679313606661
1679313606516,1679313606683
1679313606693,1679313606701
1679313606693,1679313606703
1679313606665,1679313606724
1679313606727,1679313606730
1679313606735,1679313606755
1679313606773,1679313606786
1679313606797,1679313606811
1679313606896,1679313606905
1679313606890,1679313606920
1679313606913,1679313606921
1679313606917,1679313606940
1679313606959,1679313606972
1679313606953,1679313606981
1679313606908,1679313606989
1679313606908,1679313606993
1679313607131,1679313607167
1679313607124,1679313607170
1679313607126,1679313607190
1679313607088,1679313607206
1679313606976,1679313607214
1679313607119,1679313607251
1679313607292,1679313607334
1679313607281,1679313607336
1679313607335,1679313607353
1679313607331,1679313607360
1679313607201,1679313607367
1679313607383,1679313607387
1679313607385,1679313607398
1679313607365,1679313607423
1679313607396,1679313607441
1679313607336,1679313607458
1679313607511,1679313607516
1679313607490,1679313607535
1679313607533,1679313607552
1679313607552,1679313607585
1679313607585,1679313607617
1679313607617,1679313607627
1679313607620,1679313607635
1679313607605,1679313607643
1679313607674,1679313607691
1679313607533,1679313607719
1679313607719,1679313607735
1679313607739,1679313607746
1679313607733,1679313607750
1679313607747,1679313607769
1679313607752,1679313607819
1679313607752,1679313607847
1679313607882,1679313607886
1679313607921,1679313607931
1679313607827,1679313607947
1679313607950,1679313607957
1679313607880,1679313607959
1679313607922,1679313608025
1679313607927,1679313608056
1679313608065,1679313608075
1679313608007,1679313608086
1679313608077,1679313608100
1679313608073,1679313608105
1679313608192,1679313608210
1679313608202,1679313608221
1679313608255,1679313608273
1679313608117,1679313608299
1679313608301,1679313608307
1679313608288,1679313608324
1679313608391,1679313608415
1679313608429,1679313608459
1679313608517,1679313608540
1679313608551,1679313608555
1679313608509,1679313608562
1679313608567,1679313608581
1679313608562,1679313608631
1679313608625,1679313608645
1679313608624,1679313608663
1679313608537,1679313608686
1679313608713,1679313608721
1679313608689,1679313608724
1679313608690,1679313608728
1679313608709,1679313608734
1679313608705,1679313608748
1679313608593,1679313608811
1679313608781,1679313608812
1679313608827,1679313608909
1679313608911,1679313608928
1679313608978,1679313609000
1679313608978,1679313609006
1679313608959,1679313609050
1679313609052,1679313609064
1679313609068,1679313609071
1679313608949,1679313609075
1679313608994,1679313609092
1679313609144,1679313609147
1679313609134,1679313609154
1679313609131,1679313609158
1679313609118,1679313609178
1679313609216,1679313609237
1679313609297,1679313609305
1679313609292,1679313609309
1679313609170,1679313609313
1679313609329,1679313609334
1679313609340,1679313609385
1679313609371,1679313609399
1679313609401,1679313609421
1679313609404,1679313609423
1679313609372,1679313609447
1679313609235,1679313609456
1679313609421,1679313609486
1679313609484,1679313609499
1679313609523,1679313609560
1679313609563,1679313609573
1679313609586,1679313609593
1679313609581,1679313609597
1679313609561,1679313609604
1679313609575,1679313609613
1679313609562,1679313609664
1679313609650,1679313609694
1679313609568,1679313609697
1679313609660,1679313609722
1679313609741,1679313609764
1679313609815,1679313609837
1679313609829,1679313609851
1679313609844,1679313609857
1679313609712,1679313609860
1679313609817,1679313609869
1679313609885,1679313609907
1679313609879,1679313609939
1679313609949,1679313609981
1679313609996,1679313610020
1679313610004,1679313610021
1679313610042,1679313610050
1679313610022,1679313610059
1679313610119,1679313610124
1679313610131,1679313610140
1679313610209,1679313610221
1679313610228,1679313610255
1679313610228,1679313610275
1679313610264,1679313610283
1679313610320,1679313610333
1679313610356,1679313610363
1679313610330,1679313610395
1679313610414,1679313610426
1679313610421,1679313610428
1679313610428,1679313610434
1679313610425,1679313610463
1679313610504,1679313610514
1679313610443,1679313610518
1679313610531,1679313610544
1679313610592,1679313610595
1679313610610,1679313610637
1679313610629,1679313610649
1679313610727,1679313610733
1679313610740,1679313610788
1679313610771,1679313610789
1679313610825,1679313610873
1679313610913,1679313610919
1679313610908,1679313610939
1679313610917,1679313610973
1679313610939,1679313611002
1679313611019,1679313611033
1679313610982,1679313611048
1679313611023,1679313611051
1679313611048,1679313611064
1679313611012,1679313611065
1679313611111,1679313611122
1679313611156,1679313611165
1679313611150,1679313611187
1679313611075,1679313611212
1679313611220,1679313611232
1679313611165,1679313611250
1679313611260,1679313611283
1679313611283,1679313611289
1679313611315,1679313611339
1679313611373,1679313611377
1679313611367,1679313611416
1679313611523,1679313611535
1679313611527,1679313611553
1679313611544,1679313611566
1679313611530,1679313611571
1679313611583,1679313611593
1679313611564,1679313611652
1679313611579,1679313611655
1679313611584,1679313611659
1679313611669,1679313611698
1679313611665,1679313611700
1679313611695,1679313611704
1679313611661,1679313611717
1679313611610,1679313611742
1679313611791,1679313611810
1679313611803,1679313611814
1679313611787,1679313611830
1679313611798,1679313611830
1679313611811,1679313611841
1679313611745,1679313611865
1679313611817,1679313611900
1679313611846,1679313611911
1679313611928,1679313611954
1679313611944,1679313611973
1679313611914,1679313612024
1679313612020,1679313612040
1679313612017,1679313612050
1679313612002,1679313612070
1679313612150,1679313612183
1679313612169,1679313612251
1679313612296,1679313612303
1679313612387,1679313612412
1679313612455,1679313612464
1679313612456,1679313612470
1679313612412,1679313612490
1679313612399,1679313612501
1679313612339,1679313612513
1679313612527,1679313612540
1679313612519,1679313612554
1679313612647,1679313612689
1679313612666,1679313612720
1679313612684,1679313612744
1679313612660,1679313612746
1679313612700,1679313612768
1679313612727,1679313612771
1679313612727,1679313612787
1679313612653,1679313612803
1679313612659,1679313612819
1679313612660,1679313612831
1679313612809,1679313612857
1679313612858,1679313612875
1679313612843,1679313612875
1679313612824,1679313612886
1679313612852,1679313612895
1679313612661,1679313612896
1679313612808,1679313612899
1679313612899,1679313612916
1679313612887,1679313612933
1679313612959,1679313612984
1679313612936,1679313613014
1679313613044,1679313613069
1679313613063,1679313613080
1679313613075,1679313613081
1679313613086,1679313613095
1679313613018,1679313613157
1679313613148,1679313613177
1679313613200,1679313613219
1679313613220,1679313613234
1679313613221,1679313613238
1679313613263,1679313613322
1679313613294,1679313613328
1679313613298,1679313613356
1679313613265,1679313613356
1679313613361,1679313613386
1679313613407,1679313613491
1679313613493,1679313613505
1679313613499,1679313613526
1679313613451,1679313613552
1679313613544,1679313613557
1679313613579,1679313613587
1679313613573,1679313613592
1679313613668,1679313613673
1679313613664,1679313613734
1679313613725,1679313613774
1679313613724,1679313613800
1679313613786,1679313613813
1679313613871,1679313613880
1679313613834,1679313613939
1679313614004,1679313614020
1679313614045,1679313614076
1679313614053,1679313614087
1679313614158,1679313614219
1679313614184,1679313614237
1679313614241,1679313614252
1679313614259,1679313614285
1679313614253,1679313614294
1679313614311,1679313614338
1679313614336,1679313614346
1679313614313,1679313614379
1679313614356,1679313614393
1679313614389,1679313614395
1679313614384,1679313614399
1679313614386,1679313614409
1679313614389,1679313614430
1679313614440,1679313614444
1679313614380,1679313614453
1679313614419,1679313614474
1679313614495,1679313614514
1679313614520,1679313614534
1679313614525,1679313614535
1679313614593,1679313614601
1679313614590,1679313614612
1679313614540,1679313614628
1679313614619,1679313614629
1679313614706,1679313614755
1679313614765,1679313614798
1679313614761,1679313614800
1679313614797,1679313614809
1679313614835,1679313614850
1679313614826,1679313614852
1679313614892,1679313614906
1679313614923,1679313614926
1679313614903,1679313614934
1679313614907,1679313614946
1679313614867,1679313614982
1679313615004,1679313615029
1679313614985,1679313615029
1679313614780,1679313615031
1679313614969,1679313615039
1679313615061,1679313615064
1679313615135,1679313615148
1679313615134,1679313615162
1679313615152,1679313615174
1679313615168,1679313615176
1679313615200,1679313615206
1679313615306,1679313615312
1679313615284,1679313615314
1679313615284,1679313615324
1679313615374,1679313615415
1679313615376,1679313615473
1679313615505,1679313615526
1679313615600,1679313615609
1679313615532,1679313615667
1679313615654,1679313615695
1679313615660,1679313615720
1679313615737,1679313615748
1679313615697,1679313615748
1679313615729,1679313615755
1679313615744,1679313615759
1679313615634,1679313615762
1679313615746,1679313615769
1679313615761,1679313615775
1679313615696,1679313615781
1679313615801,1679313615810
1679313615763,1679313615819
1679313615811,1679313615826
1679313615738,1679313615844
1679313615832,1679313615855
1679313615826,1679313615856
1679313615755,1679313615872
1679313615878,1679313615894
1679313615862,1679313615923
1679313615901,1679313616000
1679313615985,1679313616011
1679313615992,1679313616050
1679313616030,1679313616051
1679313616030,1679313616072
1679313616021,1679313616099
1679313616033,1679313616132
1679313616059,1679313616136
1679313616137,1679313616161
1679313616089,1679313616206
1679313616204,1679313616261
1679313616231,1679313616321
1679313616261,1679313616370
1679313616390,1679313616401
1679313616375,1679313616420
1679313616423,1679313616425
1679313616420,1679313616443
1679313616456,1679313616498
1679313616482,1679313616526
1679313616437,1679313616537
1679313616541,1679313616563
1679313616580,1679313616590
1679313616596,1679313616598
1679313616658,1679313616673
1679313616709,1679313616725
1679313616729,1679313616732
1679313616667,1679313616745
1679313616765,1679313616781
1679313616780,1679313616791
1679313616773,1679313616805
1679313616767,1679313616808
1679313616851,1679313616868
1679313616847,1679313616870
1679313616787,1679313616879
1679313616781,1679313616902
1679313616914,1679313616971
1679313616967,1679313616990
1679313616916,1679313616993
1679313616954,1679313617020
1679313617011,1679313617028
1679313616993,1679313617031
1679313617036,1679313617046
1679313617065,1679313617091
1679313617063,1679313617115
1679313617113,1679313617148
1679313617179,1679313617192
1679313617159,1679313617265
1679313617225,1679313617335
1679313617317,1679313617339
1679313617286,1679313617381
1679313617312,1679313617384
1679313617382,1679313617387
1679313617311,1679313617401
1679313617357,1679313617407
1679313617357,1679313617416
1679313617348,1679313617424
1679313617432,1679313617478
1679313617488,1679313617505
1679313617504,1679313617512
1679313617497,1679313617538
1679313617501,1679313617561
1679313617522,1679313617571
1679313617483,1679313617579
1679313617647,1679313617656
1679313617595,1679313617663
1679313617627,1679313617696
1679313617686,1679313617705
1679313617741,1679313617746
1679313617735,1679313617746
1679313617606,1679313617761
1679313617700,1679313617793
1679313617817,1679313617842
1679313617804,1679313617849
1679313617841,1679313617883
1679313617862,1679313617926
1679313617952,1679313617972
1679313617960,1679313617988
1679313617896,1679313618020
1679313618036,1679313618044
1679313617927,1679313618050
1679313618034,1679313618066
1679313617972,1679313618080
1679313618102,1679313618104
1679313618092,1679313618130
1679313618086,1679313618189
1679313618193,1679313618221
1679313618205,1679313618234
1679313618297,1679313618306
1679313618286,1679313618340
1679313618379,1679313618410
1679313618422,1679313618451
1679313618470,1679313618475
1679313618397,1679313618491
1679313618512,1679313618534
1679313618500,1679313618557
1679313618546,1679313618571
1679313618566,1679313618585
1679313618578,1679313618587
1679313618609,1679313618611
1679313618584,1679313618620
1679313618627,1679313618644
1679313618658,1679313618664
1679313618652,1679313618702
1679313618658,1679313618715
1679313618712,1679313618811
1679313618747,1679313618832
1679313618826,1679313618863
1679313618880,1679313618886
1679313618866,1679313618895
1679313618866,1679313618896
1679313618880,1679313618902
1679313618884,1679313618922
1679313618983,1679313619003
1679313618913,1679313619010
1679313619021,1679313619037
1679313619039,1679313619119
1679313619098,1679313619128
1679313619101,1679313619144
1679313619101,1679313619170
1679313619148,1679313619171
1679313618940,1679313619212
1679313619227,1679313619245
1679313619199,1679313619271
1679313619226,1679313619296
1679313619290,1679313619308
1679313619199,1679313619314
1679313619241,1679313619329
1679313619229,1679313619369
1679313619382,1679313619387
1679313619372,1679313619390
1679313619295,1679313619396
1679313619395,1679313619459
1679313619451,1679313619495
1679313619495,1679313619501
1679313619525,1679313619573
1679313619554,1679313619595
1679313619578,1679313619603
1679313619552,1679313619621
1679313619549,1679313619675
1679313619659,1679313619688
1679313619693,1679313619697
1679313619631,1679313619722
1679313619769,1679313619779
1679313619694,1679313619809
1679313619752,1679313619827
1679313619753,1679313619842
1679313619833,1679313619879
1679313619884,1679313619894
1679313619745,1679313619915
1679313619859,1679313619926
1679313619882,1679313619950
1679313619948,1679313619957
1679313619996,1679313620033
1679313620061,1679313620131
1679313620125,1679313620146
1679313620121,1679313620156
1679313620156,1679313620180
1679313620080,1679313620190
1679313620127,1679313620198
1679313620118,1679313620249
1679313620246,1679313620262
1679313620141,1679313620264
1679313620154,1679313620281
1679313620094,1679313620292
1679313620259,1679313620327
1679313620274,1679313620330
1679313620329,1679313620352
1679313620343,1679313620354
1679313620353,1679313620395
1679313620305,1679313620407
1679313620445,1679313620476
1679313620515,1679313620553
1679313620346,1679313620572
1679313620422,1679313620579
1679313620474,1679313620588
1679313620466,1679313620592
1679313620433,1679313620635
1679313620602,1679313620645
1679313620681,1679313620716
1679313620709,1679313620789
1679313620814,1679313620843
1679313620791,1679313620857
1679313620850,1679313620888
1679313620884,1679313620898
1679313620888,1679313620929
1679313620905,1679313620961
1679313620969,1679313621013
1679313620953,1679313621027
1679313620961,1679313621029
1679313621025,1679313621060
1679313621080,1679313621117
1679313620980,1679313621118
1679313621074,1679313621155
1679313621167,1679313621235
1679313621209,1679313621248
1679313621208,1679313621250
1679313621208,1679313621262
1679313621272,1679313621283
1679313621248,1679313621302
1679313621318,1679313621330
1679313621336,1679313621354
1679313621318,1679313621358
1679313621392,1679313621399
1679313621418,1679313621427
1679313621203,1679313621430
1679313621381,1679313621436
1679313621480,1679313621486
1679313621495,1679313621499
1679313621498,1679313621503
1679313621489,1679313621556
1679313621547,1679313621596
1679313621652,1679313621657
1679313621579,1679313621664
1679313621645,1679313621668
1679313621611,1679313621679
1679313621665,1679313621696
1679313621660,1679313621719
1679313621696,1679313621721
1679313621717,1679313621745
1679313621737,1679313621750
1679313621723,1679313621768
1679313621698,1679313621769
1679313621743,1679313621802
1679313621846,1679313621850
1679313621920,1679313621942
1679313621812,1679313621957
1679313621939,1679313621960
1679313621964,1679313621978
1679313622052,1679313622063
1679313622059,1679313622072
1679313622032,1679313622094
1679313622106,1679313622113
1679313622050,1679313622127
1679313622119,1679313622128
1679313622208,1679313622220
1679313622208,1679313622221
1679313622183,1679313622259
1679313622143,1679313622290
1679313622201,1679313622291
1679313622292,1679313622371
1679313622385,1679313622407
1679313622285,1679313622416
1679313622426,1679313622435
1679313622463,1679313622479
1679313622452,1679313622502
1679313622509,1679313622514
1679313622481,1679313622558
1679313622548,1679313622576
1679313622579,1679313622617
1679313622653,1679313622691
1679313622676,1679313622692
1679313622633,1679313622693
1679313622659,1679313622702
1679313622708,1679313622720
1679313622633,1679313622737
1679313622768,1679313622778
1679313622708,1679313622790
1679313622821,1679313622828
1679313622802,1679313622890
1679313622840,1679313622910
1679313622769,1679313622971
1679313622929,1679313623012
1679313623005,1679313623044
1679313622854,1679313623045
1679313623041,1679313623059
1679313622931,1679313623076
1679313623038,1679313623114
1679313623067,1679313623158
1679313623129,1679313623171
1679313623166,1679313623171
1679313623129,1679313623178
1679313623106,1679313623185
1679313623190,1679313623196
1679313623182,1679313623231
1679313623225,1679313623237
1679313623185,1679313623243
1679313623322,1679313623353
1679313623345,1679313623390
1679313623411,1679313623423
1679313623257,1679313623463
1679313623437,1679313623488
1679313623377,1679313623529
1679313623471,1679313623540
1679313623520,1679313623555
1679313623571,1679313623602
1679313623567,1679313623629
1679313623576,1679313623641
1679313623626,1679313623664
1679313623481,1679313623671
1679313623657,1679313623714
1679313623574,1679313623718
1679313623628,1679313623742
1679313623748,1679313623776
1679313623719,1679313623898
1679313623847,1679313623924
1679313623923,1679313623933
1679313623927,1679313623956
1679313623863,1679313623977
1679313623975,1679313623979
1679313623960,1679313623981
1679313623866,1679313624000
1679313623968,1679313624004
1679313623999,1679313624005
1679313624031,1679313624079
1679313623993,1679313624087
1679313624125,1679313624140
1679313624035,1679313624147
1679313624165,1679313624173
1679313624152,1679313624213
1679313624177,1679313624221
1679313624229,1679313624238
1679313624214,1679313624265
1679313624269,1679313624300
1679313624309,1679313624354
1679313624313,1679313624373
1679313624379,1679313624382
1679313624338,1679313624416
1679313624328,1679313624422
1679313624418,1679313624443
1679313624476,1679313624526
1679313624523,1679313624559
1679313624557,1679313624569
1679313624524,1679313624570
1679313624557,1679313624572
1679313624565,1679313624616
1679313624612,1679313624627
1679313624591,1679313624628
1679313624609,1679313624639
1679313624690,1679313624703
1679313624711,1679313624720
1679313624688,1679313624722
1679313624796,1679313624814
1679313624805,1679313624829
1679313624818,1679313624836
1679313624873,1679313624904
1679313624873,1679313624905
1679313624712,1679313624964
1679313624926,1679313624975
1679313624945,1679313624987
1679313624969,1679313624997
1679313624995,1679313625014
1679313625017,1679313625023
1679313625036,1679313625053
1679313624952,1679313625072
1679313625069,1679313625075
1679313625084,1679313625105
1679313625080,1679313625115
1679313625132,1679313625150
1679313625179,1679313625214
1679313625075,1679313625216
1679313625160,1679313625257
1679313625217,1679313625269
1679313625169,1679313625284
1679313625339,1679313625345
1679313625359,1679313625392
1679313625324,1679313625411
1679313625427,1679313625545
1679313625562,1679313625584
1679313625655,1679313625669
1679313625686,1679313625711
1679313625535,1679313625716
1679313625760,1679313625770
1679313625752,1679313625774
1679313625631,1679313625775
1679313625867,1679313625886
1679313625873,1679313625891
1679313625865,1679313625945
1679313625882,1679313625955
1679313625921,1679313625959
1679313625968,1679313625979
1679313625957,1679313625994
1679313626026,1679313626065
1679313625996,1679313626084
1679313626020,1679313626093
1679313626060,1679313626104
1679313626037,1679313626116
1679313626023,1679313626126
1679313626137,1679313626147
1679313626011,1679313626149
1679313626017,1679313626164
1679313626125,1679313626181
1679313626053,1679313626185
1679313626157,1679313626187
1679313626003,1679313626210
1679313626179,1679313626216
1679313626147,1679313626232
1679313626239,1679313626266
1679313626169,1679313626292
1679313626130,1679313626294
1679313626223,1679313626295
1679313626284,1679313626297
1679313626234,1679313626331
1679313626312,1679313626335
1679313626275,1679313626337
1679313626359,1679313626383
1679313626414,1679313626420
1679313626420,1679313626440
1679313626400,1679313626468
1679313626462,1679313626480
1679313626472,1679313626504
1679313626500,1679313626513
1679313626551,1679313626563
1679313626557,1679313626564
1679313626563,1679313626608
1679313626511,1679313626644
1679313626672,1679313626689
1679313626671,1679313626723
1679313626728,1679313626763
1679313626807,1679313626836
1679313626988,1679313627007
1679313627004,1679313627015
1679313627011,1679313627033
1679313626965,1679313627049
1679313627038,1679313627049
1679313627169,1679313627246
1679313627220,1679313627249
1679313627196,1679313627299
1679313627344,1679313627350
1679313627383,1679313627401
1679313627386,1679313627408
1679313627324,1679313627420
1679313627419,1679313627440
1679313627438,1679313627443
1679313627447,1679313627454
1679313627330,1679313627464
1679313627450,1679313627478
1679313627550,1679313627559
1679313627539,1679313627613
1679313627542,1679313627613
1679313627631,1679313627633
1679313627688,1679313627721
1679313627631,1679313627745
1679313627742,1679313627754
1679313627717,1679313627762
1679313627758,1679313627767
1679313627710,1679313627786
1679313627772,1679313627822
1679313627792,1679313627868
1679313627765,1679313627869
1679313627775,1679313627887
1679313627713,1679313627896
1679313627707,1679313627901
1679313627800,1679313627910
1679313627879,1679313627933
1679313627968,1679313628002
1679313627984,1679313628014
1679313627969,1679313628044
1679313628078,1679313628095
1679313628067,1679313628099
1679313628040,1679313628103
1679313628088,1679313628121
1679313628121,1679313628206
1679313628199,1679313628216
1679313628158,1679313628217
1679313628225,1679313628246
1679313628148,1679313628294
1679313628323,1679313628344
1679313628307,1679313628425
1679313628402,1679313628464
1679313628335,1679313628467
1679313628439,1679313628475
1679313628365,1679313628486
1679313628305,1679313628514
1679313628463,1679313628515
1679313628507,1679313628533
1679313628627,1679313628644
1679313628578,1679313628655
1679313628508,1679313628681
1679313628676,1679313628707
1679313628570,1679313628754
1679313628675,1679313628761
1679313628717,1679313628792
1679313628793,1679313628825
1679313628780,1679313628871
1679313628844,1679313628944
1679313628883,1679313628950
1679313628811,1679313628958
1679313628819,1679313628973
1679313628961,1679313628974
1679313628959,1679313628984
1679313629114,1679313629137
1679313629072,1679313629141
1679313629155,1679313629164
1679313629171,1679313629239
1679313629188,1679313629248
1679313629211,1679313629249
1679313629243,1679313629250
1679313629243,1679313629255
1679313629262,1679313629286
1679313629294,1679313629321
1679313629347,1679313629353
1679313629306,1679313629361
1679313629246,1679313629386
1679313629324,1679313629409
1679313629449,1679313629464
1679313629487,1679313629510
1679313629502,1679313629521
1679313629536,1679313629549
1679313629507,1679313629557
1679313629535,1679313629567
1679313629537,1679313629580
1679313629575,1679313629586
1679313629523,1679313629604
1679313629596,1679313629607
1679313629585,1679313629626
1679313629622,1679313629643
1679313629661,1679313629665
1679313629703,1679313629710
1679313629731,1679313629802
1679313629794,1679313629804
1679313629801,1679313629810
1679313629838,1679313629852
1679313629860,1679313629866
1679313629847,1679313629901
1679313629874,1679313629917
1679313629914,1679313629939
1679313629958,1679313629997
1679313629892,1679313629997
1679313630041,1679313630088
1679313630210,1679313630217
1679313630219,1679313630253
1679313630215,1679313630266
1679313630222,1679313630298
1679313629971,1679313630307
1679313630121,1679313630308
1679313630311,1679313630313
1679313630318,1679313630356
1679313630367,1679313630372
1679313630444,1679313630448
1679313630435,1679313630480
1679313630454,1679313630552
1679313630574,1679313630591
1679313630658,1679313630696
1679313630531,1679313630697
1679313630717,1679313630774
1679313630574,1679313630812
1679313630769,1679313630820
1679313630671,1679313630853
1679313630853,1679313630869
1679313630849,1679313630906
1679313630993,1679313631001
1679313631004,1679313631008
1679313631006,1679313631022
1679313630839,1679313631043
1679313631085,1679313631097
1679313631061,1679313631123
1679313631124,1679313631139
1679313631058,1679313631148
1679313631080,1679313631170
1679313631150,1679313631173
1679313631195,1679313631212
1679313631198,1679313631220
1679313631069,1679313631261
1679313631195,1679313631294
1679313631280,1679313631308
1679313631220,1679313631316
1679313631246,1679313631326
1679313631290,1679313631331
1679313631284,1679313631372
1679313631364,1679313631428
1679313631457,1679313631479
1679313631427,1679313631491
1679313631505,1679313631511
1679313631501,1679313631558
1679313631493,1679313631577
1679313631602,1679313631619
1679313631636,1679313631663
1679313631602,1679313631684
1679313631649,1679313631696
1679313631679,1679313631697
1679313631636,1679313631702
1679313631710,1679313631757
1679313631716,1679313631790
1679313631829,1679313631840
1679313631731,1679313631852
1679313631776,1679313631918
1679313631886,1679313631963
1679313631914,1679313632001
1679313632029,1679313632067
1679313632075,1679313632116
1679313632009,1679313632147
1679313632153,1679313632165
1679313632001,1679313632173
1679313632151,1679313632175
1679313632172,1679313632179
1679313632159,1679313632180
1679313632167,1679313632191
1679313632185,1679313632198
1679313632200,1679313632215
1679313632193,1679313632235
1679313632235,1679313632247
1679313632165,1679313632259
1679313632208,1679313632274
1679313632290,1679313632338
1679313632277,1679313632340
1679313632340,1679313632347
1679313632293,1679313632371
1679313632359,1679313632381
1679313632319,1679313632383
1679313632404,1679313632409
1679313632392,1679313632485
1679313632480,1679313632524
1679313632560,1679313632632
1679313632585,1679313632640
1679313632640,1679313632650
1679313632646,1679313632655
1679313632680,1679313632693
1679313632703,1679313632723
1679313632753,1679313632765
1679313632743,1679313632820
1679313632668,1679313632822
1679313632840,1679313632850
1679313632783,1679313632851
1679313632766,1679313632904
1679313632778,1679313632925
1679313632871,1679313632954
1679313632966,1679313632970
1679313632969,1679313633008
1679313632943,1679313633021
1679313633081,1679313633105
1679313633103,1679313633118
1679313633142,1679313633155
1679313633155,1679313633168
1679313633173,1679313633204
1679313633093,1679313633223
1679313633208,1679313633225
1679313633195,1679313633235
1679313633251,1679313633328
1679313633285,1679313633362
1679313633353,1679313633364
1679313633307,1679313633364
1679313633397,1679313633402
1679313633382,1679313633427
1679313633264,1679313633437
1679313633488,1679313633509
1679313633349,1679313633523
1679313633502,1679313633529
1679313633502,1679313633547
1679313633533,1679313633553
1679313633542,1679313633588
1679313633561,1679313633653
1679313633661,1679313633676
1679313633565,1679313633695
1679313633688,1679313633700
1679313633684,1679313633705
1679313633660,1679313633712
1679313633628,1679313633732
1679313633665,1679313633739
1679313633684,1679313633776
1679313633772,1679313633781
1679313633729,1679313633790
1679313633722,1679313633833
1679313633936,1679313633953
1679313633948,1679313633954
1679313633799,1679313633967
1679313633937,1679313633984
1679313633970,1679313634015
1679313634029,1679313634058
1679313634015,1679313634059
1679313633981,1679313634062
1679313634109,1679313634135
1679313634079,1679313634151
1679313634077,1679313634237
1679313634261,1679313634263
1679313634251,1679313634273
1679313634269,1679313634283
1679313634229,1679313634302
1679313634310,1679313634313
1679313634272,1679313634337
1679313634337,1679313634356
1679313634403,1679313634414
1679313634312,1679313634424
1679313634423,1679313634437
1679313634432,1679313634452
1679313634497,1679313634505
1679313634504,1679313634512
1679313634489,1679313634530
1679313634461,1679313634537
1679313634510,1679313634572
1679313634502,1679313634572
1679313634597,1679313634601
1679313634574,1679313634623
1679313634639,1679313634645
1679313634582,1679313634655
1679313634625,1679313634677
1679313634676,1679313634682
1679313634708,1679313634777
1679313634721,1679313634798
1679313634768,1679313634802
1679313634789,1679313634833
1679313634822,1679313634835
1679313634861,1679313634876
1679313634861,1679313634917
1679313634941,1679313634952
1679313634952,1679313634963
1679313634831,1679313634970
1679313634894,1679313634979
1679313634977,1679313634991
1679313634987,1679313635033
1679313635001,1679313635051
1679313635050,1679313635081
1679313635055,1679313635155
1679313635171,1679313635226
1679313635243,1679313635248
1679313635181,1679313635257
1679313635254,1679313635265
1679313635265,1679313635269
1679313635286,1679313635306
1679313635307,1679313635370
1679313635351,1679313635375
1679313635406,1679313635409
1679313635387,1679313635451
1679313635414,1679313635458
1679313635346,1679313635471
1679313635454,1679313635493
1679313635469,1679313635500
1679313635483,1679313635509
1679313635552,1679313635556
1679313635562,1679313635568
1679313635556,1679313635595
1679313635603,1679313635611
1679313635511,1679313635638
1679313635603,1679313635660
1679313635641,1679313635667
1679313635722,1679313635730
1679313635732,1679313635781
1679313635795,1679313635878
1679313635859,1679313635897
1679313635847,1679313635900
1679313635879,1679313635939
1679313635936,1679313635956
1679313635949,1679313635963
1679313635960,1679313635987
1679313635982,1679313635991
1679313636012,1679313636024
1679313635925,1679313636025
1679313636003,1679313636050
1679313636094,1679313636102
1679313636108,1679313636122
1679313636085,1679313636132
1679313636137,1679313636150
1679313636137,1679313636158
1679313636185,1679313636207
1679313636221,1679313636247
1679313636243,1679313636256
1679313636309,1679313636329
1679313636308,1679313636348
1679313636328,1679313636361
1679313636323,1679313636366
1679313636422,1679313636442
1679313636450,1679313636461
1679313636421,1679313636522
1679313636572,1679313636628
1679313636557,1679313636631
1679313636529,1679313636641
1679313636635,1679313636642
1679313636628,1679313636656
1679313636705,1679313636714
1679313636634,1679313636787
1679313636619,1679313636830
1679313636780,1679313636883
1679313636928,1679313636937
1679313636957,1679313636976
1679313636928,1679313636995
1679313637012,1679313637038
1679313637130,1679313637155
1679313637125,1679313637207
1679313637199,1679313637215
1679313637219,1679313637222
1679313637199,1679313637237
1679313637138,1679313637240
1679313637240,1679313637262
1679313637274,1679313637277
1679313637221,1679313637300
1679313637240,1679313637322
1679313637160,1679313637344
1679313637346,1679313637396
1679313637338,1679313637397
1679313637370,1679313637397
1679313637380,1679313637400
1679313637401,1679313637409
1679313637381,1679313637451
1679313637405,1679313637452
1679313637448,1679313637469
1679313637410,1679313637509
1679313637444,1679313637518
1679313637488,1679313637538
1679313637554,1679313637561
1679313637545,1679313637564
1679313637537,1679313637580
1679313637577,1679313637598
1679313637570,1679313637600
1679313637612,1679313637616
1679313637562,1679313637617
1679313637604,1679313637624
1679313637588,1679313637641
1679313637640,1679313637680
1679313637647,1679313637686
1679313637659,1679313637702
1679313637733,1679313637744
1679313637659,1679313637750
1679313637735,1679313637757
1679313637742,1679313637767
1679313637756,1679313637779
1679313637812,1679313637838
1679313637792,1679313637842
1679313637820,1679313637854
1679313637828,1679313637876
1679313637744,1679313637890
1679313637834,1679313637900
1679313637957,1679313637990
1679313638072,1679313638112
1679313638149,1679313638182
1679313638188,1679313638205
1679313638217,1679313638248
1679313638258,1679313638264
1679313638185,1679313638274
1679313638245,1679313638318
1679313638304,1679313638381
1679313638468,1679313638522
1679313638524,1679313638527
1679313638597,1679313638616
1679313638580,1679313638622
1679313638623,1679313638653
1679313638687,1679313638711
1679313638707,1679313638731
1679313638734,1679313638741
1679313638750,1679313638759
1679313638716,1679313638818
1679313638784,1679313638824
1679313638878,1679313638899
1679313638898,1679313638903
1679313638885,1679313638909
1679313638921,1679313638993
1679313638988,1679313638995
1679313638994,1679313639034
1679313638957,1679313639062
1679313639085,1679313639106
1679313639082,1679313639124
1679313639106,1679313639134
1679313639123,1679313639147
1679313639237,1679313639247
1679313639243,1679313639304
1679313639302,1679313639319
1679313639341,1679313639349
1679313639333,1679313639364
1679313639357,1679313639390
1679313639389,1679313639425
1679313639390,1679313639452
1679313639444,1679313639472
1679313639454,1679313639474
1679313639411,1679313639480
1679313639381,1679313639481
1679313639396,1679313639491
1679313639391,1679313639494
1679313639509,1679313639528
1679313639509,1679313639534
1679313639480,1679313639579
1679313639621,1679313639624
1679313639577,1679313639640
1679313639621,1679313639746
1679313639665,1679313639804
1679313639811,1679313639815
1679313639822,1679313639825
1679313639814,1679313639828
1679313639851,1679313639856
1679313639778,1679313639902
1679313639900,1679313639914
1679313639855,1679313639918
1679313639929,1679313639952
1679313639943,1679313639955
1679313639963,1679313639980
1679313640009,1679313640040
1679313640101,1679313640128
1679313640015,1679313640131
1679313640101,1679313640135
1679313640139,1679313640162
1679313640102,1679313640163
1679313640143,1679313640178
1679313640205,1679313640228
1679313640256,1679313640278
1679313640291,1679313640311
1679313640320,1679313640332
1679313640382,1679313640389
1679313640330,1679313640393
1679313640331,1679313640395
1679313640394,1679313640398
1679313640400,1679313640418
1679313640406,1679313640422
1679313640491,1679313640498
1679313640469,1679313640518
1679313640483,1679313640539
1679313640544,1679313640559
1679313640527,1679313640589
1679313640599,1679313640607
1679313640581,1679313640631
1679313640553,1679313640647
1679313640621,1679313640648
1679313640552,1679313640687
1679313640544,1679313640716
1679313640720,1679313640742
1679313640821,1679313640836
1679313640846,1679313640875
1679313640874,1679313640925
1679313641034,1679313641044
1679313640991,1679313641085
1679313641056,1679313641099
1679313641097,1679313641123
1679313641148,1679313641158
1679313641167,1679313641172
1679313641158,1679313641185
1679313641214,1679313641239
1679313641207,1679313641256
1679313641256,1679313641289
1679313641262,1679313641330
1679313641353,1679313641358
1679313641357,1679313641431
1679313641437,1679313641449
1679313641446,1679313641452
1679313641499,1679313641520
1679313641452,1679313641529
1679313641580,1679313641587
1679313641566,1679313641588
1679313641592,1679313641601
1679313641598,1679313641606
1679313641548,1679313641628
1679313641452,1679313641629
1679313641631,1679313641651
1679313641627,1679313641652
1679313641650,1679313641661
1679313641643,1679313641665
1679313641627,1679313641668
1679313641697,1679313641759
1679313641754,1679313641785
1679313641759,1679313641786
1679313641799,1679313641805
1679313641826,1679313641831
1679313641823,1679313641845
1679313641867,1679313641951
1679313641932,1679313641961
1679313641821,1679313641975
1679313641876,1679313642012
1679313642023,1679313642050
1679313642043,1679313642060
1679313642078,1679313642128
1679313642135,1679313642158
1679313642189,1679313642195
1679313642248,1679313642291
1679313642279,1679313642299
1679313642318,1679313642322
1679313642341,1679313642353
1679313642319,1679313642361
1679313642392,1679313642399
1679313642314,1679313642401
1679313642375,1679313642420
1679313642407,1679313642430
1679313642420,1679313642436
1679313642413,1679313642478
1679313642416,1679313642488
1679313642428,1679313642505
1679313642484,1679313642513
1679313642513,1679313642536
1679313642585,1679313642597
1679313642547,1679313642604
1679313642568,1679313642615
1679313642593,1679313642638
1679313642638,1679313642663
1679313642747,1679313642786
1679313642752,1679313642787
1679313642813,1679313642832
1679313642833,1679313642836
1679313642819,1679313642876
1679313643013,1679313643026
1679313642987,1679313643093
1679313643059,1679313643113
1679313643135,1679313643190
1679313643210,1679313643221
1679313643243,1679313643250
1679313643284,1679313643297
1679313643277,1679313643304
1679313643306,1679313643311
1679313643277,1679313643318
1679313643290,1679313643349
1679313643343,1679313643364
1679313643279,1679313643397
1679313643410,1679313643456
1679313643479,1679313643492
1679313643445,1679313643534
1679313643531,1679313643569
1679313643555,1679313643572
1679313643531,1679313643576
1679313643426,1679313643577
1679313643629,1679313643651
1679313643617,1679313643666
1679313643670,1679313643695
1679313643749,1679313643790
1679313643823,1679313643849
1679313643835,1679313643867
1679313643827,1679313643869
1679313643896,1679313643930
1679313643928,1679313643933
1679313643946,1679313644005
1679313643961,1679313644024
1679313643970,1679313644030
1679313644025,1679313644032
1679313643946,1679313644054
1679313644055,1679313644061
1679313644061,1679313644078
1679313644049,1679313644085
1679313644096,1679313644101
1679313644066,1679313644106
1679313644119,1679313644129
1679313644076,1679313644171
1679313644099,1679313644207
1679313644146,1679313644217
1679313644240,1679313644245
1679313644121,1679313644268
1679313644137,1679313644276
1679313644279,1679313644317
1679313644250,1679313644321
1679313644294,1679313644385
1679313644385,1679313644391
1679313644339,1679313644409
1679313644387,1679313644434
1679313644478,1679313644487
1679313644489,1679313644510
1679313644474,1679313644523
1679313644479,1679313644529
1679313644492,1679313644538
1679313644587,1679313644605
1679313644552,1679313644614
1679313644565,1679313644619
1679313644483,1679313644627
1679313644590,1679313644647
1679313644647,1679313644657
1679313644682,1679313644700
1679313644707,1679313644732
1679313644743,1679313644762
1679313644768,1679313644771
1679313644911,1679313644983
1679313644987,1679313645013
1679313645030,1679313645106
1679313645089,1679313645110
1679313645176,1679313645184
1679313645200,1679313645247
1679313645233,1679313645254
1679313645303,1679313645314
1679313645340,1679313645345
1679313645327,1679313645347
1679313645315,1679313645405
1679313645412,1679313645430
1679313645421,1679313645431
1679313645359,1679313645456
1679313645351,1679313645464
1679313645481,1679313645511
1679313645513,1679313645560
1679313645594,1679313645659
1679313645572,1679313645660
1679313645642,1679313645663
1679313645608,1679313645673
1679313645666,1679313645778
1679313645764,1679313645807
1679313645795,1679313645815
1679313645798,1679313645825
1679313645825,1679313645835
1679313645777,1679313645847
1679313645787,1679313645864
1679313645895,1679313645907
1679313645876,1679313645908
1679313645745,1679313645909
1679313645908,1679313645969
1679313645977,1679313645991
1679313645970,1679313646007
1679313646006,1679313646008
1679313646017,1679313646044
1679313645981,1679313646066
1679313646005,1679313646069
1679313646045,1679313646079
1679313646126,1679313646178
1679313646178,1679313646192
1679313646150,1679313646204
1679313646241,1679313646272
1679313646086,1679313646326
1679313646329,1679313646340
1679313646284,1679313646367
1679313646305,1679313646380
1679313646383,1679313646391
1679313646427,1679313646444
1679313646513,1679313646531
1679313646554,1679313646557
1679313646568,1679313646573
1679313646558,1679313646580
1679313646509,1679313646582
1679313646582,1679313646602
1679313646582,1679313646617
1679313646580,1679313646618
1679313646576,1679313646619
1679313646611,1679313646628
1679313646568,1679313646684
1679313646688,1679313646709
1679313646873,1679313646881
1679313646715,1679313646887
1679313646889,1679313646899
1679313646879,1679313646914
1679313646936,1679313647012
1679313647034,1679313647041
1679313647030,1679313647083
1679313647045,1679313647128
1679313647096,1679313647130
1679313647137,1679313647167
1679313647148,1679313647180
1679313647025,1679313647180
1679313647137,1679313647184
1679313647195,1679313647198
1679313647091,1679313647206
1679313647177,1679313647216
1679313647188,1679313647238
1679313647062,1679313647269
1679313647256,1679313647309
1679313647341,1679313647349
1679313647355,1679313647362
1679313647393,1679313647419
1679313647348,1679313647461
1679313647426,1679313647472
1679313647463,1679313647480
1679313647497,1679313647511
1679313647393,1679313647517
1679313647479,1679313647518
1679313647528,1679313647552
1679313647606,1679313647639
1679313647609,1679313647644
1679313647581,1679313647649
1679313647604,1679313647656
1679313647672,1679313647675
1679313647609,1679313647694
1679313647645,1679313647726
1679313647759,1679313647771
1679313647768,1679313647774
1679313647765,1679313647775
1679313647833,1679313647842
1679313647807,1679313647877
1679313647832,1679313647879
1679313647842,1679313647955
1679313647976,1679313647993
1679313647969,1679313647994
1679313647969,1679313648015
1679313647984,1679313648016
1679313648081,1679313648096
1679313648062,1679313648129
1679313648103,1679313648139
1679313648084,1679313648141
1679313648155,1679313648162
1679313648227,1679313648257
1679313648242,1679313648274
1679313648216,1679313648281
1679313648198,1679313648290
1679313648310,1679313648317
1679313648285,1679313648327
1679313648263,1679313648342
1679313648323,1679313648348
1679313648293,1679313648357
1679313648461,1679313648511
1679313648519,1679313648544
1679313648528,1679313648557
1679313648517,1679313648611
1679313648623,1679313648643
1679313648678,1679313648703
1679313648704,1679313648721
1679313648712,1679313648743
1679313648720,1679313648749
1679313648670,1679313648767
1679313648718,1679313648776
1679313648775,1679313648782
1679313648773,1679313648796
1679313648775,1679313648803
1679313648836,1679313648903
1679313648925,1679313648935
1679313648960,1679313648974
1679313648861,1679313648986
1679313648932,1679313648992
1679313648971,1679313649015
1679313649050,1679313649084
1679313649132,1679313649137
1679313649206,1679313649217
1679313649220,1679313649237
1679313649245,1679313649252
1679313649265,1679313649353
1679313649356,1679313649377
1679313649340,1679313649417
1679313649403,1679313649425
1679313649394,1679313649427
1679313649224,1679313649447
1679313649427,1679313649457
1679313649353,1679313649480
1679313649521,1679313649533
1679313649534,1679313649537
1679313649496,1679313649556
1679313649481,1679313649560
1679313649595,1679313649598
1679313649566,1679313649605
1679313649540,1679313649623
1679313649593,1679313649630
1679313649665,1679313649669
1679313649646,1679313649677
1679313649676,1679313649690
1679313649669,1679313649694
1679313649719,1679313649726
1679313649667,1679313649726
1679313649651,1679313649768
1679313649681,1679313649772
1679313649681,1679313649807
1679313649801,1679313649808
1679313649810,1679313649822
1679313649795,1679313649850
1679313649690,1679313649860
1679313649867,1679313649875
1679313649809,1679313649885
1679313649821,1679313649913
1679313649866,1679313649952
1679313650030,1679313650036
1679313650048,1679313650056
1679313650055,1679313650074
1679313650061,1679313650097
1679313650111,1679313650141
1679313650127,1679313650147
1679313650128,1679313650167
1679313650070,1679313650187
1679313650251,1679313650263
1679313650285,1679313650304
1679313650225,1679313650312
1679313650300,1679313650324
1679313650132,1679313650334
1679313650292,1679313650353
1679313650338,1679313650381
1679313650374,1679313650523
1679313650565,1679313650567
1679313650611,1679313650633
1679313650626,1679313650645
1679313650622,1679313650653
1679313650561,1679313650655
1679313650648,1679313650669
1679313650669,1679313650689
1679313650693,1679313650712
1679313650704,1679313650715
1679313650683,1679313650745
1679313650713,1679313650760
1679313650698,1679313650767
1679313650714,1679313650770
1679313650822,1679313650835
1679313650869,1679313650875
1679313650842,1679313650888
1679313651032,1679313651042
1679313651060,1679313651084
1679313651033,1679313651089
1679313651093,1679313651103
1679313650962,1679313651116
1679313651129,1679313651147
1679313651180,1679313651193
1679313651197,1679313651274
1679313651286,1679313651307
1679313651325,1679313651351
1679313651323,1679313651360
1679313651291,1679313651369
1679313651352,1679313651390
1679313651272,1679313651392
1679313651387,1679313651398
1679313651376,1679313651439
1679313651390,1679313651450
1679313651466,1679313651490
1679313651471,1679313651500
1679313651341,1679313651505
1679313651465,1679313651541
1679313651500,1679313651550
1679313651568,1679313651574
1679313651547,1679313651626
1679313651614,1679313651635
1679313651646,1679313651678
1679313651703,1679313651736
1679313651729,1679313651740
1679313651602,1679313651745
1679313651647,1679313651748
1679313651726,1679313651748
1679313651797,1679313651801
1679313651791,1679313651808
1679313651826,1679313651867
1679313651845,1679313651878
1679313651897,1679313651945
1679313651944,1679313651956
1679313652000,1679313652025
1679313651971,1679313652027
1679313652026,1679313652043
1679313652024,1679313652052
1679313651897,1679313652072
1679313652089,1679313652095
1679313652110,1679313652119
1679313652109,1679313652126
1679313652162,1679313652176
1679313652156,1679313652187
1679313652117,1679313652199
1679313652312,1679313652334
1679313652273,1679313652338
1679313652432,1679313652451
1679313652430,1679313652464
1679313652366,1679313652494
1679313652464,1679313652503
1679313652475,1679313652526
1679313652312,1679313652542
1679313652501,1679313652551
1679313652501,1679313652552
1679313652565,1679313652575
1679313652551,1679313652595
1679313652553,1679313652651
1679313652585,1679313652659
1679313652606,1679313652696
1679313652747,1679313652769
1679313652731,1679313652776
1679313652772,1679313652790
1679313652792,1679313652798
1679313652837,1679313652848
1679313652868,1679313652873
1679313652775,1679313652925
1679313652917,1679313652982
1679313652986,1679313653014
1679313652975,1679313653022
1679313652971,1679313653032
1679313653057,1679313653064
1679313653088,1679313653107
1679313653049,1679313653140
1679313653064,1679313653146
1679313653159,1679313653171
1679313653212,1679313653216
1679313653196,1679313653222
1679313653039,1679313653226
1679313653095,1679313653273
1679313653234,1679313653331
1679313653336,1679313653342
1679313653362,1679313653364
1679313653342,1679313653383
1679313653386,1679313653418
1679313653443,1679313653452
1679313653473,1679313653478
1679313653525,1679313653529
1679313653525,1679313653606
1679313653630,1679313653634
1679313653612,1679313653637
1679313653653,1679313653676
1679313653659,1679313653680
1679313653681,1679313653693
1679313653689,1679313653705
1679313653738,1679313653743
1679313653664,1679313653766
1679313653730,1679313653769
1679313653653,1679313653771
1679313653851,1679313653866
1679313653786,1679313653883
1679313653803,1679313653885
1679313653831,1679313653916
1679313653902,1679313653984
1679313653843,1679313654029
1679313653973,1679313654078
1679313654073,1679313654083
1679313654065,1679313654094
1679313654065,1679313654103
1679313653950,1679313654143
1679313653871,1679313654149
1679313654162,1679313654170
1679313654153,1679313654186
1679313654165,1679313654198
1679313654199,1679313654221
1679313654213,1679313654256
1679313654271,1679313654281
1679313654295,1679313654321
1679313654333,1679313654377
1679313654398,1679313654407
1679313654265,1679313654440
1679313654375,1679313654452
1679313654539,1679313654543
1679313654512,1679313654570
1679313654575,1679313654608
1679313654621,1679313654632
1679313654597,1679313654693
1679313654713,1679313654746
1679313654677,1679313654766
1679313654751,1679313654776
1679313654778,1679313654785
1679313654732,1679313654791
1679313654706,1679313654800
1679313654765,1679313654802
1679313654797,1679313654863
1679313654870,1679313654873
1679313654905,1679313654926
1679313654875,1679313654951
1679313654771,1679313654974
1679313654840,1679313654979
1679313654841,1679313654985
1679313655000,1679313655005
1679313654981,1679313655015
1679313655025,1679313655033
1679313654998,1679313655051
1679313655018,1679313655129
1679313655139,1679313655144
1679313655178,1679313655190
1679313655163,1679313655201
1679313655111,1679313655217
1679313655233,1679313655290
1679313655299,1679313655324
1679313655329,1679313655334
1679313655299,1679313655377
1679313655366,1679313655381
1679313655329,1679313655404
1679313655407,1679313655441
1679313655348,1679313655465
1679313655449,1679313655469
1679313655437,1679313655489
1679313655449,1679313655502
1679313655498,1679313655508
1679313655494,1679313655513
1679313655533,1679313655553
1679313655567,1679313655575
1679313655568,1679313655600
1679313655429,1679313655633
1679313655601,1679313655642
1679313655632,1679313655657
1679313655683,1679313655704
1679313655741,1679313655766
1679313655770,1679313655783
1679313655818,1679313655821
1679313655851,1679313655899
1679313655851,1679313655909
1679313655839,1679313655988
1679313655972,1679313656025
1679313656039,1679313656049
1679313655961,1679313656050
1679313655930,1679313656067
1679313656064,1679313656128
1679313656113,1679313656182
1679313656201,1679313656204
1679313656108,1679313656220
1679313656245,1679313656254
1679313656248,1679313656298
1679313656300,1679313656357
1679313656288,1679313656362
1679313656388,1679313656421
1679313656390,1679313656422
1679313656477,1679313656482
1679313656407,1679313656537
1679313656540,1679313656561
1679313656462,1679313656568
1679313656514,1679313656569
1679313656566,1679313656596
1679313656520,1679313656630
1679313656650,1679313656661
1679313656628,1679313656693
1679313656712,1679313656776
1679313656760,1679313656788
1679313656780,1679313656794
1679313656660,1679313656803
1679313656829,1679313656840
1679313656811,1679313656862
1679313656890,1679313656962
1679313656974,1679313656987
1679313656941,1679313657008
1679313656997,1679313657033
1679313657023,1679313657046
1679313657032,1679313657060
1679313657020,1679313657067
1679313657067,1679313657092
1679313657086,1679313657109
1679313657107,1679313657111
1679313657113,1679313657117
1679313656967,1679313657119
1679313657157,1679313657196
1679313657155,1679313657202
1679313657182,1679313657208
1679313657206,1679313657230
1679313657236,1679313657286
1679313657251,1679313657352
1679313657342,1679313657352
1679313657368,1679313657384
1679313657355,1679313657406
1679313657397,1679313657415
1679313657416,1679313657464
1679313657116,1679313657472
1679313657541,1679313657570
1679313657512,1679313657571
1679313657505,1679313657573
1679313657525,1679313657613
1679313657553,1679313657641
1679313657658,1679313657676
1679313657765,1679313657773
1679313657800,1679313657808
1679313657699,1679313657817
1679313657740,1679313657823
1679313657742,1679313657824
1679313657860,1679313657864
1679313657843,1679313657962
1679313657882,1679313657974
1679313658002,1679313658018
1679313657957,1679313658056
1679313658003,1679313658084
1679313658078,1679313658087
1679313658068,1679313658107
1679313658135,1679313658141
1679313658172,1679313658274
1679313658243,1679313658278
1679313658245,1679313658287
1679313658300,1679313658303
1679313658311,1679313658323
1679313658238,1679313658332
1679313658331,1679313658346
1679313658380,1679313658403
1679313658440,1679313658473
1679313658437,1679313658474
1679313658487,1679313658498
1679313658486,1679313658501
1679313658441,1679313658502
1679313658389,1679313658519
1679313658536,1679313658549
1679313658612,1679313658616
1679313658632,1679313658667
1679313658692,1679313658747
1679313658740,1679313658761
1679313658741,1679313658784
1679313658731,1679313658818
1679313658769,1679313658849
1679313658821,1679313658870
1679313658816,1679313658879
1679313658891,1679313658894
1679313658899,1679313658907
1679313658875,1679313658910
1679313658907,1679313658911
1679313658910,1679313658926
1679313658878,1679313658937
1679313658886,1679313658943
1679313658916,1679313658955
1679313658895,1679313658955
1679313658914,1679313658981
1679313658927,1679313658998
1679313658953,1679313659005
1679313658908,1679313659032
1679313658888,1679313659039
1679313658867,1679313659040
1679313659024,1679313659097
1679313659056,1679313659099
1679313659100,1679313659104
1679313659092,1679313659113
1679313659149,1679313659165
1679313659144,1679313659231
1679313659228,1679313659257
1679313659178,1679313659270
1679313659232,1679313659296
1679313659275,1679313659344
1679313659324,1679313659372
1679313659322,1679313659411
1679313659413,1679313659443
1679313659410,1679313659453
1679313659363,1679313659465
1679313659460,1679313659472
1679313659520,1679313659525
1679313659438,1679313659619
1679313659633,1679313659668
1679313659625,1679313659708
1679313659621,1679313659741
1679313659504,1679313659743
1679313659712,1679313659783
1679313659749,1679313659811
1679313659807,1679313659860
1679313659750,1679313659898
1679313659808,1679313659907
1679313659811,1679313659913
1679313659797,1679313659916
1679313659778,1679313659973
1679313659915,1679313660020
1679313659997,1679313660036
1679313660041,1679313660047
1679313660053,1679313660076
1679313660034,1679313660081
1679313660085,1679313660125
1679313660141,1679313660185
1679313660165,1679313660201
1679313660227,1679313660239
1679313660247,1679313660272
1679313660164,1679313660279
1679313660175,1679313660286
1679313660221,1679313660287
1679313660305,1679313660328
1679313660277,1679313660345
1679313660393,1679313660407
1679313660402,1679313660408
1679313660367,1679313660427
1679313660308,1679313660444
1679313660385,1679313660456
1679313660428,1679313660479
1679313660465,1679313660480
1679313660475,1679313660485
1679313660513,1679313660528
1679313660614,1679313660622
1679313660608,1679313660632
1679313660710,1679313660732
1679313660704,1679313660741
1679313660726,1679313660745
1679313660747,1679313660755
1679313660599,1679313660809
1679313660794,1679313660811
1679313660812,1679313660831
1679313660812,1679313660851
1679313660889,1679313660921
1679313660956,1679313661014
1679313660992,1679313661022
1679313661052,1679313661065
1679313661048,1679313661094
1679313661097,1679313661101
1679313661085,1679313661105
1679313661100,1679313661111
1679313661126,1679313661143
1679313661126,1679313661154
1679313661102,1679313661159
1679313661139,1679313661162
1679313661154,1679313661166
1679313661139,1679313661201
1679313661216,1679313661247
1679313661226,1679313661259
1679313661389,1679313661426
1679313661391,1679313661434
1679313661344,1679313661473
1679313661442,1679313661473
1679313661473,1679313661479
1679313661503,1679313661514
1679313661476,1679313661530
1679313661473,1679313661574
1679313661597,1679313661612
1679313661609,1679313661656
1679313661632,1679313661688
1679313661594,1679313661731
1679313661656,1679313661741
1679313661680,1679313661752
1679313661756,1679313661798
1679313661791,1679313661806
1679313661804,1679313661814
1679313661760,1679313661830
1679313661827,1679313661863
1679313661762,1679313661894
1679313661674,1679313661928
1679313661827,1679313661932
1679313661895,1679313661946
1679313661843,1679313661949
1679313661962,1679313661989
1679313662051,1679313662068
1679313662045,1679313662104
1679313662122,1679313662150
1679313662129,1679313662177
1679313662202,1679313662211
1679313662234,1679313662321
1679313662391,1679313662438
1679313662385,1679313662467
1679313662359,1679313662514
1679313662502,1679313662540
1679313662475,1679313662577
1679313662583,1679313662589
1679313662568,1679313662607
1679313662594,1679313662610
1679313662626,1679313662636
1679313662623,1679313662674
1679313662655,1679313662677
1679313662665,1679313662679
1679313662730,1679313662776
1679313662755,1679313662809
1679313662732,1679313662813
1679313662778,1679313662859
1679313662897,1679313662904
1679313662782,1679313662929
1679313662919,1679313662937
1679313662929,1679313662942
1679313662925,1679313662969
1679313662971,1679313662975
1679313662983,1679313662989
1679313662989,1679313663006
1679313662978,1679313663011
1679313662896,1679313663030
1679313663035,1679313663048
1679313663062,1679313663091
1679313662843,1679313663092
1679313663041,1679313663102
1679313663044,1679313663116
1679313663039,1679313663123
1679313663090,1679313663140
1679313663059,1679313663149
1679313663042,1679313663171
1679313663050,1679313663178
1679313663189,1679313663206
1679313663059,1679313663217
1679313663228,1679313663372
1679313663373,1679313663381
1679313663369,1679313663382
1679313663355,1679313663508
1679313663518,1679313663545
1679313663587,1679313663591
1679313663466,1679313663595
1679313663402,1679313663596
1679313663619,1679313663629
1679313663604,1679313663629
1679313663663,1679313663670
1679313663630,1679313663685
1679313663718,1679313663733
1679313663703,1679313663735
1679313663698,1679313663811
1679313663742,1679313663844
1679313663858,1679313663863
1679313663875,1679313663886
1679313663846,1679313663908
1679313663952,1679313663974
1679313664051,1679313664056
1679313664067,1679313664070
1679313664090,1679313664098
1679313664044,1679313664100
1679313664081,1679313664148
1679313664143,1679313664154
1679313664217,1679313664226
1679313664214,1679313664277
1679313664224,1679313664291
1679313664259,1679313664291
1679313664225,1679313664310
1679313664275,1679313664316
1679313664317,1679313664346
1679313664298,1679313664350
1679313664347,1679313664375
1679313664403,1679313664411
1679313664476,1679313664493
1679313664433,1679313664496
1679313664442,1679313664520
1679313664487,1679313664531
1679313664490,1679313664544
1679313664506,1679313664544
1679313664558,1679313664563
1679313664504,1679313664572
1679313664560,1679313664589
1679313664597,1679313664602
1679313664588,1679313664607
1679313664609,1679313664613
1679313664605,1679313664649
1679313664616,1679313664665
1679313664779,1679313664818
1679313664801,1679313664824
1679313664778,1679313664856
1679313664828,1679313664863
1679313664877,1679313664926
1679313664780,1679313664952
1679313664933,1679313664964
1679313664978,1679313664995
1679313665004,1679313665010
1679313665026,1679313665090
1679313665034,1679313665092
1679313665070,1679313665106
1679313665146,1679313665164
1679313665151,1679313665219
1679313665129,1679313665227
1679313665275,1679313665292
1679313665376,1679313665393
1679313665117,1679313665393
1679313665469,1679313665529
1679313665470,1679313665531
1679313665543,1679313665556
1679313665525,1679313665562
1679313665563,1679313665571
1679313665624,1679313665632
1679313665545,1679313665649
1679313665653,1679313665659
1679313665639,1679313665659
1679313665695,1679313665709
1679313665746,1679313665780
1679313665777,1679313665846
1679313665819,1679313665850
1679313665893,1679313665913
1679313665657,1679313665931
1679313665892,1679313665972
1679313665946,1679313665983
1679313665945,1679313665992
1679313666009,1679313666018
1679313665921,1679313666046
1679313665997,1679313666051
1679313666025,1679313666075
1679313666007,1679313666103
1679313666111,1679313666138
1679313666104,1679313666140
1679313666103,1679313666141
1679313666064,1679313666195
1679313666215,1679313666221
1679313666217,1679313666224
1679313666226,1679313666231
1679313666220,1679313666235
1679313666233,1679313666239
1679313666186,1679313666272
1679313666254,1679313666316
1679313666308,1679313666336
1679313666306,1679313666342
1679313666335,1679313666404
1679313666212,1679313666407
1679313666382,1679313666417
1679313666440,1679313666488
1679313666509,1679313666512
1679313666480,1679313666549
1679313666515,1679313666555
1679313666561,1679313666576
1679313666583,1679313666619
1679313666524,1679313666619
1679313666616,1679313666633
1679313666668,1679313666702
1679313666600,1679313666734
1679313666600,1679313666747
1679313666691,1679313666768
1679313666876,1679313666903
1679313666943,1679313666980
1679313666994,1679313667042
1679313667056,1679313667061
1679313667055,1679313667084
1679313667072,1679313667108
1679313667094,1679313667121
1679313667182,1679313667215
1679313667169,1679313667232
1679313667229,1679313667278
1679313667284,1679313667367
1679313667370,1679313667387
1679313667377,1679313667394
1679313667189,1679313667399
1679313667373,1679313667418
1679313667426,1679313667440
1679313667427,1679313667442
1679313667420,1679313667485
1679313667433,1679313667502
1679313667481,1679313667527
1679313667565,1679313667589
1679313667578,1679313667603
1679313667589,1679313667655
1679313667619,1679313667665
1679313667644,1679313667704
1679313667693,1679313667712
1679313667721,1679313667725
1679313667653,1679313667754
1679313667721,1679313667766
1679313667750,1679313667794
1679313667771,1679313667819
1679313667722,1679313667820
1679313667764,1679313667821
1679313667826,1679313667839
1679313667880,1679313667887
1679313667856,1679313667946
1679313667962,1679313667979
1679313667967,1679313667986
1679313667944,1679313667986
1679313667960,1679313668029
1679313667923,1679313668052
1679313668033,1679313668064
1679313668066,1679313668073
1679313668020,1679313668084
1679313668065,1679313668092
1679313668140,1679313668161
1679313668141,1679313668170
1679313667972,1679313668236
1679313668206,1679313668241
1679313668257,1679313668298
1679313668174,1679313668307
1679313668292,1679313668313
1679313668298,1679313668321
1679313668341,1679313668391
1679313668413,1679313668438
1679313668366,1679313668457
1679313668463,1679313668515
1679313668542,1679313668574
1679313668605,1679313668618
1679313668536,1679313668651
1679313668678,1679313668686
1679313668643,1679313668701
1679313668795,1679313668804
1679313668812,1679313668823
1679313668808,1679313668829
1679313668819,1679313668843
1679313668865,1679313668868
1679313668843,1679313668873
1679313668811,1679313668878
1679313668924,1679313668929
1679313668795,1679313668956
1679313668889,1679313668964
1679313668928,1679313668969
1679313669063,1679313669070
1679313669041,1679313669083
1679313669087,1679313669107
1679313669003,1679313669113
1679313669062,1679313669115
1679313668990,1679313669138
1679313669146,1679313669181
1679313669202,1679313669219
1679313669192,1679313669231
1679313669155,1679313669265
1679313669280,1679313669297
1679313669305,1679313669352
1679313669262,1679313669357
1679313669351,1679313669358
1679313669390,1679313669398
1679313669436,1679313669498
1679313669457,1679313669510
1679313669448,1679313669525
1679313669439,1679313669557
1679313669514,1679313669558
1679313669321,1679313669571
1679313669603,1679313669612
1679313669581,1679313669618
1679313669607,1679313669623
1679313669692,1679313669700
1679313669692,1679313669700
1679313669669,1679313669701
1679313669765,1679313669769
1679313669660,1679313669770
1679313669682,1679313669788
1679313669761,1679313669834
1679313669878,1679313669885
1679313669887,1679313669892
1679313669902,1679313669967
1679313669981,1679313669994
1679313669943,1679313670003
1679313669946,1679313670015
1679313670065,1679313670079
1679313669981,1679313670130
1679313670144,1679313670179
1679313670131,1679313670199
1679313670203,1679313670215
1679313670179,1679313670231
1679313670239,1679313670260
1679313670232,1679313670305
1679313670282,1679313670306
1679313670282,1679313670328
1679313670306,1679313670355
1679313670341,1679313670359
1679313670379,1679313670388
1679313670359,1679313670389
1679313670336,1679313670397
1679313670323,1679313670398
1679313670360,1679313670414
1679313670517,1679313670530
1679313670536,1679313670553
1679313670355,1679313670564
1679313670552,1679313670584
1679313670587,1679313670628
1679313670600,1679313670661
1679313670663,1679313670697
1679313670695,1679313670741
1679313670746,1679313670776
1679313670766,1679313670786
1679313670761,1679313670848
1679313670770,1679313670862
1679313670817,1679313670900
1679313670920,1679313670928
1679313670971,1679313671010
1679313671019,1679313671024
1679313670957,1679313671103
1679313671108,1679313671118
1679313671122,1679313671128
1679313671108,1679313671146
1679313671132,1679313671157
1679313671146,1679313671179
1679313671168,1679313671213
1679313671217,1679313671221
1679313671210,1679313671238
1679313671168,1679313671253
1679313671318,1679313671329
1679313671163,1679313671341
1679313671323,1679313671353
1679313671200,1679313671353
1679313671336,1679313671359
1679313671304,1679313671371
1679313671363,1679313671396
1679313671298,1679313671401
1679313671176,1679313671406
1679313671433,1679313671460
1679313671477,1679313671515
1679313671487,1679313671534
1679313671535,1679313671544
1679313671579,1679313671619
1679313671647,1679313671670
1679313671692,1679313671695
1679313671690,1679313671703
1679313671655,1679313671719
1679313671740,1679313671759
1679313671736,1679313671767
1679313671773,1679313671777
1679313671749,1679313671806
1679313671774,1679313671813
1679313671705,1679313671818
1679313671753,1679313671823
1679313671818,1679313671825
1679313671876,1679313671895
1679313671882,1679313671947
1679313671908,1679313671952
1679313671937,1679313671953
1679313671943,1679313671969
1679313671851,1679313672024
1679313671923,1679313672047
1679313671858,1679313672048
1679313672001,1679313672057
1679313671954,1679313672064
1679313671978,1679313672095
1679313672043,1679313672105
1679313672273,1679313672306
1679313672205,1679313672337
1679313672316,1679313672339
1679313672336,1679313672393
1679313672383,1679313672406
1679313672417,1679313672437
1679313672447,1679313672464
1679313672496,1679313672530
1679313672485,1679313672532
1679313672519,1679313672541
1679313672553,1679313672589
1679313672568,1679313672602
1679313672696,1679313672723
1679313672692,1679313672727
1679313672781,1679313672785
1679313672800,1679313672810
1679313672792,1679313672833
1679313672867,1679313672878
1679313672785,1679313672919
1679313672875,1679313672926
1679313672896,1679313672929
1679313672970,1679313673012
1679313673006,1679313673015
1679313672963,1679313673049
1679313672973,1679313673060
1679313673048,1679313673062
1679313673069,1679313673115
1679313673087,1679313673120
1679313673001,1679313673129
1679313673100,1679313673141
1679313673119,1679313673187
1679313673202,1679313673218
1679313673177,1679313673236
1679313673199,1679313673237
1679313673236,1679313673243
1679313673186,1679313673255
1679313673202,1679313673263
1679313673227,1679313673291
1679313673285,1679313673333
1679313673337,1679313673364
1679313673398,1679313673413
1679313673328,1679313673470
1679313673496,1679313673504
1679313673471,1679313673539
1679313673556,1679313673638
1679313673616,1679313673646
1679313673565,1679313673655
1679313673633,1679313673657
1679313673614,1679313673665
1679313673676,1679313673716
1679313673713,1679313673778
1679313673746,1679313673807
1679313673809,1679313673916
1679313673889,1679313673917
1679313674014,1679313674030
1679313674023,1679313674049
1679313673982,1679313674058
1679313674073,1679313674092
1679313674093,1679313674097
1679313674112,1679313674132
1679313674157,1679313674183
1679313674186,1679313674202
1679313674092,1679313674212
1679313674249,1679313674258
1679313674229,1679313674293
1679313674282,1679313674340
1679313674216,1679313674415
1679313674443,1679313674450
1679313674462,1679313674468
1679313674510,1679313674523
1679313674566,1679313674596
1679313674497,1679313674621
1679313674575,1679313674651
1679313674640,1679313674672
1679313674671,1679313674752
1679313674703,1679313674761
1679313674663,1679313674780
1679313674768,1679313674787
1679313674721,1679313674797
1679313674833,1679313674864
1679313674877,1679313674894
1679313674870,1679313674901
1679313674831,1679313674923
1679313674873,1679313674927
1679313674892,1679313674940
1679313675002,1679313675016
1679313675031,1679313675050
1679313674973,1679313675074
1679313675005,1679313675080
1679313675042,1679313675090
1679313675042,1679313675113
1679313675122,1679313675125
1679313675113,1679313675181
1679313675089,1679313675186
1679313675153,1679313675199
1679313675202,1679313675269
1679313675273,1679313675277
1679313675211,1679313675291
1679313675214,1679313675317
1679313675405,1679313675420
1679313675375,1679313675431
1679313675428,1679313675485
1679313675539,1679313675582
1679313675541,1679313675589
1679313675574,1679313675606
1679313675580,1679313675678
1679313675642,1679313675701
1679313675672,1679313675704
1679313675730,1679313675741
1679313675748,1679313675762
1679313675750,1679313675821
1679313675799,1679313675845
1679313675825,1679313675858
1679313675757,1679313675871
1679313675828,1679313675874
1679313675851,1679313675925
1679313675774,1679313675953
1679313675932,1679313675981
1679313675983,1679313676020
1679313676007,1679313676046
1679313675977,1679313676066
1679313676045,1679313676115
1679313676058,1679313676124
1679313676123,1679313676144
1679313676119,1679313676148
1679313676066,1679313676148
1679313676131,1679313676149
1679313676139,1679313676172
1679313676087,1679313676173
1679313676138,1679313676194
1679313676214,1679313676223
1679313676141,1679313676223
1679313676231,1679313676273
1679313676280,1679313676289
1679313676294,1679313676300
1679313676269,1679313676319
1679313676271,1679313676349
1679313676361,1679313676370
1679313676364,1679313676384
1679313676358,1679313676397
1679313676392,1679313676403
1679313676280,1679313676405
1679313676411,1679313676451
1679313676532,1679313676545
1679313676537,1679313676586
1679313676554,1679313676590
1679313676573,1679313676599
1679313676484,1679313676681
1679313676611,1679313676682
1679313676734,1679313676820
1679313676703,1679313676824
1679313676926,1679313676930
1679313676917,1679313676947
1679313676976,1679313676986
1679313676927,1679313676992
1679313676875,1679313676994
1679313676991,1679313677009
1679313677070,1679313677074
1679313677121,1679313677149
1679313677096,1679313677172
1679313677100,1679313677186
1679313677095,1679313677187
1679313677177,1679313677219
1679313677179,1679313677220
1679313677193,1679313677273
1679313677250,1679313677289
1679313677270,1679313677334
1679313677314,1679313677354
1679313677358,1679313677379
1679313677314,1679313677427
1679313677413,1679313677439
1679313677387,1679313677462
1679313677494,1679313677528
1679313677508,1679313677546
1679313677547,1679313677566
1679313677566,1679313677586
1679313677585,1679313677592
1679313677556,1679313677606
1679313677580,1679313677619
1679313677605,1679313677629
1679313677737,1679313677779
1679313677777,1679313677816
1679313677605,1679313677827
1679313677730,1679313677852
1679313677869,1679313677902
1679313677831,1679313677907
1679313677875,1679313677937
1679313677800,1679313677962
1679313677918,1679313677965
1679313677969,1679313677985
1679313677981,1679313678040
1679313678005,1679313678067
1679313678008,1679313678117
1679313678112,1679313678123
1679313677818,1679313678144
1679313678176,1679313678217
1679313678223,1679313678231
1679313678305,1679313678312
1679313678313,1679313678339
1679313678329,1679313678343
1679313678335,1679313678357
1679313678389,1679313678393
1679313678336,1679313678442
1679313678523,1679313678552
1679313678564,1679313678591
1679313678598,1679313678631
1679313678565,1679313678632
1679313678630,1679313678643
1679313678641,1679313678645
1679313678487,1679313678648
1679313678611,1679313678661
1679313678674,1679313678754
1679313678677,1679313678758
1679313678724,1679313678763
1679313678750,1679313678763
1679313678811,1679313678833
1679313678845,1679313678926
1679313678926,1679313678935
1679313678859,1679313678936
1679313678908,1679313678959
1679313678908,1679313678967
1679313678824,1679313678977
1679313678951,1679313678989
1679313678994,1679313679035
1679313679041,1679313679053
1679313679017,1679313679080
1679313679073,1679313679167
1679313679053,1679313679173
1679313679157,1679313679248
1679313679236,1679313679257
1679313679218,1679313679269
1679313679261,1679313679296
1679313679257,1679313679317
1679313679369,1679313679383
1679313679362,1679313679392
1679313679372,1679313679396
1679313679354,1679313679433
1679313679425,1679313679452
1679313679301,1679313679456
1679313679352,1679313679463
1679313679324,1679313679478
1679313679414,1679313679494
1679313679486,1679313679530
1679313679484,1679313679549
1679313679539,1679313679550
1679313679315,1679313679561
1679313679498,1679313679572
1679313679568,1679313679597
1679313679642,1679313679649
1679313679607,1679313679663
1679313679676,1679313679691
1679313679685,1679313679710
1679313679691,1679313679712
1679313679625,1679313679727
1679313679775,1679313679806
1679313679779,1679313679811
1679313679804,1679313679826
1679313679807,1679313679884
1679313679742,1679313679896
1679313679905,1679313679932
1679313679888,1679313679940
1679313679993,1679313680024
1679313680079,1679313680086
1679313680073,1679313680160
1679313680171,1679313680239
1679313680199,1679313680263
1679313680255,1679313680271
1679313680222,1679313680271
1679313680261,1679313680278
1679313680275,1679313680406
1679313680339,1679313680452
1679313680513,1679313680518
1679313680524,1679313680531
1679313680679,1679313680692
1679313680669,1679313680693
1679313680677,1679313680696
1679313680690,1679313680722
1679313680731,1679313680740
1679313680712,1679313680748
1679313680744,1679313680782
1679313680789,1679313680797
1679313680793,1679313680821
1679313680752,1679313680837
1679313680849,1679313680861
1679313680799,1679313680862
1679313680895,1679313681013
1679313680926,1679313681035
1679313681011,1679313681047
1679313681010,1679313681048
1679313681035,1679313681066
1679313680898,1679313681073
1679313681047,1679313681086
1679313681055,1679313681104
1679313681036,1679313681108
1679313681115,1679313681148
1679313681161,1679313681180
1679313681140,1679313681192
1679313681201,1679313681206
1679313681161,1679313681208
1679313681277,1679313681349
1679313681385,1679313681419
1679313681339,1679313681441
1679313681400,1679313681443
1679313681442,1679313681474
1679313681489,1679313681505
1679313681463,1679313681511
1679313681485,1679313681570
1679313681541,1679313681571
1679313681560,1679313681573
1679313681604,1679313681662
1679313681779,1679313681787
1679313681810,1679313681832
1679313681825,1679313681841
1679313681751,1679313681851
1679313681746,1679313681861
1679313681877,1679313681880
1679313681877,1679313681889
1679313681897,1679313681913
1679313681926,1679313681959
1679313681932,1679313682019
1679313682037,1679313682056
1679313682020,1679313682091
1679313682062,1679313682107
1679313682081,1679313682131
1679313682101,1679313682162
1679313682187,1679313682193
1679313682192,1679313682216
1679313682243,1679313682255
1679313682236,1679313682308
1679313682168,1679313682313
1679313682274,1679313682326
1679313682349,1679313682356
1679313682352,1679313682364
1679313682356,1679313682400
1679313682385,1679313682402
1679313682465,1679313682491
1679313682430,1679313682521
1679313682420,1679313682530
1679313682377,1679313682541
1679313682531,1679313682571
1679313682499,1679313682575
1679313682565,1679313682580
1679313682574,1679313682613
1679313682604,1679313682622
1679313682623,1679313682636
1679313682627,1679313682693
1679313682675,1679313682720
1679313682735,1679313682781
1679313682744,1679313682822
1679313682832,1679313682857
1679313682820,1679313682896
1679313682851,1679313682911
1679313682911,1679313682949
1679313682940,1679313682967
1679313682929,1679313682972
1679313682906,1679313682986
1679313683013,1679313683023
1679313683077,1679313683105
1679313683053,1679313683146
1679313683101,1679313683178
1679313683155,1679313683181
1679313683225,1679313683258
1679313683227,1679313683263
1679313683113,1679313683295
1679313683308,1679313683348
1679313683361,1679313683372
1679313683312,1679313683457
1679313683463,1679313683484
1679313683499,1679313683507
1679313683505,1679313683511
1679313683508,1679313683546
1679313683512,1679313683586
1679313683587,1679313683600
1679313683650,1679313683669
1679313683599,1679313683704
1679313683733,1679313683752
1679313683753,1679313683757
1679313683723,1679313683767
1679313683724,1679313683767
1679313683715,1679313683781
1679313683826,1679313683832
1679313683836,1679313683862
1679313683714,1679313683879
1679313683775,1679313683915
1679313683900,1679313683938
1679313683938,1679313683949
1679313683880,1679313683966
1679313683966,1679313683972
1679313683880,1679313683982
1679313684006,1679313684034
1679313684052,1679313684074
1679313684066,1679313684076
1679313683968,1679313684084
1679313684052,1679313684089
1679313684076,1679313684095
1679313684173,1679313684189
1679313684289,1679313684296
1679313684281,1679313684304
1679313684324,1679313684329
1679313684280,1679313684340
1679313684340,1679313684356
1679313684312,1679313684360
1679313684340,1679313684390
1679313684447,1679313684455
1679313684448,1679313684501
1679313684509,1679313684520
1679313684441,1679313684568
1679313684539,1679313684579
1679313684595,1679313684603
1679313684557,1679313684623
1679313684651,1679313684665
1679313684646,1679313684669
1679313684695,1679313684717
1679313684728,1679313684734
1679313684809,1679313684838
1679313684864,1679313684876
1679313684753,1679313684913
1679313684887,1679313684920
1679313684924,1679313684939
1679313684939,1679313684956
1679313684888,1679313684974
1679313684900,1679313685004
1679313684973,1679313685006
1679313684980,1679313685008
1679313684983,1679313685078
1679313684761,1679313685114
1679313685100,1679313685143
1679313685125,1679313685147
1679313685132,1679313685152
1679313685103,1679313685212
1679313685165,1679313685219
1679313685378,1679313685391
1679313685381,1679313685414
1679313685447,1679313685451
1679313685401,1679313685478
1679313685510,1679313685516
1679313685535,1679313685609
1679313685657,1679313685674
1679313685579,1679313685700
1679313685651,1679313685705
1679313685633,1679313685712
1679313685647,1679313685719
1679313685637,1679313685750
1679313685693,1679313685774
1679313685855,1679313685881
1679313685866,1679313685883
1679313685882,1679313685884
1679313685867,1679313685889
1679313685925,1679313685936
1679313685989,1679313686013
1679313685955,1679313686055
1679313685994,1679313686058
1679313685990,1679313686059
1679313686077,1679313686094
1679313685965,1679313686108
1679313686127,1679313686143
1679313686127,1679313686155
1679313686164,1679313686205
1679313686249,1679313686277
1679313686369,1679313686419
1679313686404,1679313686459
1679313686329,1679313686543
1679313686533,1679313686543
1679313686531,1679313686545
1679313686523,1679313686548
1679313686530,1679313686550
1679313686540,1679313686556
1679313686533,1679313686558
1679313686552,1679313686570
1679313686543,1679313686593
1679313686572,1679313686632
1679313686556,1679313686640
1679313686653,1679313686673
1679313686688,1679313686694
1679313686691,1679313686702
1679313686716,1679313686725
1679313686730,1679313686744
1679313686769,1679313686819
1679313686841,1679313686904
1679313686866,1679313686924
1679313686846,1679313686951
1679313687039,1679313687051
1679313687053,1679313687078
1679313687103,1679313687135
1679313687156,1679313687165
1679313687072,1679313687190
1679313687082,1679313687191
1679313687141,1679313687197
1679313687178,1679313687217
1679313687157,1679313687226
1679313687169,1679313687240
1679313687281,1679313687350
1679313687271,1679313687369
1679313687374,1679313687383
1679313687423,1679313687482
1679313687483,1679313687489
1679313687460,1679313687506
1679313687496,1679313687533
1679313687489,1679313687568
1679313687584,1679313687592
1679313687593,1679313687630
1679313687682,1679313687720
1679313687647,1679313687772
1679313687777,1679313687785
1679313687770,1679313687825
1679313687811,1679313687853
1679313687765,1679313687883
1679313687879,1679313687887
1679313687868,1679313687904
1679313687938,1679313687949
1679313687923,1679313687980
1679313687847,1679313687997
1679313687972,1679313688014
1679313687950,1679313688015
1679313687997,1679313688020
1679313688063,1679313688071
1679313688058,1679313688074
1679313687917,1679313688075
1679313688072,1679313688078
1679313688066,1679313688095
1679313688135,1679313688142
1679313688009,1679313688164
1679313688116,1679313688187
1679313688130,1679313688225
1679313688232,1679313688239
1679313688250,1679313688267
1679313688204,1679313688294
1679313688315,1679313688333
1679313688413,1679313688420
1679313688421,1679313688427
1679313688565,1679313688576
1679313688593,1679313688601
1679313688600,1679313688605
1679313688589,1679313688608
1679313688571,1679313688645
1679313688617,1679313688648
1679313688588,1679313688702
1679313688753,1679313688783
1679313688772,1679313688822
1679313688825,1679313688845
1679313688864,1679313688880
1679313688841,1679313688894
1679313688912,1679313688953
1679313688970,1679313689008
1679313689089,1679313689093
1679313689030,1679313689112
1679313689143,1679313689163
1679313689156,1679313689172
1679313689142,1679313689199
1679313689181,1679313689215
1679313689148,1679313689218
1679313689238,1679313689253
1679313689203,1679313689271
1679313689374,1679313689380
1679313689408,1679313689427
1679313689401,1679313689430
1679313689322,1679313689447
1679313689478,1679313689499
1679313689504,1679313689529
1679313689586,1679313689595
1679313689468,1679313689596
1679313689592,1679313689599
1679313689512,1679313689627
1679313689572,1679313689637
1679313689637,1679313689645
1679313689468,1679313689683
1679313689705,1679313689710
1679313689690,1679313689719
1679313689781,1679313689799
1679313689718,1679313689839
1679313689810,1679313689855
1679313689734,1679313689878
1679313689870,1679313689889
1679313689901,1679313689941
1679313689946,1679313689971
1679313689906,1679313689996
1679313689946,1679313690006
1679313689989,1679313690009
1679313689947,1679313690026
1679313690020,1679313690030
1679313690028,1679313690060
1679313689865,1679313690068
1679313690102,1679313690109
1679313690065,1679313690113
1679313690043,1679313690124
1679313690097,1679313690173
1679313690185,1679313690209
1679313690159,1679313690218
1679313690201,1679313690247
1679313690263,1679313690283
1679313690235,1679313690283
1679313690273,1679313690319
1679313690314,1679313690333
1679313690119,1679313690405
1679313690398,1679313690413
1679313690315,1679313690439
1679313690451,1679313690462
1679313690392,1679313690506
1679313690449,1679313690531
1679313690489,1679313690537
1679313690555,1679313690597
1679313690610,1679313690645
1679313690633,1679313690653
1679313690572,1679313690679
1679313690718,1679313690728
1679313690732,1679313690774
1679313690873,1679313690897
1679313690883,1679313690911
1679313690900,1679313690926
1679313690901,1679313690958
1679313690951,1679313691006
1679313690988,1679313691020
1679313691042,1679313691054
1679313691016,1679313691062
1679313691079,1679313691083
1679313691077,1679313691097
1679313691069,1679313691116
1679313691008,1679313691142
1679313691143,1679313691162
1679313691033,1679313691182
1679313691204,1679313691209
1679313691223,1679313691244
1679313691284,1679313691289
1679313691285,1679313691291
1679313691253,1679313691327
1679313691324,1679313691334
1679313691293,1679313691359
1679313691367,1679313691387
1679313691498,1679313691509
1679313691616,1679313691627
1679313691642,1679313691648
1679313691633,1679313691649
1679313691603,1679313691671
1679313691661,1679313691686
1679313691669,1679313691700
1679313691713,1679313691719
1679313691710,1679313691749
1679313691753,1679313691797
1679313691771,1679313691808
1679313691792,1679313691815
1679313691796,1679313691826
1679313691847,1679313691917
1679313691851,1679313691919
1679313691880,1679313691960
1679313691980,1679313691995
1679313691980,1679313691998
1679313691830,1679313692005
1679313691987,1679313692008
1679313691961,1679313692024
1679313691976,1679313692044
1679313692075,1679313692113
1679313692091,1679313692142
1679313692208,1679313692226
1679313692251,1679313692255
1679313692251,1679313692290
1679313692287,1679313692347
1679313692351,1679313692370
1679313692398,1679313692408
1679313692316,1679313692416
1679313692370,1679313692458
1679313692516,1679313692524
1679313692534,1679313692554
1679313692479,1679313692561
1679313692533,1679313692571
1679313692586,1679313692596
1679313692548,1679313692599
1679313692591,1679313692639
1679313692664,1679313692674
1679313692618,1679313692814
1679313692716,1679313692815
1679313692678,1679313692819
1679313692813,1679313692845
1679313692843,1679313692852
1679313692758,1679313692859
1679313692869,1679313692905
1679313692935,1679313692953
1679313693009,1679313693013
1679313692954,1679313693035
1679313692973,1679313693046
1679313692891,1679313693046
1679313692889,1679313693047
1679313692969,1679313693049
1679313693057,1679313693068
1679313693180,1679313693198
1679313693289,1679313693315
1679313693258,1679313693339
1679313693325,1679313693351
1679313693380,1679313693415
1679313693393,1679313693449
1679313693539,1679313693561
1679313693558,1679313693571
1679313693607,1679313693637
1679313693637,1679313693651
1679313693556,1679313693672
1679313693649,1679313693676
1679313693682,1679313693692
1679313693662,1679313693738
1679313693739,1679313693743
1679313693638,1679313693766
1679313693730,1679313693771
1679313693782,1679313693794
1679313693739,1679313693800
1679313693806,1679313693850
1679313693732,1679313693868
1679313693893,1679313693896
1679313693878,1679313693923
1679313693851,1679313693941
1679313693909,1679313693993
1679313694027,1679313694044
1679313693998,1679313694054
1679313694020,1679313694111
1679313694142,1679313694153
1679313693999,1679313694161
1679313694145,1679313694167
1679313694144,1679313694177
1679313694231,1679313694272
1679313694297,1679313694346
1679313694136,1679313694373
1679313694287,1679313694382
1679313694362,1679313694395
1679313694370,1679313694397
1679313694373,1679313694419
1679313694425,1679313694454
1679313694417,1679313694466
1679313694465,1679313694477
1679313694526,1679313694543
1679313694546,1679313694617
1679313694684,1679313694692
1679313694678,1679313694714
1679313694690,1679313694716
1679313694664,1679313694726
1679313694695,1679313694731
1679313694732,1679313694813
1679313694788,1679313694821
1679313694794,1679313694840
1679313694785,1679313694853
1679313694861,1679313694909
1679313694973,1679313694976
1679313694918,1679313695003
1679313694911,1679313695021
1679313695020,1679313695044
1679313695051,1679313695069
1679313695090,1679313695142
1679313695108,1679313695158
1679313695125,1679313695174
1679313695169,1679313695189
1679313695145,1679313695199
1679313695174,1679313695246
1679313695209,1679313695282
1679313695255,1679313695283
1679313695322,1679313695327
1679313695218,1679313695360
1679313695338,1679313695368
1679313695226,1679313695386
1679313695421,1679313695436
1679313695364,1679313695444
1679313695457,1679313695544
1679313695581,1679313695588
1679313695610,1679313695626
1679313695556,1679313695631
1679313695614,1679313695637
1679313695638,1679313695664
1679313695589,1679313695679
1679313695658,1679313695681
1679313695723,1679313695738
1679313695735,1679313695762
1679313695727,1679313695778
1679313695830,1679313695836
1679313695817,1679313695853
1679313695849,1679313695855
1679313695828,1679313695894
1679313695974,1679313695999
1679313695984,1679313696038
1679313696089,1679313696125
1679313696158,1679313696161
1679313696202,1679313696237
1679313696198,1679313696245
1679313696232,1679313696275
1679313696302,1679313696309
1679313696014,1679313696327
1679313696214,1679313696330
1679313696324,1679313696332
1679313696341,1679313696390
1679313696330,1679313696446
1679313696427,1679313696470
1679313696423,1679313696479
1679313696274,1679313696490
1679313696472,1679313696491
1679313696535,1679313696559
1679313696547,1679313696605
1679313696613,1679313696622
1679313696595,1679313696628
1679313696611,1679313696652
1679313696628,1679313696693
1679313696686,1679313696717
1679313696717,1679313696745
1679313696668,1679313696843
1679313696803,1679313696882
1679313696880,1679313696885
1679313696874,1679313696896
1679313696881,1679313696928
1679313696874,1679313696958
1679313697012,1679313697020
1679313697127,1679313697165
1679313697183,1679313697205
1679313697229,1679313697243
1679313697145,1679313697260
1679313697204,1679313697318
1679313697339,1679313697360
1679313697292,1679313697373
1679313697428,1679313697436
1679313697335,1679313697460
1679313697473,1679313697535
1679313697560,1679313697563
1679313697481,1679313697606
1679313697548,1679313697621
1679313697625,1679313697635
1679313697602,1679313697659
1679313697632,1679313697675
1679313697687,1679313697727
1679313697713,1679313697738
1679313697638,1679313697744
1679313697797,1679313697802
1679313697783,1679313697807
1679313697794,1679313697808
1679313697804,1679313697815
1679313697809,1679313697836
1679313697787,1679313697857
1679313697794,1679313697884
1679313697873,1679313697900
1679313697933,1679313697945
1679313697906,1679313697948
1679313697893,1679313697956
1679313697956,1679313697985
1679313697993,1679313698001
1679313697912,1679313698020
1679313697982,1679313698023
1679313698050,1679313698073
1679313698237,1679313698270
1679313698137,1679313698292
1679313698205,1679313698300
1679313698311,1679313698346
1679313698320,1679313698348
1679313698318,1679313698362
1679313698307,1679313698366
1679313698361,1679313698393
1679313698401,1679313698413
1679313698407,1679313698414
1679313698400,1679313698431
1679313698409,1679313698439
1679313698496,1679313698517
1679313698358,1679313698627
1679313698615,1679313698639
1679313698776,1679313698780
1679313698823,1679313698849
1679313698845,1679313698859
1679313698848,1679313698956
1679313698934,1679313698971
1679313698953,1679313698988
1679313698984,1679313698994
1679313698914,1679313699015
1679313699047,1679313699062
1679313698950,1679313699084
1679313699023,1679313699092
1679313699034,1679313699107
1679313699137,1679313699152
1679313699150,1679313699163
1679313699053,1679313699163
1679313699177,1679313699200
1679313699255,1679313699261
1679313699302,1679313699337
1679313699360,1679313699378
1679313699388,1679313699395
1679313699409,1679313699450
1679313699490,1679313699565
1679313699393,1679313699566
1679313699580,1679313699589
1679313699462,1679313699593
1679313699567,1679313699605
1679313699609,1679313699648
1679313699657,1679313699680
1679313699666,1679313699718
1679313699714,1679313699722
1679313699575,1679313699730
1679313699791,1679313699795
1679313699825,1679313699842
1679313699839,1679313699850
1679313699847,1679313699876
1679313699801,1679313699886
1679313699836,1679313699914
1679313699860,1679313699917
1679313699874,1679313699925
1679313699868,1679313699939
1679313699980,1679313699998
1679313700014,1679313700028
1679313700001,1679313700069
1679313700057,1679313700078
1679313700096,1679313700183
1679313700182,1679313700192
1679313700182,1679313700193
1679313700201,1679313700209
1679313700260,1679313700306
1679313700286,1679313700318
1679313700312,1679313700384
1679313700372,1679313700392
1679313700396,1679313700440
1679313700440,1679313700486
1679313700477,1679313700488
1679313700466,1679313700503
1679313700508,1679313700538
1679313700494,1679313700541
1679313700503,1679313700565
1679313700562,1679313700584
1679313700524,1679313700592
1679313700610,1679313700721
1679313700671,1679313700726
1679313700762,1679313700812
1679313700769,1679313700838
1679313700807,1679313700838
1679313700873,1679313700881
1679313700948,1679313700957
1679313700968,1679313700993
1679313700983,1679313700997
1679313700983,1679313701009
1679313701004,1679313701013
1679313700961,1679313701016
1679313701023,1679313701087
1679313700988,1679313701115
1679313701075,1679313701141
1679313701023,1679313701171
1679313701170,1679313701180
1679313701197,1679313701209
1679313701369,1679313701374
1679313701180,1679313701388
1679313701359,1679313701401
1679313701436,1679313701446
1679313701395,1679313701469
1679313701449,1679313701508
1679313701490,1679313701508
1679313701500,1679313701554
1679313701553,1679313701600
1679313701589,1679313701604
1679313701667,1679313701730
1679313701834,1679313701843
1679313701834,1679313701855
1679313701887,1679313701927
1679313701886,1679313701952
1679313701954,1679313701958
1679313701947,1679313701969
1679313701963,1679313701972
1679313701961,1679313701984
1679313701929,1679313701986
1679313701952,1679313701987
1679313702005,1679313702015
1679313701940,1679313702021
1679313701959,1679313702052
1679313702054,1679313702072
1679313701970,1679313702074
1679313702002,1679313702079
1679313702111,1679313702138
1679313702094,1679313702151
1679313702180,1679313702191
1679313702244,1679313702304
1679313702318,1679313702325
1679313702238,1679313702385
1679313702378,1679313702398
1679313702345,1679313702425
1679313702396,1679313702426
1679313702373,1679313702427
1679313702431,1679313702460
1679313702373,1679313702466
1679313702447,1679313702506
1679313702488,1679313702522
1679313702471,1679313702539
1679313702536,1679313702551
1679313702506,1679313702592
1679313702606,1679313702616
1679313702684,1679313702718
1679313702723,1679313702758
1679313702858,1679313702881
1679313702877,1679313702900
1679313702860,1679313702909
1679313702873,1679313702918
1679313702642,1679313702932
1679313702897,1679313702944
1679313702930,1679313702947
1679313702964,1679313702986
1679313702993,1679313703003
1679313702991,1679313703014
1679313703003,1679313703015
1679313703001,1679313703039
1679313702923,1679313703041
1679313703019,1679313703061
1679313703040,1679313703098
1679313703220,1679313703227
1679313703287,1679313703313
1679313703299,1679313703408
1679313703481,1679313703499
1679313703492,1679313703502
1679313703482,1679313703511
1679313703514,1679313703535
1679313703451,1679313703564
1679313703567,1679313703572
1679313703542,1679313703575
1679313703570,1679313703584
1679313703522,1679313703597
1679313703539,1679313703599
1679313703600,1679313703604
1679313703619,1679313703623
1679313703595,1679313703672
1679313703522,1679313703709
1679313703672,1679313703711
1679313703710,1679313703755
1679313703618,1679313703782
1679313703762,1679313703782
1679313703767,1679313703810
1679313703925,1679313703971
1679313703970,1679313703989
1679313703975,1679313704017
1679313703958,1679313704067
1679313704046,1679313704076
1679313704025,1679313704118
1679313704191,1679313704216
1679313704249,1679313704255
1679313704249,1679313704257
1679313704188,1679313704311
1679313704311,1679313704320
1679313704165,1679313704321
1679313704357,1679313704367
1679313704358,1679313704368
1679313704384,1679313704459
1679313704506,1679313704529
1679313704516,1679313704551
1679313704614,1679313704639
1679313704525,1679313704653
1679313704610,1679313704683
1679313704706,1679313704731
1679313704614,1679313704732
1679313704722,1679313704744
1679313704756,1679313704768
1679313704728,1679313704778
1679313704793,1679313704813
1679313704732,1679313704838
1679313704804,1679313704870
1679313704884,1679313704892
1679313704871,1679313704894
1679313704933,1679313704956
1679313704906,1679313704975
1679313705023,1679313705050
1679313705066,1679313705090
1679313705080,1679313705102
1679313705062,1679313705108
1679313705146,1679313705169
1679313705164,1679313705178
1679313705171,1679313705206
1679313705109,1679313705215
1679313705262,1679313705302
1679313705321,1679313705331
1679313705249,1679313705336
1679313705320,1679313705354
1679313705192,1679313705365
1679313705401,1679313705405
1679313705427,1679313705437
1679313705418,1679313705447
1679313705442,1679313705504
1679313705507,1679313705524
1679313705523,1679313705526
1679313705484,1679313705542
1679313705435,1679313705544
1679313705629,1679313705647
1679313705641,1679313705655
1679313705666,1679313705676
1679313705632,1679313705685
1679313705661,1679313705691
1679313705758,1679313705762
1679313705738,1679313705804
1679313705823,1679313705834
1679313705788,1679313705868
1679313705887,1679313705911
1679313705987,1679313706030
1679313706023,1679313706080
1679313706031,1679313706083
1679313706167,1679313706179
1679313706226,1679313706248
1679313706245,1679313706294
1679313706129,1679313706312
1679313706341,1679313706375
1679313706405,1679313706417
1679313706461,1679313706468
1679313706454,1679313706493
1679313706462,1679313706498
1679313706490,1679313706517
1679313706473,1679313706546
1679313706481,1679313706551
1679313706490,1679313706577
1679313706587,1679313706594
1679313706540,1679313706598
1679313706566,1679313706632
1679313706579,1679313706640
1679313706673,1679313706683
1679313706632,1679313706748
1679313706742,1679313706761
1679313706763,1679313706770
1679313706754,1679313706791
1679313706678,1679313706796
1679313706651,1679313706827
1679313706803,1679313706832
1679313706897,1679313706973
1679313707051,1679313707060
1679313707042,1679313707074
1679313707055,1679313707079
1679313707065,1679313707086
1679313707060,1679313707107
1679313707105,1679313707130
1679313707092,1679313707132
1679313707092,1679313707138
1679313707083,1679313707144
1679313707237,1679313707254
1679313707216,1679313707272
1679313707193,1679313707281
1679313707219,1679313707282
1679313707292,1679313707296
1679313707188,1679313707324
1679313707301,1679313707336
1679313707351,1679313707358
1679313707390,1679313707403
1679313707399,1679313707407
1679313707217,1679313707413
1679313707424,1679313707429
1679313707349,1679313707429
1679313707467,1679313707474
1679313707488,1679313707538
1679313707578,1679313707583
1679313707462,1679313707599
1679313707618,1679313707656
1679313707650,1679313707662
1679313707697,1679313707719
1679313707667,1679313707739
1679313707801,1679313707819
1679313707841,1679313707862
1679313707753,1679313707929
1679313707928,1679313707958
1679313707903,1679313707971
1679313707949,1679313707981
1679313707977,1679313708005
1679313707978,1679313708123
1679313708247,1679313708251
1679313708232,1679313708256
1679313708276,1679313708305
1679313708142,1679313708307
1679313708204,1679313708326
1679313708282,1679313708330
1679313708389,1679313708392
1679313708388,1679313708426
1679313708424,1679313708431
1679313708442,1679313708449
1679313708421,1679313708463
1679313708435,1679313708487
1679313708329,1679313708509
1679313708431,1679313708517
1679313708488,1679313708545
1679313708569,1679313708599
1679313708531,1679313708603
1679313708592,1679313708635
1679313708619,1679313708666
1679313708654,1679313708735
1679313708735,1679313708752
1679313708789,1679313708815
1679313708789,1679313708838
1679313708857,1679313708861
1679313708853,1679313708873
1679313708832,1679313708882
1679313708885,1679313708899
1679313708917,1679313708957
1679313708928,1679313708977
1679313708871,1679313708997
1679313708989,1679313709001
1679313708895,1679313709001
1679313709025,1679313709066
1679313708989,1679313709085
1679313708761,1679313709098
1679313709005,1679313709116
1679313709137,1679313709144
1679313709170,1679313709240
1679313709248,1679313709295
1679313709322,1679313709341
1679313709371,1679313709427
1679313709486,1679313709494
1679313709528,1679313709538
1679313709534,1679313709577
1679313709500,1679313709582
1679313709609,1679313709621
1679313709665,1679313709730
1679313709759,1679313709763
1679313709777,1679313709801
1679313709866,1679313709873
1679313709846,1679313709892
1679313709804,1679313709992
1679313710026,1679313710043
1679313710100,1679313710153
1679313710134,1679313710166
1679313710200,1679313710215
1679313710237,1679313710254
1679313710217,1679313710269
1679313710258,1679313710276
1679313710098,1679313710334
1679313710337,1679313710345
1679313710340,1679313710348
1679313710248,1679313710360
1679313710345,1679313710362
1679313710282,1679313710367
1679313710312,1679313710412
1679313710257,1679313710415
1679313710371,1679313710431
1679313710331,1679313710462
1679313710110,1679313710477
1679313710376,1679313710498
1679313710470,1679313710518
1679313710498,1679313710531
1679313710562,1679313710567
1679313710417,1679313710583
1679313710621,1679313710629
1679313710661,1679313710665
1679313710743,1679313710747
1679313710734,1679313710776
1679313710777,1679313710781
1679313710780,1679313710815
1679313710816,1679313710820
1679313710794,1679313710845
1679313710867,1679313710888
1679313710943,1679313710966
1679313710934,1679313710993
1679313710991,1679313711023
1679313711038,1679313711047
1679313711135,1679313711143
1679313711139,1679313711160
1679313711194,1679313711280
1679313711112,1679313711280
1679313711287,1679313711300
1679313711229,1679313711345
1679313711400,1679313711407
1679313711451,1679313711461
1679313711429,1679313711483
1679313711424,1679313711489
1679313711485,1679313711495
1679313711511,1679313711518
1679313711459,1679313711543
1679313711507,1679313711578
1679313711640,1679313711675
1679313711679,1679313711683
1679313711639,1679313711843
1679313711824,1679313711861
1679313711701,1679313711872
1679313711831,1679313711902
1679313711888,1679313711912
1679313711884,1679313711923
1679313711900,1679313711925
1679313711970,1679313711999
1679313712004,1679313712026
1679313711969,1679313712028
1679313712073,1679313712079
1679313712105,1679313712154
1679313712149,1679313712155
1679313712164,1679313712214
1679313712118,1679313712229
1679313712259,1679313712267
1679313712186,1679313712319
1679313712257,1679313712337
1679313712302,1679313712343
1679313712424,1679313712455
1679313712455,1679313712508
1679313712465,1679313712513
1679313712288,1679313712518
1679313712464,1679313712519
1679313712530,1679313712541
1679313712480,1679313712544
1679313712547,1679313712567
1679313712459,1679313712583
1679313712552,1679313712594
1679313712547,1679313712595
1679313712561,1679313712664
1679313712811,1679313712817
1679313712742,1679313712820
1679313712920,1679313712975
1679313712975,1679313712988
1679313712998,1679313713002
1679313712979,1679313713012
1679313712937,1679313713021
1679313713028,1679313713062
1679313713119,1679313713129
1679313713116,1679313713137
1679313713081,1679313713148
1679313713074,1679313713150
1679313713130,1679313713201
1679313713162,1679313713234
1679313713189,1679313713271
1679313713203,1679313713277
1679313713254,1679313713319
1679313713324,1679313713375
1679313713382,1679313713389
1679313713311,1679313713425
1679313713415,1679313713445
1679313713393,1679313713451
1679313713504,1679313713529
1679313713554,1679313713560
1679313713568,1679313713589
1679313713554,1679313713663
1679313713631,1679313713715
1679313713719,1679313713731
1679313713728,1679313713738
1679313713776,1679313713822
1679313713752,1679313713824
1679313713809,1679313713848
1679313713710,1679313713858
1679313713820,1679313713884
1679313713878,1679313713889
1679313713868,1679313713893
1679313713907,1679313713971
1679313713838,1679313714046
1679313713991,1679313714092
1679313713975,1679313714119
1679313714072,1679313714134
1679313714153,1679313714162
1679313714207,1679313714213
1679313714121,1679313714215
1679313714214,1679313714230
1679313714202,1679313714242
1679313714207,1679313714257
1679313714072,1679313714280
1679313714193,1679313714309
1679313714263,1679313714319
1679313714193,1679313714319
1679313714156,1679313714357
1679313714345,1679313714360
1679313714414,1679313714419
1679313714421,1679313714425
1679313714428,1679313714437
1679313714410,1679313714450
1679313714516,1679313714551
1679313714548,1679313714555
1679313714604,1679313714624
1679313714616,1679313714642
1679313714703,1679313714730
1679313714668,1679313714751
1679313714639,1679313714767
1679313714717,1679313714805
1679313714844,1679313714864
1679313714908,1679313714919
1679313714918,1679313714961
1679313714972,1679313714979
1679313714953,1679313714983
1679313715054,1679313715073
1679313715053,1679313715091
1679313715093,1679313715096
1679313715141,1679313715150
1679313715178,1679313715237
1679313715162,1679313715240
1679313715163,1679313715254
1679313715250,1679313715267
1679313715262,1679313715322
1679313715321,1679313715353
1679313715387,1679313715391
1679313715267,1679313715411
1679313715418,1679313715430
1679313715443,1679313715477
1679313715463,1679313715486
1679313715489,1679313715495
1679313715494,1679313715501
1679313715506,1679313715522
1679313715518,1679313715562
1679313715452,1679313715573
1679313715454,1679313715581
1679313715630,1679313715642
1679313715597,1679313715663
1679313715669,1679313715676
1679313715681,1679313715692
1679313715614,1679313715725
1679313715741,1679313715787
1679313715720,1679313715797
1679313715798,1679313715803
1679313715810,1679313715827
1679313715699,1679313715859
1679313715852,1679313715862
1679313715911,1679313715945
1679313716050,1679313716135
1679313716122,1679313716149
1679313716011,1679313716194
1679313716213,1679313716220
1679313716119,1679313716257
1679313716315,1679313716321
1679313716253,1679313716384
1679313716411,1679313716418
1679313716478,1679313716507
1679313716492,1679313716522
1679313716460,1679313716531
1679313716479,1679313716533
1679313716525,1679313716544
1679313716516,1679313716563
1679313716366,1679313716582
1679313716592,1679313716600
1679313716665,1679313716680
1679313716639,1679313716693
1679313716707,1679313716746
1679313716663,1679313716790
1679313716704,1679313716804
1679313716674,1679313716816
1679313716814,1679313716854
1679313716840,1679313716865
1679313716827,1679313716874
1679313716878,1679313716895
1679313716905,1679313716929
1679313716921,1679313716932
1679313716888,1679313716958
1679313716934,1679313716965
1679313716966,1679313716970
1679313716864,1679313717016
1679313716940,1679313717069
1679313717098,1679313717115
1679313717149,1679313717158
1679313717085,1679313717188
1679313717245,1679313717272
1679313717214,1679313717278
1679313717346,1679313717353
1679313717404,1679313717409
1679313717360,1679313717431
1679313717422,1679313717478
1679313717463,1679313717519
1679313717516,1679313717520
1679313717480,1679313717522
1679313717529,1679313717556
1679313717554,1679313717596
1679313717621,1679313717632
1679313717907,1679313717911
1679313717838,1679313717924
1679313717940,1679313717979
1679313718001,1679313718011
1679313718023,1679313718037
1679313717970,1679313718065
1679313718032,1679313718098
1679313718125,1679313718131
1679313718089,1679313718200
1679313718232,1679313718274
1679313718271,1679313718287
1679313718245,1679313718289
1679313718286,1679313718296
1679313718294,1679313718309
1679313718213,1679313718340
1679313718334,1679313718347
1679313718307,1679313718459
1679313718337,1679313718501
1679313718411,1679313718517
1679313718479,1679313718521
1679313718411,1679313718522
1679313718501,1679313718524
1679313718476,1679313718545
1679313718528,1679313718558
1679313718567,1679313718581
1679313718571,1679313718591
1679313718567,1679313718595
1679313718534,1679313718615
1679313718413,1679313718647
1679313718599,1679313718656
1679313718674,1679313718696
1679313718738,1679313718745
1679313718762,1679313718777
1679313718716,1679313718787
1679313718770,1679313718810
1679313718777,1679313718833
1679313718704,1679313718849
1679313718960,1679313719011
1679313718964,1679313719015
1679313719034,1679313719037
1679313719015,1679313719096
1679313719134,1679313719170
1679313719153,1679313719258
1679313719266,1679313719271
1679313719204,1679313719284
1679313719272,1679313719302
1679313719294,1679313719302
1679313719297,1679313719302
1679313719353,1679313719377
1679313719440,1679313719446
1679313719436,1679313719447
1679313719543,1679313719586
1679313719558,1679313719591
1679313719599,1679313719603
1679313719606,1679313719620
1679313719578,1679313719656
1679313719821,1679313719828
1679313719859,1679313719881
1679313719802,1679313719895
1679313719888,1679313719926
1679313719803,1679313719948
1679313719961,1679313719967
1679313719907,1679313719971
1679313719880,1679313719976
1679313719970,1679313720026
1679313719942,1679313720039
1679313719911,1679313720040
1679313720010,1679313720069
1679313720063,1679313720081
1679313720084,1679313720130
1679313720105,1679313720140
1679313720112,1679313720173
1679313720181,1679313720228
1679313720219,1679313720231
1679313720224,1679313720240
1679313720229,1679313720258
1679313720206,1679313720263
1679313720277,1679313720315
1679313720318,1679313720329
1679313720329,1679313720382
1679313720385,1679313720392
1679313720319,1679313720419
1679313720286,1679313720419
1679313720460,1679313720467
1679313720466,1679313720539
1679313720445,1679313720546
1679313720575,1679313720605
1679313720400,1679313720606
1679313720601,1679313720624
1679313720673,1679313720681
1679313720588,1679313720695
1679313720713,1679313720728
1679313720711,1679313720785
1679313720709,1679313720868
1679313720917,1679313720973
1679313720915,1679313721009
1679313721007,1679313721012
1679313721073,1679313721084
1679313720993,1679313721103
1679313721099,1679313721126
1679313721100,1679313721129
1679313721113,1679313721131
1679313721133,1679313721169
1679313721133,1679313721179
1679313721160,1679313721217
1679313721260,1679313721278
1679313721263,1679313721326
1679313721324,1679313721329
1679313721333,1679313721358
1679313721338,1679313721406
1679313721400,1679313721453
1679313721416,1679313721474
1679313721498,1679313721563
1679313721549,1679313721575
1679313721535,1679313721602
1679313721590,1679313721618
1679313721625,1679313721631
1679313721600,1679313721673
1679313721633,1679313721678
1679313721664,1679313721699
1679313721704,1679313721708
1679313721692,1679313721717
1679313721696,1679313721719
1679313721717,1679313721735
1679313721641,1679313721738
1679313721723,1679313721788
1679313721807,1679313721811
1679313721783,1679313721817
1679313721880,1679313721927
1679313721852,1679313721930
1679313721877,1679313721943
1679313721878,1679313721990
1679313722038,1679313722049
1679313722046,1679313722102
1679313722198,1679313722200
1679313722201,1679313722216
1679313722207,1679313722222
1679313722173,1679313722252
1679313722358,1679313722392
1679313722396,1679313722407
1679313722472,1679313722479
1679313722532,1679313722562
1679313722558,1679313722569
1679313722566,1679313722583
1679313722583,1679313722592
1679313722633,1679313722657
1679313722633,1679313722661
1679313722696,1679313722764
1679313722685,1679313722773
1679313722761,1679313722811
1679313722828,1679313722846
1679313722883,1679313722925
1679313722987,1679313722998
1679313722897,1679313723017
1679313723019,1679313723038
1679313723035,1679313723076
1679313723121,1679313723146
1679313723165,1679313723192
1679313723168,1679313723193
1679313723162,1679313723196
1679313723208,1679313723217
1679313723204,1679313723218
1679313723211,1679313723245
1679313723242,1679313723251
1679313723205,1679313723265
1679313723201,1679313723293
1679313723226,1679313723331
1679313723363,1679313723369
1679313723338,1679313723375
1679313723327,1679313723397
1679313723410,1679313723415
1679313723418,1679313723431
1679313723455,1679313723471
1679313723449,1679313723477
1679313723445,1679313723516
1679313723536,1679313723591
1679313723522,1679313723664
1679313723478,1679313723700
1679313723735,1679313723787
1679313723751,1679313723790
1679313723740,1679313723804
1679313723794,1679313723817
1679313723757,1679313723840
1679313723884,1679313723905
1679313723835,1679313723997
1679313724019,1679313724027
1679313724027,1679313724035
1679313724019,1679313724051
1679313724030,1679313724054
1679313723991,1679313724059
1679313724107,1679313724143
1679313724153,1679313724173
1679313724155,1679313724219
1679313724099,1679313724294
1679313724275,1679313724300
1679313724282,1679313724339
1679313724421,1679313724441
1679313724421,1679313724503
1679313724509,1679313724525
1679313724492,1679313724542
1679313724523,1679313724549
1679313724505,1679313724553
1679313724569,1679313724591
1679313724608,1679313724671
1679313724657,1679313724671
1679313724680,1679313724705
1679313724673,1679313724722
1679313724669,1679313724761
1679313724632,1679313724768
1679313724549,1679313724801
1679313724868,1679313724913
1679313724896,1679313724962
1679313725003,1679313725021
1679313725014,1679313725057
1679313725087,1679313725121
1679313725067,1679313725135
1679313725107,1679313725147
1679313725165,1679313725204
1679313725210,1679313725233
1679313725227,1679313725274
1679313725285,1679313725338
1679313725362,1679313725392
1679313725397,1679313725404
1679313725457,1679313725461
1679313725390,1679313725501
1679313725469,1679313725522
1679313725524,1679313725535
1679313725483,1679313725568
1679313725645,1679313725664
1679313725701,1679313725725
1679313725718,1679313725743
1679313725739,1679313725756
1679313725759,1679313725783
1679313725790,1679313725796
1679313725657,1679313725823
1679313725832,1679313725854
1679313725861,1679313725889
1679313725841,1679313725901
1679313725897,1679313725926
1679313726000,1679313726010
1679313725938,1679313726020
1679313726085,1679313726150
1679313726204,1679313726223
1679313726259,1679313726306
1679313726287,1679313726327
1679313726394,1679313726400
1679313726266,1679313726435
1679313726407,1679313726445
1679313726452,1679313726470
1679313726466,1679313726496
1679313726399,1679313726523
1679313726528,1679313726599
1679313726599,1679313726642
1679313726772,1679313726779
1679313726804,1679313726809
1679313726765,1679313726819
1679313726734,1679313726822
1679313726809,1679313726832
1679313726745,1679313726836
1679313726881,1679313726924
1679313726957,1679313726962
1679313726998,1679313727057
1679313727052,1679313727083
1679313726933,1679313727128
1679313726985,1679313727141
1679313727133,1679313727144
1679313727055,1679313727146
1679313727141,1679313727147
1679313727108,1679313727152
1679313727214,1679313727229
1679313727238,1679313727243
1679313727282,1679313727342
1679313727302,1679313727397
1679313727334,1679313727409
1679313727413,1679313727468
1679313727476,1679313727480
1679313727491,1679313727530
1679313727549,1679313727555
1679313727491,1679313727557
1679313727579,1679313727585
1679313727468,1679313727588
1679313727624,1679313727647
1679313727670,1679313727680
1679313727697,1679313727715
1679313727710,1679313727733
1679313727786,1679313727808
1679313727796,1679313727840
1679313727862,1679313727873
1679313727786,1679313727904
1679313727956,1679313728003
1679313728002,1679313728058
1679313728040,1679313728062
1679313728102,1679313728121
1679313728143,1679313728168
1679313728196,1679313728216
1679313728222,1679313728233
1679313728253,1679313728263
1679313728265,1679313728300
1679313728323,1679313728344
1679313728343,1679313728372
1679313728359,1679313728425
1679313728458,1679313728471
1679313728492,1679313728505
1679313728503,1679313728517
1679313728496,1679313728545
1679313728513,1679313728546
1679313728546,1679313728587
1679313728507,1679313728639
1679313728502,1679313728641
1679313728647,1679313728660
1679313728636,1679313728690
1679313728732,1679313728737
1679313728732,1679313728761
1679313728777,1679313728795
1679313728846,1679313728853
1679313728841,1679313728857
1679313728774,1679313728868
1679313728883,1679313728892
1679313728897,1679313728901
1679313728888,1679313728917
1679313728951,1679313729004
1679313729048,1679313729051
1679313728997,1679313729096
1679313729122,1679313729142
1679313729147,1679313729157
1679313729106,1679313729219
1679313729233,1679313729282
1679313729223,1679313729292
1679313729336,1679313729342
1679313729300,1679313729374
1679313729319,1679313729394
1679313729343,1679313729402
1679313729478,1679313729490
1679313729486,1679313729502
1679313729415,1679313729510
1679313729482,1679313729521
1679313729552,1679313729625
1679313729567,1679313729630
1679313729578,1679313729636
1679313729622,1679313729683
1679313729695,1679313729716
1679313729695,1679313729757
1679313729757,1679313729764
1679313729758,1679313729792
1679313729777,1679313729821
1679313729693,1679313729823
1679313729670,1679313729827
1679313729704,1679313729832
1679313729753,1679313729847
1679313729844,1679313729862
1679313729843,1679313729873
1679313729934,1679313729946
1679313729680,1679313729979
1679313729996,1679313730011
1679313729977,1679313730012
1679313729973,1679313730086
1679313730205,1679313730224
1679313730249,1679313730255
1679313730278,1679313730305
1679313730298,1679313730318
1679313730280,1679313730339
1679313730328,1679313730373
1679313730340,1679313730418
1679313730476,1679313730482
1679313730511,1679313730556
1679313730460,1679313730569
1679313730519,1679313730621
1679313730612,1679313730649
1679313730719,1679313730761
1679313730685,1679313730764
1679313730753,1679313730884
1679313730820,1679313730926
1679313730873,1679313730939
1679313730951,1679313730965
1679313730941,1679313730965
1679313730971,1679313730993
1679313730935,1679313731011
1679313731001,1679313731076
1679313731101,1679313731108
1679313731139,1679313731156
1679313731111,1679313731173
1679313731159,1679313731239
1679313731224,1679313731269
1679313731238,1679313731271
1679313731269,1679313731284
1679313731317,1679313731320
1679313731292,1679313731321
1679313731329,1679313731346
1679313731257,1679313731396
1679313731330,1679313731414
1679313731345,1679313731430
1679313731303,1679313731432
1679313731452,1679313731458
1679313731519,1679313731627
1679313731623,1679313731646
1679313731570,1679313731678
1679313731691,1679313731714
1679313731651,1679313731767
1679313731688,1679313731778
1679313731740,1679313731789
1679313731831,1679313731851
1679313731901,1679313731916
1679313731832,1679313731932
1679313731869,1679313731939
1679313731831,1679313731955
1679313731944,1679313732005
1679313731987,1679313732049
1679313732123,1679313732163
1679313732215,1679313732221
1679313732249,1679313732265
1679313732164,1679313732280
1679313732290,1679313732294
1679313732260,1679313732326
1679313732239,1679313732331
1679313732246,1679313732356
1679313732416,1679313732439
1679313732462,1679313732488
1679313732496,1679313732533
1679313732529,1679313732536
1679313732558,1679313732718
1679313732677,1679313732756
1679313732724,1679313732765
1679313732779,1679313732814
1679313732895,1679313732900
1679313732793,1679313732917
1679313732874,1679313732921
1679313732833,1679313732969
1679313732988,1679313733005
1679313733017,1679313733027
1679313732990,1679313733061
1679313733038,1679313733067
1679313733055,1679313733070
1679313733045,1679313733118
1679313733163,1679313733169
1679313733155,1679313733193
1679313733216,1679313733235
1679313733251,1679313733266
1679313733259,1679313733275
1679313733244,1679313733275
1679313733322,1679313733381
1679313733430,1679313733439
1679313733478,1679313733503
1679313733413,1679313733511
1679313733501,1679313733523
1679313733217,1679313733528
1679313733536,1679313733571
1679313733515,1679313733643
1679313733599,1679313733649
1679313733693,1679313733710
1679313733717,1679313733759
1679313733770,1679313733782
1679313733762,1679313733854
1679313733785,1679313733870
1679313733864,1679313733888
1679313733929,1679313733936
1679313733957,1679313733971
1679313733859,1679313734051
1679313733988,1679313734062
1679313734123,1679313734158
1679313734297,1679313734321
1679313734170,1679313734333
1679313734301,1679313734337
1679313734322,1679313734378
1679313734391,1679313734420
1679313734428,1679313734458
1679313734432,1679313734463
1679313734478,1679313734512
1679313734450,1679313734518
1679313734444,1679313734520
1679313734551,1679313734578
1679313734506,1679313734607
1679313734585,1679313734613
1679313734532,1679313734649
1679313734527,1679313734678
1679313734696,1679313734730
1679313734764,1679313734770
1679313734693,1679313734782
1679313734711,1679313734808
1679313734813,1679313734830
1679313734924,1679313734948
1679313734824,1679313734962
1679313734853,1679313734989
1679313735029,1679313735044
1679313734985,1679313735053
1679313735053,1679313735058
1679313735033,1679313735065
1679313735095,1679313735138
1679313735098,1679313735143
1679313735200,1679313735250
1679313735214,1679313735251
1679313735249,1679313735304
1679313735290,1679313735380
1679313735385,1679313735449
1679313735426,1679313735467
1679313735449,1679313735490
1679313735518,1679313735529
1679313735572,1679313735579
1679313735602,1679313735652
1679313735775,1679313735833
1679313735797,1679313735891
1679313735816,1679313735940
1679313735912,1679313735996
1679313735972,1679313735998
1679313735989,1679313736009
1679313736004,1679313736030
1679313736009,1679313736059
1679313736001,1679313736063
1679313736065,1679313736070
1679313736055,1679313736073
1679313736024,1679313736080
1679313735980,1679313736099
1679313735986,1679313736115
1679313736112,1679313736157
1679313736132,1679313736238
1679313736188,1679313736249
1679313736189,1679313736320
1679313736292,1679313736335
1679313736348,1679313736405
1679313736449,1679313736501
1679313736460,1679313736508
1679313736471,1679313736533
1679313736586,1679313736602
1679313736567,1679313736612
1679313736634,1679313736684
1679313736656,1679313736685
1679313736659,1679313736688
1679313736737,1679313736762
1679313736760,1679313736793
1679313736805,1679313736818
1679313736830,1679313736839
1679313736813,1679313736904
1679313736922,1679313736988
1679313736954,1679313737023
1679313736914,1679313737024
1679313737210,1679313737214
1679313737253,1679313737284
1679313737293,1679313737307
1679313737336,1679313737358
1679313737345,1679313737424
1679313737433,1679313737474
1679313737457,1679313737492
1679313737504,1679313737555
1679313737400,1679313737603
1679313737509,1679313737639
1679313737736,1679313737791
1679313737793,1679313737857
1679313737890,1679313737896
1679313737822,1679313737918
1679313737941,1679313737967
1679313737943,1679313738007
1679313738000,1679313738015
1679313738047,1679313738058
1679313738072,1679313738101
1679313738114,1679313738159
1679313738118,1679313738179
1679313738119,1679313738204
1679313738171,1679313738278
1679313738324,1679313738354
1679313738354,1679313738391
1679313738398,1679313738421
1679313738478,1679313738485
1679313738357,1679313738493
1679313738512,1679313738549
1679313738550,1679313738555
1679313738476,1679313738561
1679313738507,1679313738561
1679313738608,1679313738613
1679313738571,1679313738636
1679313738637,1679313738643
1679313738662,1679313738703
1679313738710,1679313738734
1679313738760,1679313738772
1679313738763,1679313738813
1679313738771,1679313738862
1679313738800,1679313738874
1679313738875,1679313738887
1679313738886,1679313738915
1679313738898,1679313738917
1679313738905,1679313738934
1679313738875,1679313738948
1679313738991,1679313739031
1679313739232,1679313739262
1679313739269,1679313739292
1679313739229,1679313739328
1679313739354,1679313739406
1679313739475,1679313739485
1679313739375,1679313739557
1679313739545,1679313739565
1679313739548,1679313739566
1679313739557,1679313739621
1679313739620,1679313739624
1679313739560,1679313739640
1679313739639,1679313739645
1679313739635,1679313739650
1679313739624,1679313739665
1679313739635,1679313739700
1679313739629,1679313739713
1679313739731,1679313739763
1679313739647,1679313739789
1679313739715,1679313739805
1679313739788,1679313739809
1679313739818,1679313739844
1679313739776,1679313739847
1679313739916,1679313739925
1679313739955,1679313739995
1679313740006,1679313740036
1679313739994,1679313740078
1679313740135,1679313740157
1679313740170,1679313740209
1679313740211,1679313740249
1679313740222,1679313740257
1679313740296,1679313740334
1679313740428,1679313740432
1679313740479,1679313740484
1679313740454,1679313740497
1679313740426,1679313740506
1679313740507,1679313740514
1679313740491,1679313740533
1679313740524,1679313740569
1679313740486,1679313740590
1679313740634,1679313740643
1679313740635,1679313740683
1679313740667,1679313740698
1679313740763,1679313740766
1679313740735,1679313740785
1679313740849,1679313740859
1679313740858,1679313740861
1679313740897,1679313740916
1679313740910,1679313741001
1679313741002,1679313741022
1679313741056,1679313741107
1679313741072,1679313741128
1679313741146,1679313741177
1679313741209,1679313741245
1679313741120,1679313741260
1679313741285,1679313741308
1679313741278,1679313741348
1679313741297,1679313741365
1679313741362,1679313741402
1679313741371,1679313741433
1679313741380,1679313741447
1679313741475,1679313741500
1679313741457,1679313741529
1679313741351,1679313741537
1679313741552,1679313741559
1679313741516,1679313741566
1679313741613,1679313741650
1679313741674,1679313741689
1679313741710,1679313741723
1679313741719,1679313741731
1679313741752,1679313741822
1679313741913,1679313741924
1679313741958,1679313741975
1679313741890,1679313741977
1679313741967,1679313741983
1679313741932,1679313742021
1679313742014,1679313742045
1679313742092,1679313742147
1679313742130,1679313742161
1679313742131,1679313742203
1679313742177,1679313742230
1679313742237,1679313742243
1679313742350,1679313742361
1679313742303,1679313742382
1679313742277,1679313742391
1679313742558,1679313742617
1679313742608,1679313742651
1679313742681,1679313742697
1679313742674,1679313742708
1679313742746,1679313742751
1679313742746,1679313742796
1679313742876,1679313742912
1679313742954,1679313742963
1679313742969,1679313742983
1679313743016,1679313743022
1679313742824,1679313743042
1679313743000,1679313743045
1679313743013,1679313743058
1679313743086,1679313743120
1679313743155,1679313743164
1679313743150,1679313743186
1679313743236,1679313743300
1679313743365,1679313743371
1679313743348,1679313743380
1679313743269,1679313743400
1679313743395,1679313743411
1679313743399,1679313743415
1679313743408,1679313743416
1679313743369,1679313743479
1679313743454,1679313743497
1679313743466,1679313743515
1679313743502,1679313743598
1679313743608,1679313743630
1679313743639,1679313743651
1679313743677,1679313743702
1679313743743,1679313743772
1679313743659,1679313743789
1679313743756,1679313743808
1679313743767,1679313743828
1679313743859,1679313743866
1679313743819,1679313743885
1679313743881,1679313743886
1679313743868,1679313743919
1679313743944,1679313743952
1679313743981,1679313743994
1679313744091,1679313744101
1679313744127,1679313744148
1679313744066,1679313744262
1679313744254,1679313744285
1679313744281,1679313744340
1679313744426,1679313744531
1679313744522,1679313744570
1679313744567,1679313744590
1679313744624,1679313744650
1679313744641,1679313744653
1679313744654,1679313744663
1679313744682,1679313744694
1679313744715,1679313744739
1679313744626,1679313744776
1679313744746,1679313744786
1679313744752,1679313744791
1679313744779,1679313744829
1679313744779,1679313744832
1679313744829,1679313744835
1679313744768,1679313744905
1679313744887,1679313744927
1679313744906,1679313744954
1679313744954,1679313744975
1679313745000,1679313745006
1679313745083,1679313745144
1679313745224,1679313745266
1679313745247,1679313745308
1679313745186,1679313745327
1679313745334,1679313745337
1679313745313,1679313745351
1679313745358,1679313745378
1679313745435,1679313745443
1679313745342,1679313745443
1679313745489,1679313745544
1679313745545,1679313745552
1679313745583,1679313745596
1679313745627,1679313745637
1679313745598,1679313745649
1679313745660,1679313745669
1679313745673,1679313745750
1679313745717,1679313745767
1679313745963,1679313745977
1679313746035,1679313746040
1679313746037,1679313746058
1679313746109,1679313746119
1679313746093,1679313746169
1679313746172,1679313746194
1679313746120,1679313746216
1679313746138,1679313746259
1679313746134,1679313746266
1679313746176,1679313746293
1679313746265,1679313746318
1679313746334,1679313746348
1679313746155,1679313746385
1679313746391,1679313746419
1679313746479,1679313746501
1679313746361,1679313746528
1679313746388,1679313746579
1679313746628,1679313746644
1679313746569,1679313746716
1679313746624,1679313746725
1679313746688,1679313746780
1679313746722,1679313746783
1679313746746,1679313746796
1679313746793,1679313746814
1679313746800,1679313746823
1679313746817,1679313746857
1679313746816,1679313746869
1679313746854,1679313746907
1679313746857,1679313746944
1679313746936,1679313746950
1679313746936,1679313746973
1679313746984,1679313747020
1679313747102,1679313747107
1679313747116,1679313747130
1679313747087,1679313747155
1679313747106,1679313747159
1679313747186,1679313747196
1679313747141,1679313747204
1679313747172,1679313747276
1679313747347,1679313747380
1679313747361,1679313747394
1679313747421,1679313747431
1679313747449,1679313747464
1679313747461,1679313747469
1679313747487,1679313747534
1679313747531,1679313747548
1679313747513,1679313747628
1679313747721,1679313747727
1679313747785,1679313747842
1679313747762,1679313747851
1679313747826,1679313747895
1679313747877,1679313747897
1679313747956,1679313747988
1679313747987,1679313747993
1679313747965,1679313747996
1679313748072,1679313748102
1679313748031,1679313748115
1679313748033,1679313748141
1679313748133,1679313748165
1679313748194,1679313748208
1679313748204,1679313748225
1679313748309,1679313748312
1679313748254,1679313748350
1679313748335,1679313748405
1679313748373,1679313748440
1679313748469,1679313748483
1679313748472,1679313748494
1679313748523,1679313748537
1679313748454,1679313748541
1679313748534,1679313748565
1679313748572,1679313748579
1679313748656,1679313748707
1679313748674,1679313748731
1679313748756,1679313748800
1679313748787,1679313748825
1679313748841,1679313748845
1679313748914,1679313748942
1679313748848,1679313748945
1679313748955,1679313748971
1679313748945,1679313748988
1679313748985,1679313748994
1679313748972,1679313748994
1679313749026,1679313749046
1679313749104,1679313749154
1679313749115,1679313749224
1679313749220,1679313749230
1679313749236,1679313749255
1679313749260,1679313749264
1679313749244,1679313749285
1679313749310,1679313749383
1679313749417,1679313749426
1679313749266,1679313749463
1679313749536,1679313749554
1679313749545,1679313749621
1679313749555,1679313749626
1679313749592,1679313749631
1679313749684,1679313749729
1679313749725,1679313749734
1679313749750,1679313749776
1679313749786,1679313749836
1679313749864,1679313749893
1679313749895,1679313749899
1679313749877,1679313749920
1679313749914,1679313749926
1679313749878,1679313749934
1679313749883,1679313749966
1679313749925,1679313749976
1679313750002,1679313750023
1679313750104,1679313750148
1679313750137,1679313750180
1679313750173,1679313750193
1679313750203,1679313750216
1679313750030,1679313750238
1679313750224,1679313750239
1679313750242,1679313750251
1679313750180,1679313750274
1679313750254,1679313750290
1679313750349,1679313750391
1679313750382,1679313750396
1679313750330,1679313750399
1679313750430,1679313750477
1679313750470,1679313750492
1679313750521,1679313750586
1679313750546,1679313750592
1679313750632,1679313750704
1679313750722,1679313750729
1679313750862,1679313750879
1679313750893,1679313750914
1679313750906,1679313750921
1679313750906,1679313750938
1679313750906,1679313750975
1679313750962,1679313750978
1679313750915,1679313750982
1679313750994,1679313751008
1679313751018,1679313751028
1679313751029,1679313751032
1679313751013,1679313751034
1679313751061,1679313751081
1679313751049,1679313751101
1679313751104,1679313751137
1679313751159,1679313751170
1679313751168,1679313751205
1679313751233,1679313751241
1679313751210,1679313751251
1679313751091,1679313751251
1679313751273,1679313751284
1679313751280,1679313751301
1679313751229,1679313751304
1679313751211,1679313751317
1679313751324,1679313751334
1679313751326,1679313751347
1679313751324,1679313751400
1679313751432,1679313751494
1679313751506,1679313751509
1679313751542,1679313751547
1679313751528,1679313751555
1679313751554,1679313751642
1679313751624,1679313751649
1679313751665,1679313751676
1679313751769,1679313751779
1679313751708,1679313751780
1679313751675,1679313751797
1679313751798,1679313751837
1679313751860,1679313751873
1679313751868,1679313751896
1679313751917,1679313751967
1679313751936,1679313751976
1679313751973,1679313751984
1679313752073,1679313752099
1679313752147,1679313752153
1679313752094,1679313752156
1679313752116,1679313752221
1679313752151,1679313752263
1679313752194,1679313752333
1679313752337,1679313752433
1679313752409,1679313752445
1679313752444,1679313752458
1679313752499,1679313752503
1679313752550,1679313752575
1679313752489,1679313752745
1679313752838,1679313752846
1679313752850,1679313752859
1679313752898,1679313752905
1679313752871,1679313752920
1679313752907,1679313752923
1679313752987,1679313753001
1679313753008,1679313753024
1679313752989,1679313753030
1679313753039,1679313753053
1679313753023,1679313753077
1679313753115,1679313753135
1679313753075,1679313753158
1679313753140,1679313753168
1679313753176,1679313753204
1679313753194,1679313753213
1679313753104,1679313753220
1679313753186,1679313753245
1679313753236,1679313753249
1679313753202,1679313753250
1679313753279,1679313753290
1679313753196,1679313753312
1679313753279,1679313753345
1679313753359,1679313753385
1679313753315,1679313753416
1679313753398,1679313753476
1679313753493,1679313753518
1679313753541,1679313753570
1679313753614,1679313753618
1679313753678,1679313753684
1679313753767,1679313753799
1679313753775,1679313753868
1679313753836,1679313753871
1679313753888,1679313753893
1679313753908,1679313753915
1679313753920,1679313753937
1679313753957,1679313754000
1679313754012,1679313754023
1679313754004,1679313754044
1679313754025,1679313754054
1679313754020,1679313754069
1679313754021,1679313754109
1679313754108,1679313754171
1679313754171,1679313754197
1679313754297,1679313754300
1679313754299,1679313754312
1679313754252,1679313754337
1679313754352,1679313754360
1679313754423,1679313754439
1679313754370,1679313754446
1679313754426,1679313754451
1679313754452,1679313754464
1679313754518,1679313754530
1679313754436,1679313754555
1679313754525,1679313754556
1679313754515,1679313754625
1679313754794,1679313754841
1679313754847,1679313754852
1679313754906,1679313754984
1679313754719,1679313754990
1679313754883,1679313755016
1679313754976,1679313755032
1679313755027,1679313755033
1679313754957,1679313755038
1679313755132,1679313755207
1679313755103,1679313755234
1679313755247,1679313755283
1679313755235,1679313755303
1679313755257,1679313755309
1679313755287,1679313755327
1679313755322,1679313755345
1679313755341,1679313755345
1679313755301,1679313755358
1679313755307,1679313755379
1679313755322,1679313755388
1679313755377,1679313755401
1679313755397,1679313755403
1679313755404,1679313755415
1679313755314,1679313755446
1679313755493,1679313755507
1679313755429,1679313755510
1679313755380,1679313755517
1679313755542,1679313755552
1679313755605,1679313755644
1679313755660,1679313755677
1679313755762,1679313755774
1679313755794,1679313755880
1679313755807,1679313755885
1679313755875,1679313755888
1679313756033,1679313756077
1679313756178,1679313756184
1679313756182,1679313756207
1679313756050,1679313756236
1679313756196,1679313756245
1679313756188,1679313756252
1679313756309,1679313756319
1679313756298,1679313756392
1679313756430,1679313756437
1679313756431,1679313756444
1679313756344,1679313756478
1679313756565,1679313756571
1679313756576,1679313756615
1679313756614,1679313756628
1679313756591,1679313756677
1679313756663,1679313756719
1679313756685,1679313756729
1679313756739,1679313756770
1679313756787,1679313756819
1679313756820,1679313756823
1679313756824,1679313756843
1679313756845,1679313756857
1679313756778,1679313756896
1679313756907,1679313756977
1679313756938,1679313756989
1679313756955,1679313757049
1679313757063,1679313757163
1679313757066,1679313757171
1679313757173,1679313757179
1679313757048,1679313757193
1679313757068,1679313757201
1679313757192,1679313757223
1679313757226,1679313757230
1679313757243,1679313757259
1679313757264,1679313757291
1679313757271,1679313757296
1679313757226,1679313757322
1679313757374,1679313757503
1679313757530,1679313757536
1679313757533,1679313757564
1679313757474,1679313757579
1679313757596,1679313757602
1679313757575,1679313757624
1679313757618,1679313757664
1679313757701,1679313757717
1679313757649,1679313757722
1679313757663,1679313757741
1679313757771,1679313757802
1679313757773,1679313757816
1679313757816,1679313757867
1679313757819,1679313757878
1679313757686,1679313757911
1679313757950,1679313758066
1679313758006,1679313758075
1679313757988,1679313758104
1679313758087,1679313758126
1679313758145,1679313758167
1679313758172,1679313758186
1679313758211,1679313758222
1679313758233,1679313758265
1679313758274,1679313758309
1679313758285,1679313758352
1679313758437,1679313758445
1679313758474,1679313758503
1679313758440,1679313758545
1679313758531,1679313758549
1679313758507,1679313758559
1679313758539,1679313758562
1679313758526,1679313758573
1679313758543,1679313758591
1679313758594,1679313758598
1679313758538,1679313758604
1679313758680,1679313758683
1679313758636,1679313758719
1679313758613,1679313758728
1679313758758,1679313758779
1679313758821,1679313758824
1679313758814,1679313758833
1679313758795,1679313758858
1679313758863,1679313758972
1679313758896,1679313758973
1679313758984,1679313758989
1679313758924,1679313758996
1679313759122,1679313759131
1679313759118,1679313759180
1679313759308,1679313759312
1679313759335,1679313759372
1679313759348,1679313759393
1679313759367,1679313759396
1679313759386,1679313759400
1679313759162,1679313759415
1679313759519,1679313759529
1679313759536,1679313759543
1679313759559,1679313759571
1679313759519,1679313759617
1679313759554,1679313759629
1679313759619,1679313759747
1679313759725,1679313759765
1679313759760,1679313759787
1679313759733,1679313759841
1679313759846,1679313759858
1679313759784,1679313759896
1679313759968,1679313760003
1679313759956,1679313760049
1679313759851,1679313760110
1679313760121,1679313760145
1679313760094,1679313760150
1679313760131,1679313760156
1679313760161,1679313760169
1679313760178,1679313760213
1679313760197,1679313760306
1679313760312,1679313760330
1679313760389,1679313760408
1679313760364,1679313760410
1679313760349,1679313760411
1679313760322,1679313760414
1679313760481,1679313760512
1679313760481,1679313760521
1679313760464,1679313760532
1679313760497,1679313760534
1679313760499,1679313760563
1679313760516,1679313760607
1679313760541,1679313760644
1679313760579,1679313760649
1679313760581,1679313760674
1679313760619,1679313760703
1679313760702,1679313760714
1679313760669,1679313760838
1679313760836,1679313760858
1679313760728,1679313760861
1679313760953,1679313760989
1679313761022,1679313761033
1679313761018,1679313761044
1679313760978,1679313761064
1679313761088,1679313761161
1679313761171,1679313761255
1679313761184,1679313761263
1679313761280,1679313761298
1679313761309,1679313761383
1679313761359,1679313761410
1679313761417,1679313761443
1679313761465,1679313761494
1679313761490,1679313761507
1679313761536,1679313761624
1679313761674,1679313761689
1679313761675,1679313761705
1679313761638,1679313761706
1679313761655,1679313761721
1679313761722,1679313761728
1679313761763,1679313761779
1679313761781,1679313761790
1679313761816,1679313761828
1679313761837,1679313761854
1679313761753,1679313761859
1679313761791,1679313761859
1679313761855,1679313761882
1679313761814,1679313761903
1679313762017,1679313762039
1679313762117,1679313762155
1679313762150,1679313762159
1679313762023,1679313762160
1679313762092,1679313762165
1679313762008,1679313762170
1679313762188,1679313762215
1679313762257,1679313762284
1679313762307,1679313762348
1679313762366,1679313762375
1679313762323,1679313762380
1679313762405,1679313762416
1679313762420,1679313762441
1679313762484,1679313762505
1679313762701,1679313762723
1679313762682,1679313762724
1679313762708,1679313762731
1679313762716,1679313762772
1679313762815,1679313762818
1679313762796,1679313762837
1679313762955,1679313762974
1679313762953,1679313762997
1679313763046,1679313763064
1679313763089,1679313763117
1679313763112,1679313763152
1679313763096,1679313763159
1679313763193,1679313763244
1679313763241,1679313763245
1679313763184,1679313763251
1679313763135,1679313763289
1679313763209,1679313763300
1679313763283,1679313763312
1679313763260,1679313763347
1679313763313,1679313763375
1679313763135,1679313763396
1679313763377,1679313763435
1679313763393,1679313763446
1679313763402,1679313763459
1679313763423,1679313763481
1679313763392,1679313763523
1679313763581,1679313763585
1679313763551,1679313763649
1679313763648,1679313763674
1679313763650,1679313763714
1679313763757,1679313763769
1679313763800,1679313763813
1679313763781,1679313763818
1679313763805,1679313763830
1679313763706,1679313763835
1679313763825,1679313763840
1679313763870,1679313764062
1679313764076,1679313764079
1679313764057,1679313764081
1679313764108,1679313764126
1679313764099,1679313764149
1679313764100,1679313764172
1679313764070,1679313764179
1679313764167,1679313764215
1679313764173,1679313764305
1679313764220,1679313764320
1679313764291,1679313764335
1679313764390,1679313764419
1679313764433,1679313764497
1679313764461,1679313764528
1679313764473,1679313764551
1679313764634,1679313764659
1679313764605,1679313764687
1679313764702,1679313764712
1679313764672,1679313764715
1679313764741,1679313764764
1679313764787,1679313764818
1679313764700,1679313764822
1679313764817,1679313764842
1679313764839,1679313764910
1679313764921,1679313764937
1679313764935,1679313764938
1679313764836,1679313764956
1679313764889,1679313764980
1679313764943,1679313765009
1679313765042,1679313765063
1679313765094,1679313765106
1679313765110,1679313765148
1679313765148,1679313765171
1679313765229,1679313765334
1679313765330,1679313765337
1679313765268,1679313765347
1679313765209,1679313765400
1679313765318,1679313765504
1679313765434,1679313765506
1679313765520,1679313765526
1679313765543,1679313765591
1679313765606,1679313765635
1679313765617,1679313765636
1679313765568,1679313765648
1679313765647,1679313765661
1679313765674,1679313765679
1679313765620,1679313765712
1679313765710,1679313765714
1679313765701,1679313765772
1679313765786,1679313765815
1679313765908,1679313765930
1679313765855,1679313765933
1679313765921,1679313765935
1679313765922,1679313765935
1679313765950,1679313766007
1679313766023,1679313766037
1679313766095,1679313766135
1679313766171,1679313766199
1679313766093,1679313766208
1679313766239,1679313766252
1679313766370,1679313766374
1679313766302,1679313766408
1679313766418,1679313766482
1679313766525,1679313766551
1679313766513,1679313766552
1679313766551,1679313766568
1679313766596,1679313766619
1679313766599,1679313766635
1679313766619,1679313766646
1679313766635,1679313766704
1679313766704,1679313766707
1679313766686,1679313766714
1679313766753,1679313766810
1679313766761,1679313766821
1679313766808,1679313766840
1679313766836,1679313766938
1679313766981,1679313766989
1679313767031,1679313767043
1679313767066,1679313767178
1679313767230,1679313767238
1679313767252,1679313767257
1679313767264,1679313767279
1679313767259,1679313767352
1679313767376,1679313767385
1679313767363,1679313767397
1679313767344,1679313767407
1679313767392,1679313767415
1679313767271,1679313767464
1679313767446,1679313767520
1679313767522,1679313767550
1679313767526,1679313767595
1679313767597,1679313767629
1679313767610,1679313767657
1679313767655,1679313767769
1679313767768,1679313767778
1679313767773,1679313767783
1679313767710,1679313767789
1679313767725,1679313767801
1679313767855,1679313767872
1679313767847,1679313767898
1679313767953,1679313767976
1679313767907,1679313767997
1679313767977,1679313768051
1679313768050,1679313768055
1679313768041,1679313768106
1679313768177,1679313768218
1679313768294,1679313768306
1679313768178,1679313768440
1679313768462,1679313768467
1679313768448,1679313768477
1679313768485,1679313768493
1679313768514,1679313768520
1679313768536,1679313768570
1679313768582,1679313768614
1679313768659,1679313768663
1679313768801,1679313768806
1679313768845,1679313768876
1679313768867,1679313768891
1679313768983,1679313769004
1679313769005,1679313769019
1679313768999,1679313769025
1679313768964,1679313769029
1679313769016,1679313769058
1679313768978,1679313769073
1679313769088,1679313769098
1679313769122,1679313769148
1679313769190,1679313769210
1679313769222,1679313769229
1679313769245,1679313769273
1679313769159,1679313769282
1679313769256,1679313769325
1679313769322,1679313769337
1679313769341,1679313769352
1679313769287,1679313769388
1679313769413,1679313769450
1679313769451,1679313769467
1679313769471,1679313769474
1679313769425,1679313769482
1679313769528,1679313769539
1679313769657,1679313769690
1679313769453,1679313769697
1679313769744,1679313769774
1679313769770,1679313769792
1679313769816,1679313769847
1679313769807,1679313769852
1679313769758,1679313769862
1679313769880,1679313769892
1679313769929,1679313770020
1679313769917,1679313770024
1679313770150,1679313770158
1679313770282,1679313770290
1679313770228,1679313770303
1679313770292,1679313770330
1679313770312,1679313770339
1679313770265,1679313770373
1679313770359,1679313770405
1679313770450,1679313770535
1679313770538,1679313770548
1679313770446,1679313770575
1679313770605,1679313770691
1679313770642,1679313770743
1679313770740,1679313770786
1679313770661,1679313770806
1679313770841,1679313770854
1679313770794,1679313770904
1679313770868,1679313770916
1679313770907,1679313770939
1679313770895,1679313770946
1679313770903,1679313771017
1679313771013,1679313771032
1679313771031,1679313771062
1679313771055,1679313771083
1679313770945,1679313771121
1679313771060,1679313771170
1679313771347,1679313771354
1679313771200,1679313771394
1679313771346,1679313771411
1679313771534,1679313771543
1679313771485,1679313771588
1679313771638,1679313771708
1679313771689,1679313771734
1679313771701,1679313771738
1679313771680,1679313771748
1679313771727,1679313771756
1679313771721,1679313771759
1679313771833,1679313771889
1679313771872,1679313771993
1679313771938,1679313772051
1679313772052,1679313772061
1679313772068,1679313772086
1679313772029,1679313772095
1679313772067,1679313772099
1679313772147,1679313772182
1679313772005,1679313772190
1679313772218,1679313772255
1679313772257,1679313772267
1679313772245,1679313772331
1679313772322,1679313772356
1679313772368,1679313772374
1679313772353,1679313772382
1679313772372,1679313772402
1679313772325,1679313772432
1679313772441,1679313772450
1679313772565,1679313772571
1679313772555,1679313772572
1679313772634,1679313772658
1679313772757,1679313772829
1679313772767,1679313772845
1679313772759,1679313772853
1679313772854,1679313772867
1679313772906,1679313772914
1679313772937,1679313772955
1679313772967,1679313772977
1679313772873,1679313773088
1679313773086,1679313773114
1679313773084,1679313773143
1679313773152,1679313773167
1679313773289,1679313773304
1679313773318,1679313773341
1679313773251,1679313773348
1679313773239,1679313773376
1679313773393,1679313773445
1679313773445,1679313773460
1679313773387,1679313773464
1679313773468,1679313773490
1679313773392,1679313773513
1679313773506,1679313773538
1679313773536,1679313773551
1679313773325,1679313773586
1679313773657,1679313773665
1679313773620,1679313773674
1679313773548,1679313773680
1679313773729,1679313773736
1679313773803,1679313773851
1679313773840,1679313773875
1679313773849,1679313773883
1679313773965,1679313773970
1679313774022,1679313774057
1679313774033,1679313774075
1679313773982,1679313774089
1679313774217,1679313774240
1679313774249,1679313774341
1679313774014,1679313774349
1679313774349,1679313774363
1679313774314,1679313774394
1679313774397,1679313774402
1679313774387,1679313774404
1679313774286,1679313774411
1679313774373,1679313774464
1679313774382,1679313774489
1679313774527,1679313774544
1679313774541,1679313774565
1679313774651,1679313774663
1679313774760,1679313774769
1679313774713,1679313774800
1679313774800,1679313774804
1679313774786,1679313774807
1679313774822,1679313774826
1679313774855,1679313774859
1679313774820,1679313774874
1679313774855,1679313774887
1679313774723,1679313774936
1679313774959,1679313775097
1679313775185,1679313775220
1679313775225,1679313775273
1679313775261,1679313775286
1679313775316,1679313775345
1679313775351,1679313775367
1679313775342,1679313775379
1679313775526,1679313775539
1679313775539,1679313775564
1679313775509,1679313775601
1679313775610,1679313775649
1679313775610,1679313775668
1679313775597,1679313775693
1679313775759,1679313775769
1679313775672,1679313775793
1679313775807,1679313775839
1679313775753,1679313775840
1679313775807,1679313775868
1679313775876,1679313775905
1679313775849,1679313775923
1679313775917,1679313775934
1679313775890,1679313775963
1679313775980,1679313776011
1679313776054,1679313776131
1679313776008,1679313776165
1679313776076,1679313776266
1679313776311,1679313776324
1679313776305,1679313776353
1679313776411,1679313776434
1679313776345,1679313776445
1679313776447,1679313776472
1679313776452,1679313776486
1679313776484,1679313776501
1679313776551,1679313776561
1679313776626,1679313776718
1679313776746,1679313776850
1679313776841,1679313776857
1679313776803,1679313776891
1679313776875,1679313776903
1679313776900,1679313776925
1679313776840,1679313776927
1679313777023,1679313777032
1679313777035,1679313777076
1679313777068,1679313777079
1679313776992,1679313777096
1679313777134,1679313777175
1679313777163,1679313777194
1679313777215,1679313777230
1679313777137,1679313777291
1679313777219,1679313777313
1679313777331,1679313777360
1679313777384,1679313777419
1679313777417,1679313777424
1679313777452,1679313777457
1679313777461,1679313777468
1679313777467,1679313777475
1679313777464,1679313777505
1679313777353,1679313777545
1679313777534,1679313777569
1679313777565,1679313777574
1679313777626,1679313777685
1679313777683,1679313777686
1679313777752,1679313777761
1679313777709,1679313777771
1679313777668,1679313777792
1679313777892,1679313777966
1679313777969,1679313778009
1679313778015,1679313778041
1679313778040,1679313778136
1679313778170,1679313778209
1679313778099,1679313778235
1679313778233,1679313778256
1679313778287,1679313778314
1679313778294,1679313778356
1679313778402,1679313778430
1679313778410,1679313778439
1679313778393,1679313778482
1679313778476,1679313778554
1679313778497,1679313778556
1679313778566,1679313778583
1679313778481,1679313778588
1679313778506,1679313778603
1679313778597,1679313778616
1679313778600,1679313778638
1679313778623,1679313778681
1679313778666,1679313778724
1679313778782,1679313778788
1679313778679,1679313778800
1679313778785,1679313778831
1679313778817,1679313778831
1679313778868,1679313778925
1679313779054,1679313779111
1679313778942,1679313779122
1679313779101,1679313779127
1679313779107,1679313779149
1679313779054,1679313779180
1679313779215,1679313779231
1679313779234,1679313779311
1679313779290,1679313779333
1679313779344,1679313779391
1679313779316,1679313779416
1679313779462,1679313779486
1679313779445,1679313779539
1679313779771,1679313779787
1679313779798,1679313779841
1679313779829,1679313779843
1679313779834,1679313779847
1679313779776,1679313779849
1679313779886,1679313779938
1679313779970,1679313780020
1679313779840,1679313780039
1679313779877,1679313780043
1679313780025,1679313780061
1679313780064,1679313780127
1679313780105,1679313780147
1679313780015,1679313780148
1679313780273,1679313780304
1679313780300,1679313780315
1679313780284,1679313780354
1679313780326,1679313780381
1679313780407,1679313780410
1679313780545,1679313780549
1679313780542,1679313780551
1679313780585,1679313780590
1679313780651,1679313780677
1679313780695,1679313780702
1679313780552,1679313780720
1679313780716,1679313780766
1679313780819,1679313780834
1679313780812,1679313780890
1679313780993,1679313781029
1679313781005,1679313781038
1679313781031,1679313781047
1679313781033,1679313781048
1679313781169,1679313781187
1679313781257,1679313781283
1679313781298,1679313781336
1679313781231,1679313781339
1679313781322,1679313781350
1679313781445,1679313781469
1679313781310,1679313781470
1679313781392,1679313781482
1679313781348,1679313781482
1679313781489,1679313781505
1679313781535,1679313781560
1679313781413,1679313781574
1679313781570,1679313781591
1679313781534,1679313781618
1679313781700,1679313781744
1679313781812,1679313781820
1679313781848,1679313781851
1679313781800,1679313781857
1679313781899,1679313781907
1679313781956,1679313781978
1679313781955,1679313782020
1679313782132,1679313782147
1679313782206,1679313782216
1679313782092,1679313782260
1679313782316,1679313782349
1679313782377,1679313782390
1679313782299,1679313782487
1679313782344,1679313782514
1679313782507,1679313782552
1679313782492,1679313782564
1679313782543,1679313782572
1679313782593,1679313782596
1679313782605,1679313782610
1679313782596,1679313782629
1679313782664,1679313782677
1679313782561,1679313782677
1679313782721,1679313782735
1679313782584,1679313782753
1679313782707,1679313782807
1679313782806,1679313782851
1679313782921,1679313782924
1679313782894,1679313782926
1679313782851,1679313782931
1679313782940,1679313782970
1679313782965,1679313782979
1679313782971,1679313782987
1679313782999,1679313783026
1679313783072,1679313783107
1679313783115,1679313783128
1679313783059,1679313783172
1679313783201,1679313783390
1679313783403,1679313783414
1679313783418,1679313783471
1679313783573,1679313783586
1679313783602,1679313783616
1679313783601,1679313783623
1679313783586,1679313783624
1679313783655,1679313783714
1679313783721,1679313783809
1679313783820,1679313783851
1679313783862,1679313783864
1679313783890,1679313783925
1679313783930,1679313783935
1679313783913,1679313783943
1679313783868,1679313783991
1679313784002,1679313784030
1679313784060,1679313784110
1679313784093,1679313784148
1679313784143,1679313784200
1679313784203,1679313784282
1679313784282,1679313784350
1679313784381,1679313784392
1679313784422,1679313784430
1679313784379,1679313784470
1679313784451,1679313784477
1679313784457,1679313784549
1679313784656,1679313784665
1679313784641,1679313784687
1679313784573,1679313784689
1679313784659,1679313784696
1679313784722,1679313784730
1679313784689,1679313784733
1679313784768,1679313784790
1679313784701,1679313784792
1679313784804,1679313784833
1679313784781,1679313784859
1679313784901,1679313784938
1679313785023,1679313785059
1679313785065,1679313785099
1679313785051,1679313785112
1679313785094,1679313785123
1679313785049,1679313785126
1679313785163,1679313785180
1679313785260,1679313785288
1679313785280,1679313785302
1679313785378,1679313785382
1679313785313,1679313785422
1679313785413,1679313785480
1679313785453,1679313785502
1679313785490,1679313785538
1679313785540,1679313785579
1679313785623,1679313785649
1679313785636,1679313785671
1679313785661,1679313785708
1679313785747,1679313785755
1679313785804,1679313785814
1679313785916,1679313785920
1679313785816,1679313786014
1679313786015,1679313786088
1679313785931,1679313786109
1679313786036,1679313786110
1679313786078,1679313786123
1679313786072,1679313786162
1679313786068,1679313786185
1679313786217,1679313786220
1679313786146,1679313786224
1679313786234,1679313786247
1679313786240,1679313786271
1679313786126,1679313786320
1679313786421,1679313786452
1679313786552,1679313786555
1679313786646,1679313786660
1679313786708,1679313786715
1679313786715,1679313786791
1679313786778,1679313786809
1679313786823,1679313786864
1679313786866,1679313786877
1679313786866,1679313786890
1679313786864,1679313786925
1679313787001,1679313787055
1679313787052,1679313787078
1679313787069,1679313787091
1679313787108,1679313787124
1679313787113,1679313787144
1679313787178,1679313787186
1679313787198,1679313787251
1679313787249,1679313787283
1679313787278,1679313787294
1679313787420,1679313787436
1679313787446,1679313787473
1679313787516,1679313787532
1679313787575,1679313787590
1679313787560,1679313787601
1679313787688,1679313787709
1679313787685,1679313787713
1679313787697,1679313787727
1679313787727,1679313787731
1679313787706,1679313787733
1679313787640,1679313787765
1679313787772,1679313787789
1679313787868,1679313787942
1679313787998,1679313788027
1679313788051,1679313788092
1679313788014,1679313788096
1679313788103,1679313788137
1679313788112,1679313788144
1679313788142,1679313788190
1679313788167,1679313788199
1679313788195,1679313788217
1679313788231,1679313788301
1679313788392,1679313788402
1679313788514,1679313788555
1679313788559,1679313788603
1679313788596,1679313788630
1679313788640,1679313788647
1679313788640,1679313788661
1679313788661,1679313788670
1679313788568,1679313788680
1679313788713,1679313788732
1679313788707,1679313788755
1679313788714,1679313788782
1679313788726,1679313788804
1679313788755,1679313788811
1679313788775,1679313788848
1679313788790,1679313788854
1679313788855,1679313788863
1679313788793,1679313788864
1679313788912,1679313788974
1679313788922,1679313788980
1679313788983,1679313789005
1679313788987,1679313789034
1679313789051,1679313789070
1679313789083,1679313789151
1679313789174,1679313789238
1679313789311,1679313789326
1679313789305,1679313789356
1679313789414,1679313789554
1679313789372,1679313789600
1679313789623,1679313789632
1679313789653,1679313789678
1679313789660,1679313789743
1679313789794,1679313789822
1679313789806,1679313789837
1679313789778,1679313789838
1679313789905,1679313789951
1679313789942,1679313789980
1679313790023,1679313790049
1679313790066,1679313790070
1679313790025,1679313790075
1679313790104,1679313790116
1679313790241,1679313790252
1679313790178,1679313790280
1679313790288,1679313790341
1679313790327,1679313790355
1679313790429,1679313790456
1679313790375,1679313790462
1679313790459,1679313790464
1679313790452,1679313790487
1679313790339,1679313790494
1679313790471,1679313790533
1679313790583,1679313790589
1679313790627,1679313790634
1679313790635,1679313790676
1679313790625,1679313790685
1679313790632,1679313790753
1679313790627,1679313790769
1679313790753,1679313790778
1679313790771,1679313790799
1679313790717,1679313790801
1679313790781,1679313790801
1679313790782,1679313790845
1679313790780,1679313790857
1679313790790,1679313790873
1679313790832,1679313790911
1679313790936,1679313790985
1679313791083,1679313791107
1679313791042,1679313791154
1679313791094,1679313791160
1679313791207,1679313791243
1679313791294,1679313791377
1679313791332,1679313791402
1679313791380,1679313791490
1679313791363,1679313791520
1679313791520,1679313791547
1679313791383,1679313791554
1679313791594,1679313791625
1679313791459,1679313791663
1679313791668,1679313791797
1679313791827,1679313791870
1679313791883,1679313791918
1679313791974,1679313792010
1679313791971,1679313792067
1679313792034,1679313792171
1679313792157,1679313792180
1679313792120,1679313792182
1679313792028,1679313792214
1679313792003,1679313792217
1679313792103,1679313792243
1679313792300,1679313792344
1679313792320,1679313792349
1679313792352,1679313792373
1679313792454,1679313792459
1679313792456,1679313792476
1679313792502,1679313792531
1679313792506,1679313792550
1679313792517,1679313792562
1679313792428,1679313792565
1679313792625,1679313792641
1679313792471,1679313792653
1679313792526,1679313792703
1679313792687,1679313792751
1679313792816,1679313792846
1679313792834,1679313792851
1679313792855,1679313792861
1679313792806,1679313792866
1679313792864,1679313792884
1679313792867,1679313792899
1679313792872,1679313792905
1679313792940,1679313793082
1679313792976,1679313793102
1679313793088,1679313793121
1679313793130,1679313793164
1679313793183,1679313793186
1679313793191,1679313793205
1679313793236,1679313793277
1679313793240,1679313793294
1679313793277,1679313793308
1679313793334,1679313793354
1679313793424,1679313793437
1679313793481,1679313793484
1679313793610,1679313793624
1679313793619,1679313793645
1679313793616,1679313793647
1679313793639,1679313793652
1679313793670,1679313793694
1679313793677,1679313793725
1679313793750,1679313793809
1679313793759,1679313793879
1679313793888,1679313793900
1679313793929,1679313793976
1679313793940,1679313793984
1679313793942,1679313793988
1679313793980,1679313794003
1679313793985,1679313794023
1679313793972,1679313794041
1679313794072,1679313794104
1679313794111,1679313794119
1679313794140,1679313794243
1679313794317,1679313794339
1679313794298,1679313794348
1679313794286,1679313794368
1679313794330,1679313794405
1679313794430,1679313794469
1679313794451,1679313794483
1679313794500,1679313794531
1679313794533,1679313794565
1679313794609,1679313794634
1679313794529,1679313794641
1679313794664,1679313794700
1679313794716,1679313794780
1679313794758,1679313794833
1679313794821,1679313794834
1679313794650,1679313794863
1679313794823,1679313794886
1679313794874,1679313794913
1679313794897,1679313794927
1679313794921,1679313794980
1679313794977,1679313795001
1679313794953,1679313795009
1679313795007,1679313795023
1679313795125,1679313795157
1679313795153,1679313795164
1679313795265,1679313795285
1679313795206,1679313795335
1679313795354,1679313795367
1679313795400,1679313795474
1679313795445,1679313795480
1679313795424,1679313795496
1679313795504,1679313795533
1679313795618,1679313795641
1679313795635,1679313795649
1679313795680,1679313795697
1679313795668,1679313795709
1679313795783,1679313795795
1679313795723,1679313795816
1679313795825,1679313795827
1679313795807,1679313795828
1679313795859,1679313795866
1679313795855,1679313795890
1679313795891,1679313795896
1679313795841,1679313795925
1679313795881,1679313795955
1679313795947,1679313795982
1679313795908,1679313795983
1679313796049,1679313796065
1679313796061,1679313796088
1679313796145,1679313796172
1679313796112,1679313796221
1679313796316,1679313796382
1679313796382,1679313796392
1679313796253,1679313796393
1679313796308,1679313796402
1679313796384,1679313796420
1679313796414,1679313796447
1679313796511,1679313796557
1679313796573,1679313796623
1679313796662,1679313796676
1679313796789,1679313796803
1679313796814,1679313796824
1679313796821,1679313796825
1679313796718,1679313796887
1679313796897,1679313796926
1679313796986,1679313796994
1679313796985,1679313797061
1679313797047,1679313797087
1679313797147,1679313797163
1679313797138,1679313797178
1679313797136,1679313797215
1679313797174,1679313797233
1679313797261,1679313797265
1679313797114,1679313797270
1679313797092,1679313797327
1679313797335,1679313797345
1679313797323,1679313797366
1679313797346,1679313797424
1679313797413,1679313797426
1679313797469,1679313797587
1679313797574,1679313797602
1679313797594,1679313797606
1679313797719,1679313797793
1679313797807,1679313797821
1679313797806,1679313797856
1679313797752,1679313797874
1679313797804,1679313797915
1679313797904,1679313797924
1679313797919,1679313797965
1679313797946,1679313798038
1679313798111,1679313798122
1679313798173,1679313798180
1679313798130,1679313798187
1679313798181,1679313798212
1679313798236,1679313798242
1679313798248,1679313798260
1679313798253,1679313798262
1679313798297,1679313798323
1679313798281,1679313798325
1679313798323,1679313798326
1679313798326,1679313798353
1679313798331,1679313798501
1679313798571,1679313798581
1679313798699,1679313798736
1679313798753,1679313798800
1679313798790,1679313798825
1679313798828,1679313798875
1679313798863,1679313798937
1679313798975,1679313798988
1679313798982,1679313798997
1679313798972,1679313798998
1679313798982,1679313799002
1679313798988,1679313799006
1679313798967,1679313799008
1679313798983,1679313799025
1679313799051,1679313799070
1679313799060,1679313799073
1679313799098,1679313799143
1679313799142,1679313799149
1679313799179,1679313799190
1679313799146,1679313799254
1679313799241,1679313799258
1679313799342,1679313799356
1679313799317,1679313799399
1679313799432,1679313799448
1679313799474,1679313799554
1679313799648,1679313799706
1679313799758,1679313799788
1679313799717,1679313799791
1679313799789,1679313799825
1679313799860,1679313799886
1679313799842,1679313799901
1679313799813,1679313799912
1679313799813,1679313799918
1679313799895,1679313799926
1679313799952,1679313800005
1679313800091,1679313800114
1679313800140,1679313800150
1679313800126,1679313800153
1679313800177,1679313800216
1679313800199,1679313800247
1679313800234,1679313800254
1679313800187,1679313800258
1679313800260,1679313800272
1679313800259,1679313800369
1679313800347,1679313800409
1679313800422,1679313800439
1679313800439,1679313800452
1679313800466,1679313800489
1679313800566,1679313800579
1679313800520,1679313800598
1679313800617,1679313800623
1679313800657,1679313800668
1679313800710,1679313800764
1679313800759,1679313800783
1679313800918,1679313800933
1679313800881,1679313800966
1679313800918,1679313801065
1679313801085,1679313801091
1679313801050,1679313801092
1679313801146,1679313801166
1679313801080,1679313801181
1679313801195,1679313801208
1679313801262,1679313801302
1679313801527,1679313801559
1679313801486,1679313801593
1679313801637,1679313801645
1679313801631,1679313801672
1679313801675,1679313801681
1679313801724,1679313801750
1679313801684,1679313801759
1679313801860,1679313801863
1679313801810,1679313801875
1679313801833,1679313801898
1679313801924,1679313801929
1679313801938,1679313801973
1679313801960,1679313801979
1679313801972,1679313801982
1679313801983,1679313802077
1679313801957,1679313802082
1679313802065,1679313802172
1679313802162,1679313802219
1679313802198,1679313802249
1679313802206,1679313802260
1679313802171,1679313802278
1679313802244,1679313802331
1679313802227,1679313802339
1679313802401,1679313802406
1679313802643,1679313802648
1679313802660,1679313802743
1679313802761,1679313802787
1679313802727,1679313802800
1679313802763,1679313802831
1679313802826,1679313802832
1679313802827,1679313802832
1679313802933,1679313802990
1679313802923,1679313803016
1679313803044,1679313803088
1679313803095,1679313803105
1679313803064,1679313803126
1679313803145,1679313803177
1679313803159,1679313803196
1679313803178,1679313803197
1679313803056,1679313803207
1679313803133,1679313803208
1679313803221,1679313803227
1679313803199,1679313803231
1679313803266,1679313803331
1679313803330,1679313803396
1679313803528,1679313803539
1679313803577,1679313803653
1679313803639,1679313803658
1679313803644,1679313803696
1679313803694,1679313803745
1679313803667,1679313803748
1679313803648,1679313803764
1679313803763,1679313803776
1679313803795,1679313803801
1679313803795,1679313803826
1679313803823,1679313803848
1679313803889,1679313803927
1679313803930,1679313803956
1679313803858,1679313803983
1679313804079,1679313804088
1679313804083,1679313804090
1679313804126,1679313804129
1679313804091,1679313804132
1679313804104,1679313804136
1679313804124,1679313804146
1679313804185,1679313804211
1679313804172,1679313804216
1679313804254,1679313804269
1679313804259,1679313804269
1679313804293,1679313804313
1679313804303,1679313804376
1679313804387,1679313804401
1679313804356,1679313804450
1679313804420,1679313804451
1679313804467,1679313804470
1679313804493,1679313804497
1679313804615,1679313804627
1679313804533,1679313804696
1679313804705,1679313804730
1679313804663,1679313804777
1679313804843,1679313804860
1679313804849,1679313804897
1679313804729,1679313804909
1679313804860,1679313804952
1679313804945,1679313804992
1679313805049,1679313805073
1679313805061,1679313805077
1679313805028,1679313805124
1679313804988,1679313805124
1679313805208,1679313805218
1679313805137,1679313805221
1679313805268,1679313805300
1679313805216,1679313805301
1679313805343,1679313805371
1679313805362,1679313805387
1679313805342,1679313805404
1679313805368,1679313805416
1679313805342,1679313805426
1679313805513,1679313805522
1679313805537,1679313805546
1679313805553,1679313805559
1679313805581,1679313805607
1679313805535,1679313805672
1679313805708,1679313805725
1679313805625,1679313805758
1679313805767,1679313805803
1679313805789,1679313805809
1679313805849,1679313805868
1679313805789,1679313805888
1679313805915,1679313805969
1679313805936,1679313805979
1679313806069,1679313806108
1679313805958,1679313806113
1679313806066,1679313806130
1679313806132,1679313806151
1679313806147,1679313806178
1679313806138,1679313806205
1679313806253,1679313806279
1679313806355,1679313806358
1679313806377,1679313806381
1679313806377,1679313806414
1679313806405,1679313806418
1679313806360,1679313806435
1679313806445,1679313806455
1679313806466,1679313806475
1679313806424,1679313806533
1679313806494,1679313806537
1679313806575,1679313806652
1679313806725,1679313806737
1679313806751,1679313806759
1679313806777,1679313806788
1679313806776,1679313806794
1679313806801,1679313806808
1679313806806,1679313806858
1679313807013,1679313807044
1679313806982,1679313807063
1679313806980,1679313807075
1679313807060,1679313807096
1679313807073,1679313807152
1679313807131,1679313807181
1679313807139,1679313807215
1679313807207,1679313807283
1679313807298,1679313807353
1679313807306,1679313807372
1679313807312,1679313807381
1679313807362,1679313807397
1679313807503,1679313807559
1679313807600,1679313807615
1679313807561,1679313807627
1679313807588,1679313807641
1679313807613,1679313807647
1679313807684,1679313807692
1679313807654,1679313807702
1679313807690,1679313807710
1679313807703,1679313807722
1679313807704,1679313807778
1679313807786,1679313807789
1679313807675,1679313807793
1679313807792,1679313807796
1679313807810,1679313807860
1679313807970,1679313807978
1679313807928,1679313807988
1679313808058,1679313808075
1679313808051,1679313808080
1679313808056,1679313808105
1679313808014,1679313808129
1679313808112,1679313808136
1679313808156,1679313808179
1679313808140,1679313808213
1679313808208,1679313808213
1679313808218,1679313808221
1679313808217,1679313808236
1679313808256,1679313808299
1679313808277,1679313808316
1679313808356,1679313808404
1679313808358,1679313808429
1679313808521,1679313808564
1679313808594,1679313808627
1679313808560,1679313808683
1679313808667,1679313808794
1679313808874,1679313808888
1679313808842,1679313808893
1679313808751,1679313808914
1679313808834,1679313808943
1679313808965,1679313808993
1679313809154,1679313809173
1679313809242,1679313809280
1679313809269,1679313809294
1679313809245,1679313809309
1679313809272,1679313809330
1679313809330,1679313809334
1679313809308,1679313809358
1679313809350,1679313809400
1679313809453,1679313809473
1679313809497,1679313809537
1679313809462,1679313809568
1679313809556,1679313809592
1679313809519,1679313809619
1679313809641,1679313809653
1679313809613,1679313809676
1679313809667,1679313809682
1679313809794,1679313809810
1679313809774,1679313809811
1679313809828,1679313809865
1679313809853,1679313809991
1679313809931,1679313809992
1679313809934,1679313809998
1679313809932,1679313810007
1679313810085,1679313810132
1679313810063,1679313810141
1679313810139,1679313810153
1679313810156,1679313810220
1679313810204,1679313810326
1679313810327,1679313810347
1679313810413,1679313810441
1679313810295,1679313810444
1679313810494,1679313810512
1679313810623,1679313810643
1679313810675,1679313810684
1679313810694,1679313810708
1679313810689,1679313810714
1679313810788,1679313810837
1679313810855,1679313810864
1679313810814,1679313810905
1679313810903,1679313810954
1679313810953,1679313810999
1679313811123,1679313811147
1679313811109,1679313811149
1679313811144,1679313811149
1679313811144,1679313811187
1679313811264,1679313811274
1679313811272,1679313811282
1679313811280,1679313811287
1679313811255,1679313811300
1679313811235,1679313811301
1679313811286,1679313811317
1679313811318,1679313811326
1679313811273,1679313811329
1679313811276,1679313811376
1679313811272,1679313811397
1679313811353,1679313811445
1679313811444,1679313811450
1679313811435,1679313811466
1679313811454,1679313811511
1679313811511,1679313811515
1679313811561,1679313811577
1679313811499,1679313811653
1679313811669,1679313811703
1679313811762,1679313811767
1679313811799,1679313811841
1679313811778,1679313811872
1679313811811,1679313811920
1679313811980,1679313812042
1679313811951,1679313812074
1679313812224,1679313812235
1679313812260,1679313812267
1679313812241,1679313812268
1679313812305,1679313812316
1679313812357,1679313812363
1679313812389,1679313812408
1679313812420,1679313812462
1679313812461,1679313812483
1679313812468,1679313812516
1679313812526,1679313812590
1679313812633,1679313812670
1679313812602,1679313812672
1679313812680,1679313812710
1679313812722,1679313812787
1679313812744,1679313812805
1679313812733,1679313812858
1679313812800,1679313812872
1679313812865,1679313812872
1679313812875,1679313812899
1679313812832,1679313812940
1679313812785,1679313812944
1679313812942,1679313812957
1679313812953,1679313812972
1679313812976,1679313813065
1679313812981,1679313813119
1679313813109,1679313813184
1679313813241,1679313813282
1679313813209,1679313813284
1679313813292,1679313813310
1679313813373,1679313813387
1679313813576,1679313813659
1679313813682,1679313813717
1679313813605,1679313813727
1679313813724,1679313813750
1679313813722,1679313813757
1679313813745,1679313813787
1679313813760,1679313813799
1679313813969,1679313814036
1679313813997,1679313814047
1679313813968,1679313814080
1679313814050,1679313814174
1679313814184,1679313814190
1679313814136,1679313814197
1679313814177,1679313814226
1679313814253,1679313814266
1679313814261,1679313814286
1679313814270,1679313814312
1679313814327,1679313814351
1679313814313,1679313814353
1679313814318,1679313814353
1679313814342,1679313814378
1679313814342,1679313814417
1679313814285,1679313814430
1679313814430,1679313814437
1679313814347,1679313814472
1679313814501,1679313814564
1679313814560,1679313814565
1679313814583,1679313814593
1679313814688,1679313814706
1679313814693,1679313814712
1679313814719,1679313814742
1679313814658,1679313814745
1679313814491,1679313814765
1679313814817,1679313814880
1679313814911,1679313815007
1679313814985,1679313815010
1679313815063,1679313815093
1679313815095,1679313815112
1679313815187,1679313815198
1679313815223,1679313815236
1679313815306,1679313815318
1679313815305,1679313815330
1679313815406,1679313815422
1679313815347,1679313815436
1679313815475,1679313815491
1679313815538,1679313815548
1679313815450,1679313815549
1679313815537,1679313815554
1679313815561,1679313815588
1679313815661,1679313815673
1679313815687,1679313815693
1679313815747,1679313815803
1679313815843,1679313815874
1679313815894,1679313815914
1679313815660,1679313815928
1679313816030,1679313816086
1679313816078,1679313816090
1679313816098,1679313816101
1679313816136,1679313816187
1679313816209,1679313816233
1679313816266,1679313816289
1679313816268,1679313816371
1679313816308,1679313816420
1679313816415,1679313816428
1679313816369,1679313816452
1679313816435,1679313816465
1679313816441,1679313816508
1679313816369,1679313816540
1679313816553,1679313816608
1679313816587,1679313816640
1679313816650,1679313816674
1679313816593,1679313816689
1679313816587,1679313816750
1679313816791,1679313816797
1679313816779,1679313816869
1679313816849,1679313816876
1679313816949,1679313816964
1679313817028,1679313817058
1679313817086,1679313817095
1679313817172,1679313817200
1679313817170,1679313817217
1679313817212,1679313817229
1679313817229,1679313817253
1679313817326,1679313817334
1679313817320,1679313817345
1679313817292,1679313817362
1679313817295,1679313817389
1679313817384,1679313817420
1679313817365,1679313817445
1679313817493,1679313817524
1679313817373,1679313817588
1679313817545,1679313817599
1679313817584,1679313817653
1679313817642,1679313817661
1679313817665,1679313817714
1679313817751,1679313817775
1679313817796,1679313817820
1679313817808,1679313817907
1679313817869,1679313817971
1679313817990,1679313818000
1679313818076,1679313818133
1679313818079,1679313818134
1679313817877,1679313818162
1679313818165,1679313818168
1679313818169,1679313818257
1679313818325,1679313818333
1679313818391,1679313818429
1679313818524,1679313818529
1679313818410,1679313818551
1679313818558,1679313818575
1679313818583,1679313818615
1679313818542,1679313818648
1679313818649,1679313818715
1679313818773,1679313818785
1679313818792,1679313818833
1679313818701,1679313818837
1679313818824,1679313818889
1679313818855,1679313818891
1679313818913,1679313818916
1679313818785,1679313818946
1679313818964,1679313819001
1679313818984,1679313819042
1679313819033,1679313819074
1679313819051,1679313819085
1679313819058,1679313819091
1679313819080,1679313819103
1679313819103,1679313819154
1679313819038,1679313819172
1679313819258,1679313819292
1679313819291,1679313819314
1679313819270,1679313819340
1679313819429,1679313819439
1679313819425,1679313819443
1679313819502,1679313819516
1679313819446,1679313819548
1679313819570,1679313819585
1679313819688,1679313819691
1679313819658,1679313819723
1679313819691,1679313819762
1679313819745,1679313819805
1679313819769,1679313819858
1679313819869,1679313819914
1679313819876,1679313819925
1679313819951,1679313819956
1679313819987,1679313819993
1679313820013,1679313820042
1679313820039,1679313820066
1679313820103,1679313820127
1679313820113,1679313820145
1679313820052,1679313820164
1679313820126,1679313820183
1679313820099,1679313820209
1679313820132,1679313820251
1679313820250,1679313820271
1679313820304,1679313820317
1679313820300,1679313820375
1679313820360,1679313820384
1679313820381,1679313820406
1679313820362,1679313820419
1679313820441,1679313820449
1679313820447,1679313820477
1679313820445,1679313820543
1679313820579,1679313820669
1679313820603,1679313820684
1679313820605,1679313820694
1679313820734,1679313820740
1679313820765,1679313820784
1679313820732,1679313820789
1679313820766,1679313820821
1679313820735,1679313820856
1679313820817,1679313820922
1679313821140,1679313821180
1679313821026,1679313821187
1679313821185,1679313821191
1679313821217,1679313821287
1679313821236,1679313821307
1679313821299,1679313821308
1679313821307,1679313821320
1679313821369,1679313821391
1679313821361,1679313821395
1679313821336,1679313821407
1679313821417,1679313821424
1679313821439,1679313821465
1679313821463,1679313821468
1679313821581,1679313821585
1679313821609,1679313821629
1679313821649,1679313821701
1679313821740,1679313821771
1679313821711,1679313821803
1679313821809,1679313821885
1679313821876,1679313821907
1679313821922,1679313821933
1679313821881,1679313821948
1679313821958,1679313821970
1679313821858,1679313821973
1679313821930,1679313821993
1679313822022,1679313822036
1679313822053,1679313822058
1679313821910,1679313822085
1679313822385,1679313822398
1679313822417,1679313822420
1679313822453,1679313822506
1679313822502,1679313822516
1679313822427,1679313822554
1679313822499,1679313822587
1679313822636,1679313822640
1679313822631,1679313822662
1679313822669,1679313822689
1679313822780,1679313822809
1679313822829,1679313822866
1679313822873,1679313822877
1679313822869,1679313822877
1679313822895,1679313822940
1679313822948,1679313822961
1679313822952,1679313822963
1679313822938,1679313822974
1679313822944,1679313822992
1679313822961,1679313823012
1679313823029,1679313823104
1679313823073,1679313823134
1679313823143,1679313823152
1679313823181,1679313823217
1679313823238,1679313823248
1679313823231,1679313823310
1679313823329,1679313823348
1679313823410,1679313823421
1679313823267,1679313823435
1679313823589,1679313823635
1679313823600,1679313823665
1679313823750,1679313823782
1679313823695,1679313823823
1679313823824,1679313823837
1679313823817,1679313823859
1679313823957,1679313823982
1679313823980,1679313824041
1679313823949,1679313824072
1679313824062,1679313824127
1679313824097,1679313824147
1679313824104,1679313824160
1679313824072,1679313824161
1679313824142,1679313824184
1679313824236,1679313824255
1679313824234,1679313824279
1679313824271,1679313824290
1679313824284,1679313824293
1679313824268,1679313824308
1679313824128,1679313824325
1679313824318,1679313824376
1679313824432,1679313824443
1679313824499,1679313824519
1679313824475,1679313824632
1679313824625,1679313824679
1679313824606,1679313824689
1679313824553,1679313824691
1679313824703,1679313824706
1679313824736,1679313824777
1679313824736,1679313824802
1679313825001,1679313825022
1679313825128,1679313825141
1679313825285,1679313825352
1679313825365,1679313825399
1679313825355,1679313825419
1679313825414,1679313825442
1679313825489,1679313825494
1679313825520,1679313825527
1679313825499,1679313825538
1679313825586,1679313825595
1679313825592,1679313825596
1679313825648,1679313825764
1679313825596,1679313825770
1679313825738,1679313825775
1679313825794,1679313825802
1679313825831,1679313825861
1679313825842,1679313825866
1679313825866,1679313825870
1679313825867,1679313825921
1679313825870,1679313825928
1679313825973,1679313825979
1679313825996,1679313826024
1679313825919,1679313826047
1679313826037,1679313826109
1679313826159,1679313826187
1679313826406,1679313826424
1679313826511,1679313826538
1679313826547,1679313826560
1679313826575,1679313826581
1679313826585,1679313826591
1679313826572,1679313826599
1679313826560,1679313826624
1679313826602,1679313826658
1679313826613,1679313826711
1679313826740,1679313826744
1679313826647,1679313826785
1679313826807,1679313826827
1679313826840,1679313826908
1679313826949,1679313826955
1679313826946,1679313826960
1679313826988,1679313827011
1679313827115,1679313827148
1679313827196,1679313827204
1679313827113,1679313827220
1679313827212,1679313827226
1679313827287,1679313827312
1679313827124,1679313827349
1679313827354,1679313827363
1679313827397,1679313827407
1679313827392,1679313827425
1679313827493,1679313827523
1679313827486,1679313827582
1679313827582,1679313827588
1679313827573,1679313827595
1679313827443,1679313827628
1679313827589,1679313827683
1679313827675,1679313827700
1679313827726,1679313827742
1679313827660,1679313827807
1679313827864,1679313827902
1679313827870,1679313827904
1679313827946,1679313827963
1679313828030,1679313828036
1679313828110,1679313828117
1679313828195,1679313828219
1679313828098,1679313828228
1679313828256,1679313828299
1679313828329,1679313828337
1679313828312,1679313828370
1679313828452,1679313828459
1679313828464,1679313828475
1679313828538,1679313828588
1679313828604,1679313828609
1679313828597,1679313828610
1679313828525,1679313828611
1679313828592,1679313828612
1679313828702,1679313828800
1679313828789,1679313828816
1679313828860,1679313828865
1679313828854,1679313828869
1679313828859,1679313828883
1679313828840,1679313828905
1679313828902,1679313828922
1679313828918,1679313828968
1679313828889,1679313829016
1679313829020,1679313829024
1679313829136,1679313829138
1679313829156,1679313829193
1679313829215,1679313829220
1679313829212,1679313829248
1679313829300,1679313829308
1679313829296,1679313829323
1679313829495,1679313829535
1679313829492,1679313829579
1679313829639,1679313829645
1679313829626,1679313829658
1679313829636,1679313829703
1679313829689,1679313829713
1679313829558,1679313829739
1679313829683,1679313829780
1679313829737,1679313829780
1679313829761,1679313829787
1679313829854,1679313829869
1679313829896,1679313829956
1679313829930,1679313829962
1679313829989,1679313830069
1679313830055,1679313830088
1679313830059,1679313830160
1679313830114,1679313830198
1679313830210,1679313830224
1679313830212,1679313830232
1679313830313,1679313830349
1679313830348,1679313830361
1679313830459,1679313830463
1679313830486,1679313830491
1679313830503,1679313830546
1679313830483,1679313830551
1679313830480,1679313830578
1679313830559,1679313830578
1679313830587,1679313830598
1679313830714,1679313830803
1679313830789,1679313830832
1679313830836,1679313830840
1679313831121,1679313831128
1679313830988,1679313831154
1679313831135,1679313831197
1679313831191,1679313831212
1679313831205,1679313831233
1679313831115,1679313831245
1679313831179,1679313831246
1679313831277,1679313831297
1679313831259,1679313831315
1679313831267,1679313831336
1679313831326,1679313831348
1679313831212,1679313831353
1679313831385,1679313831409
1679313831417,1679313831462
1679313831387,1679313831479
1679313831431,1679313831480
1679313831482,1679313831543
1679313831529,1679313831588
1679313831633,1679313831703
1679313831788,1679313831825
1679313831869,1679313831873
1679313831862,1679313831874
1679313831930,1679313832092
1679313832098,1679313832126
1679313832243,1679313832255
1679313832099,1679313832308
1679313832279,1679313832335
1679313832326,1679313832340
1679313832266,1679313832350
1679313832346,1679313832360
1679313832363,1679313832406
1679313832436,1679313832448
1679313832176,1679313832488
1679313832413,1679313832608
1679313832600,1679313832616
1679313832625,1679313832672
1679313832419,1679313832689
1679313832609,1679313832705
1679313832676,1679313832734
1679313832883,1679313832900
1679313832853,1679313832958
1679313832915,1679313832976
1679313833040,1679313833056
1679313833040,1679313833056
1679313833007,1679313833063
1679313833055,1679313833087
1679313833169,1679313833216
1679313833097,1679313833268
1679313833148,1679313833270
1679313833251,1679313833276
1679313833202,1679313833278
1679313833283,1679313833313
1679313833377,1679313833385
1679313833405,1679313833453
1679313833500,1679313833531
1679313833526,1679313833534
1679313833665,1679313833701
1679313833658,1679313833722
1679313833755,1679313833771
1679313833765,1679313833824
1679313833927,1679313833934
1679313833933,1679313833997
1679313833885,1679313834018
1679313834019,1679313834025
1679313833941,1679313834045
1679313834053,1679313834071
1679313834091,1679313834129
1679313834289,1679313834327
1679313834138,1679313834395
1679313834398,1679313834409
1679313834398,1679313834433
1679313834425,1679313834441
1679313834437,1679313834459
1679313834249,1679313834468
1679313834415,1679313834563
1679313834611,1679313834637
1679313834710,1679313834727
1679313834719,1679313834728
1679313834710,1679313834728
1679313834721,1679313834759
1679313834842,1679313834901
1679313834883,1679313834923
1679313834920,1679313834954
1679313834947,1679313834967
1679313834864,1679313835015
1679313835072,1679313835085
1679313834818,1679313835103
1679313835103,1679313835115
1679313835055,1679313835127
1679313835126,1679313835167
1679313835180,1679313835189
1679313835197,1679313835206
1679313835245,1679313835262
1679313835400,1679313835406
1679313835405,1679313835407
1679313835396,1679313835434
1679313835440,1679313835522
1679313835536,1679313835541
1679313835411,1679313835558
1679313835637,1679313835706
1679313835666,1679313835718
1679313835798,1679313835816
1679313835813,1679313835847
1679313835913,1679313835931
1679313835893,1679313835937
1679313835978,1679313835996
1679313836045,1679313836076
1679313836149,1679313836161
1679313836163,1679313836194
1679313836317,1679313836336
1679313836311,1679313836337
1679313836344,1679313836357
1679313836291,1679313836363
1679313836352,1679313836509
1679313836394,1679313836544
1679313836497,1679313836587
1679313836594,1679313836599
1679313836560,1679313836662
1679313836569,1679313836665
1679313836654,1679313836709
1679313836751,1679313836777
1679313836799,1679313836813
1679313836920,1679313836937
1679313836881,1679313836943
1679313836892,1679313836944
1679313836854,1679313836959
1679313836904,1679313837013
1679313837119,1679313837124
1679313837091,1679313837139
1679313837151,1679313837156
1679313836998,1679313837162
1679313837156,1679313837178
1679313837264,1679313837272
1679313837143,1679313837317
1679313837152,1679313837362
1679313837373,1679313837435
1679313837630,1679313837706
1679313837734,1679313837750
1679313837705,1679313837750
1679313837681,1679313837793
1679313837773,1679313837839
1679313837843,1679313837879
1679313837819,1679313837906
1679313837948,1679313837954
1679313837834,1679313837967
1679313837981,1679313838004
1679313837969,1679313838015
1679313838036,1679313838045
1679313838039,1679313838084
1679313838087,1679313838118
1679313838112,1679313838122
1679313838298,1679313838312
1679313838267,1679313838356
1679313838395,1679313838421
1679313838462,1679313838484
1679313838517,1679313838520
1679313838523,1679313838592
1679313838545,1679313838592
1679313838635,1679313838649
1679313838473,1679313838656
1679313838704,1679313838720
1679313838693,1679313838724
1679313838711,1679313838752
1679313838678,1679313838809
1679313838785,1679313838814
1679313838836,1679313838858
1679313838806,1679313838884
1679313838840,1679313838898
1679313838946,1679313838957
1679313839060,1679313839088
1679313838949,1679313839090
1679313839212,1679313839221
1679313839320,1679313839394
1679313839443,1679313839546
1679313839512,1679313839570
1679313839522,1679313839574
1679313839642,1679313839672
1679313839653,1679313839699
1679313839688,1679313839716
1679313839594,1679313839737
1679313839761,1679313839767
1679313839797,1679313839837
1679313839856,1679313839907
1679313839909,1679313839939
1679313839745,1679313839957
1679313839875,1679313839961
1679313839933,1679313839978
1679313840004,1679313840053
1679313840038,1679313840073
1679313839998,1679313840135
1679313840022,1679313840137
1679313840130,1679313840142
1679313840123,1679313840192
1679313840214,1679313840219
1679313840212,1679313840228
1679313840226,1679313840243
1679313840263,1679313840308
1679313840274,1679313840316
1679313840320,1679313840336
1679313840328,1679313840379
1679313840517,1679313840540
1679313840501,1679313840541
1679313840705,1679313840742
1679313840708,1679313840747
1679313840813,1679313840826
1679313840958,1679313840981
1679313840943,1679313840989
1679313840976,1679313841007
1679313841029,1679313841085
1679313841153,1679313841206
1679313841088,1679313841234
1679313841216,1679313841241
1679313841238,1679313841282
1679313841309,1679313841334
1679313841316,1679313841336
1679313841257,1679313841360
1679313841389,1679313841434
1679313841393,1679313841440
1679313841481,1679313841486
1679313841456,1679313841502
1679313841529,1679313841545
1679313841536,1679313841574
1679313841572,1679313841598
1679313841561,1679313841664
1679313841603,1679313841670
1679313841577,1679313841739
1679313841817,1679313841828
1679313841920,1679313841949
1679313842118,1679313842126
1679313842023,1679313842176
1679313842149,1679313842196
1679313842249,1679313842285
1679313842287,1679313842329
1679313842323,1679313842368
1679313842383,1679313842395
1679313842404,1679313842429
1679313842351,1679313842438
1679313842397,1679313842460
1679313842444,1679313842470
1679313842449,1679313842484
1679313842407,1679313842493
1679313842648,1679313842669
1679313842743,1679313842781
1679313842686,1679313842808
1679313842786,1679313842829
1679313842831,1679313842835
1679313842846,1679313842871
1679313842856,1679313842878
1679313842861,1679313842905
1679313842866,1679313842909
1679313842849,1679313842927
1679313842988,1679313843007
1679313843019,1679313843059
1679313843051,1679313843082
1679313843128,1679313843139
1679313843253,1679313843258
1679313843399,1679313843411
1679313843376,1679313843470
1679313843405,1679313843477
1679313843404,1679313843497
1679313843491,1679313843499
1679313843534,1679313843539
1679313843564,1679313843599
1679313843759,1679313843771
1679313843801,1679313843807
1679313843768,1679313843809
1679313843795,1679313843810
1679313843834,1679313843848
1679313843876,1679313843909
1679313843884,1679313843911
1679313843905,1679313843948
1679313843956,1679313843977
1679313844004,1679313844011
1679313844044,1679313844064
1679313844052,1679313844101
1679313844070,1679313844139
1679313844085,1679313844146
1679313844143,1679313844158
1679313844207,1679313844248
1679313844238,1679313844249
1679313844330,1679313844334
1679313844294,1679313844373
1679313844379,1679313844426
1679313844366,1679313844471
1679313844514,1679313844536
1679313844602,1679313844616
1679313844543,1679313844628
1679313844767,1679313844792
1679313844689,1679313844951
1679313845014,1679313845045
1679313845007,1679313845052
1679313845079,1679313845087
1679313845006,1679313845102
1679313845057,1679313845153
1679313845169,1679313845173
1679313845208,1679313845235
1679313845258,1679313845298
1679313845255,1679313845381
1679313845391,1679313845414
1679313845453,1679313845461
1679313845490,1679313845507
1679313845515,1679313845555
1679313845541,1679313845559
1679313845550,1679313845588
1679313845530,1679313845620
1679313845701,1679313845741
1679313845717,1679313845751
1679313845751,1679313845785
1679313845689,1679313845799
1679313845722,1679313845833
1679313845784,1679313845855
1679313845873,1679313845888
1679313845860,1679313845937
1679313845972,1679313846027
1679313846025,1679313846037
1679313845956,1679313846055
1679313845983,1679313846062
1679313845906,1679313846082
1679313846196,1679313846251
1679313846244,1679313846259
1679313846226,1679313846271
1679313846496,1679313846561
1679313846555,1679313846603
1679313846596,1679313846628
1679313846632,1679313846649
1679313846652,1679313846703
1679313846695,1679313846704
1679313846787,1679313846802
1679313846816,1679313846879
1679313846924,1679313846933
1679313846914,1679313846937
1679313846918,1679313846968
1679313846942,1679313846971
1679313846974,1679313846976
1679313847023,1679313847042
1679313847047,1679313847067
1679313847037,1679313847083
1679313847072,1679313847087
1679313846975,1679313847101
1679313847099,1679313847120
1679313847079,1679313847127
1679313847185,1679313847213
1679313847211,1679313847217
1679313847181,1679313847217
1679313847320,1679313847420
1679313847588,1679313847608
1679313847624,1679313847640
1679313847685,1679313847718
1679313847655,1679313847742
1679313847614,1679313847747
1679313847716,1679313847769
1679313847852,1679313847921
1679313847912,1679313847959
1679313847943,1679313848007
1679313847814,1679313848011
1679313848059,1679313848088
1679313848093,1679313848103
1679313848089,1679313848115
1679313848164,1679313848175
1679313848185,1679313848191
1679313848246,1679313848256
1679313848198,1679313848279
1679313848241,1679313848303
1679313848220,1679313848329
1679313848365,1679313848367
1679313848339,1679313848377
1679313848287,1679313848420
1679313848466,1679313848530
1679313848653,1679313848709
1679313848765,1679313848798
1679313848736,1679313848867
1679313848815,1679313848878
1679313848835,1679313848888
1679313848880,1679313848908
1679313848943,1679313848986
1679313848929,1679313849013
1679313849104,1679313849128
1679313849062,1679313849142
1679313849127,1679313849241
1679313849249,1679313849305
1679313849278,1679313849322
1679313849266,1679313849375
1679313849433,1679313849521
1679313849445,1679313849524
1679313849521,1679313849541
1679313849477,1679313849587
1679313849657,1679313849661
1679313849693,1679313849698
1679313849766,1679313849810
1679313849797,1679313849867
1679313849913,1679313849933
1679313849941,1679313849967
1679313849990,1679313850014
1679313849998,1679313850059
1679313850095,1679313850099
1679313850139,1679313850238
1679313850148,1679313850247
1679313850231,1679313850295
1679313850225,1679313850300
1679313850349,1679313850375
1679313850255,1679313850387
1679313850370,1679313850432
1679313850298,1679313850459
1679313850386,1679313850511
1679313850545,1679313850561
1679313850546,1679313850578
1679313850512,1679313850673
1679313850803,1679313850807
1679313850823,1679313850837
1679313850910,1679313850947
1679313850928,1679313851014
1679313851096,1679313851109
1679313851054,1679313851200
1679313851226,1679313851240
1679313851162,1679313851279
1679313851220,1679313851318
1679313851199,1679313851330
1679313851357,1679313851424
1679313851384,1679313851439
1679313851450,1679313851462
1679313851474,1679313851516
1679313851491,1679313851572
1679313851623,1679313851629
1679313851684,1679313851749
1679313851721,1679313851778
1679313851947,1679313851960
1679313851905,1679313851970
1679313852014,1679313852074
1679313851982,1679313852107
1679313852092,1679313852156
1679313852271,1679313852276
1679313852181,1679313852381
1679313852278,1679313852421
1679313852408,1679313852454
1679313852471,1679313852498
1679313852584,1679313852591
1679313852485,1679313852644
1679313852580,1679313852666
1679313852653,1679313852712
1679313852715,1679313852741
1679313852697,1679313852764
1679313852837,1679313852852
1679313852952,1679313852962
1679313852949,1679313852979
1679313853041,1679313853067
1679313853063,1679313853069
1679313852969,1679313853071
1679313853058,1679313853082
1679313853055,1679313853109
1679313853337,1679313853356
1679313853332,1679313853363
1679313853408,1679313853480
1679313853350,1679313853546
1679313853535,1679313853549
1679313853444,1679313853573
1679313853587,1679313853617
1679313853607,1679313853652
1679313853667,1679313853698
1679313853736,1679313853792
1679313853962,1679313853973
1679313854122,1679313854128
1679313854122,1679313854139
1679313854196,1679313854245
1679313854220,1679313854270
1679313854181,1679313854305
1679313854297,1679313854346
1679313854407,1679313854424
1679313854441,1679313854492
1679313854483,1679313854517
1679313854521,1679313854538
1679313854562,1679313854587
1679313854421,1679313854633
1679313854710,1679313854790
1679313854729,1679313854792
1679313854815,1679313854849
1679313854815,1679313854860
1679313854817,1679313854877
1679313854836,1679313854881
1679313855024,1679313855077
1679313855005,1679313855102
1679313855099,1679313855104
1679313855097,1679313855148
1679313855109,1679313855151
1679313855177,1679313855237
1679313855236,1679313855249
1679313855246,1679313855291
1679313855305,1679313855378
1679313855384,1679313855413
1679313855418,1679313855426
1679313855372,1679313855429
1679313855491,1679313855613
1679313855808,1679313855816
1679313855816,1679313855829
1679313855754,1679313855830
1679313855696,1679313855852
1679313855845,1679313855962
1679313855828,1679313855962
1679313855989,1679313856003
1679313856060,1679313856076
1679313856063,1679313856089
1679313856096,1679313856135
1679313856125,1679313856151
1679313856122,1679313856167
1679313856200,1679313856203
1679313856234,1679313856303
1679313856295,1679313856318
1679313856495,1679313856525
1679313856431,1679313856588
1679313856599,1679313856616
1679313856578,1679313856685
1679313856613,1679313856731
1679313856740,1679313856745
1679313856728,1679313856847
1679313856827,1679313856848
1679313856829,1679313856853
1679313856860,1679313856865
1679313857000,1679313857024
1679313856966,1679313857034
1679313857077,1679313857106
1679313857159,1679313857167
1679313857169,1679313857209
1679313857201,1679313857233
1679313857160,1679313857236
1679313857233,1679313857250
1679313857294,1679313857368
1679313857329,1679313857374
1679313857232,1679313857377
1679313857388,1679313857498
1679313857493,1679313857564
1679313857608,1679313857673
1679313857667,1679313857695
1679313857718,1679313857733
1679313857879,1679313857889
1679313857947,1679313857950
1679313857939,1679313858026
1679313858000,1679313858032
1679313858026,1679313858137
1679313858127,1679313858141
1679313858050,1679313858155
1679313858068,1679313858177
1679313858154,1679313858192
1679313858210,1679313858307
1679313858294,1679313858324
1679313858331,1679313858345
1679313858309,1679313858358
1679313858311,1679313858385
1679313858397,1679313858428
1679313858418,1679313858484
1679313858326,1679313858491
1679313858504,1679313858517
1679313858440,1679313858542
1679313858456,1679313858581
1679313858677,1679313858730
1679313858848,1679313858909
1679313858927,1679313858959
1679313858958,1679313858962
1679313859035,1679313859081
1679313859131,1679313859166
1679313859157,1679313859242
1679313859287,1679313859292
1679313859291,1679313859305
1679313859290,1679313859309
1679313859323,1679313859374
1679313859457,1679313859468
1679313859521,1679313859538
1679313859561,1679313859596
1679313859525,1679313859603
1679313859675,1679313859681
1679313859654,1679313859715
1679313859700,1679313859749
1679313859716,1679313859755
1679313859716,1679313859760
1679313859903,1679313860020
1679313860042,1679313860048
1679313860174,1679313860206
1679313860199,1679313860207
1679313860208,1679313860223
1679313860188,1679313860280
1679313860236,1679313860280
1679313860282,1679313860296
1679313860336,1679313860351
1679313860330,1679313860477
1679313860572,1679313860589
1679313860700,1679313860750
1679313860751,1679313860755
1679313860705,1679313860764
1679313860790,1679313860805
1679313860925,1679313860964
1679313861049,1679313861073
1679313861106,1679313861128
1679313860897,1679313861136
1679313861150,1679313861179
1679313861151,1679313861189
1679313861198,1679313861251
1679313861260,1679313861266
1679313861248,1679313861310
1679313861178,1679313861325
1679313861256,1679313861327
1679313861310,1679313861349
1679313861417,1679313861452
1679313861452,1679313861475
1679313861500,1679313861515
1679313861456,1679313861525
1679313861482,1679313861546
1679313861515,1679313861552
1679313861524,1679313861559
1679313861627,1679313861674
1679313861644,1679313861687
1679313861702,1679313861714
1679313861807,1679313861815
1679313861955,1679313861970
1679313862138,1679313862194
1679313862141,1679313862243
1679313862265,1679313862281
1679313862156,1679313862284
1679313862346,1679313862372
1679313862409,1679313862530
1679313862522,1679313862536
1679313862414,1679313862537
1679313862562,1679313862566
1679313862533,1679313862628
1679313862637,1679313862642
1679313862641,1679313862667
1679313862666,1679313862698
1679313862730,1679313862758
1679313862756,1679313862795
1679313862749,1679313862807
1679313862780,1679313862873
1679313862946,1679313863018
1679313862978,1679313863064
1679313863230,1679313863251
1679313863269,1679313863285
1679313863269,1679313863352
1679313863321,1679313863377
1679313863511,1679313863543
1679313863609,1679313863634
1679313863581,1679313863657
1679313863629,1679313863668
1679313863654,1679313863686
1679313863696,1679313863719
1679313863660,1679313863731
1679313863719,1679313863743
1679313863722,1679313863772
1679313863770,1679313863790
1679313863796,1679313863824
1679313863835,1679313863841
1679313863785,1679313863876
1679313863897,1679313863948
1679313863948,1679313864002
1679313863933,1679313864042
1679313864205,1679313864211
1679313864381,1679313864435
1679313864424,1679313864490
1679313864501,1679313864527
1679313864483,1679313864555
1679313864555,1679313864594
1679313864451,1679313864604
1679313864603,1679313864720
1679313864816,1679313864846
1679313864802,1679313864849
1679313864809,1679313864884
1679313864988,1679313865025
1679313865145,1679313865267
1679313865275,1679313865324
1679313865279,1679313865352
1679313865311,1679313865399
1679313865367,1679313865409
1679313865425,1679313865490
1679313865449,1679313865494
1679313865489,1679313865507
1679313865506,1679313865510
1679313865543,1679313865572
1679313865491,1679313865597
1679313865516,1679313865607
1679313865540,1679313865617
1679313865596,1679313865721
1679313865731,1679313865744
1679313865695,1679313865753
1679313865735,1679313865760
1679313865850,1679313865887
1679313865926,1679313866047
1679313866275,1679313866278
1679313866288,1679313866368
1679313866158,1679313866378
1679313866522,1679313866549
1679313866528,1679313866551
1679313866539,1679313866558
1679313866550,1679313866603
1679313866593,1679313866645
1679313866645,1679313866744
1679313866724,1679313866798
1679313866787,1679313866800
1679313866791,1679313866801
1679313866798,1679313866830
1679313866752,1679313866866
1679313866897,1679313866902
1679313866788,1679313866909
1679313866847,1679313866929
1679313866940,1679313866965
1679313866967,1679313867060
1679313867012,1679313867078
1679313867139,1679313867143
1679313867139,1679313867160
1679313867314,1679313867350
1679313867331,1679313867350
1679313867345,1679313867385
1679313867445,1679313867451
1679313867453,1679313867510
1679313867532,1679313867590
1679313867625,1679313867741
1679313867876,1679313867891
1679313867936,1679313867966
1679313867992,1679313867996
1679313867909,1679313868075
1679313868076,1679313868085
1679313868333,1679313868343
1679313868347,1679313868371
1679313868174,1679313868375
1679313868339,1679313868395
1679313868277,1679313868411
1679313868405,1679313868421
1679313868416,1679313868422
1679313868339,1679313868438
1679313868351,1679313868464
1679313868445,1679313868466
1679313868402,1679313868471
1679313868457,1679313868475
1679313868479,1679313868508
1679313868521,1679313868620
1679313868647,1679313868697
1679313868591,1679313868708
1679313868709,1679313868745
1679313868794,1679313868797
1679313868799,1679313868805
1679313868867,1679313868881
1679313869091,1679313869099
1679313869118,1679313869159
1679313869191,1679313869282
1679313869251,1679313869296
1679313869406,1679313869421
1679313869468,1679313869476
1679313869592,1679313869617
1679313869590,1679313869630
1679313869778,1679313869794
1679313869764,1679313869833
1679313869827,1679313869834
1679313869854,1679313869933
1679313869960,1679313869963
1679313869955,1679313869965
1679313869972,1679313870005
1679313869989,1679313870008
1679313870018,1679313870095
1679313870108,1679313870146
1679313870156,1679313870200
1679313870279,1679313870323
1679313870346,1679313870372
1679313870208,1679313870408
1679313870408,1679313870415
1679313870428,1679313870510
1679313870417,1679313870527
1679313870463,1679313870529
1679313870488,1679313870601
1679313870784,1679313870796
1679313870802,1679313870853
1679313871119,1679313871123
1679313871111,1679313871126
1679313871112,1679313871137
1679313871114,1679313871139
1679313871254,1679313871280
1679313871311,1679313871339
1679313871368,1679313871393
1679313871394,1679313871441
1679313871409,1679313871501
1679313871515,1679313871543
1679313871451,1679313871596
1679313871467,1679313871624
1679313871635,1679313871640
1679313871728,1679313871785
1679313871799,1679313871813
1679313871660,1679313871815
1679313871819,1679313871869
1679313872083,1679313872151
1679313872083,1679313872203
1679313872186,1679313872225
1679313872333,1679313872354
1679313872286,1679313872398
1679313872378,1679313872414
1679313872428,1679313872438
1679313872430,1679313872456
1679313872421,1679313872460
1679313872329,1679313872476
1679313872464,1679313872479
1679313872431,1679313872515
1679313872475,1679313872527
1679313872542,1679313872548
1679313872533,1679313872554
1679313872438,1679313872555
1679313872590,1679313872629
1679313872605,1679313872673
1679313872677,1679313872812
1679313872862,1679313872872
1679313872890,1679313872910
1679313872847,1679313872939
1679313872886,1679313872940
1679313872947,1679313873017
1679313873088,1679313873115
1679313873203,1679313873242
1679313873084,1679313873334
1679313873323,1679313873350
1679313873489,1679313873567
1679313873618,1679313873645
1679313873657,1679313873671
1679313873755,1679313873762
1679313873775,1679313873787
1679313873838,1679313873846
1679313873818,1679313873846
1679313873803,1679313873847
1679313873858,1679313873864
1679313873868,1679313873889
1679313873966,1679313874012
1679313873978,1679313874029
1679313874005,1679313874030
1679313873947,1679313874055
1679313874090,1679313874113
1679313874141,1679313874169
1679313874121,1679313874181
1679313874156,1679313874185
1679313874380,1679313874432
1679313874541,1679313874558
1679313874557,1679313874584
1679313874591,1679313874643
1679313874659,1679313874814
1679313874825,1679313874834
1679313874853,1679313874857
1679313874842,1679313874865
1679313874861,1679313874874
1679313874897,1679313874916
1679313874928,1679313874949
1679313874917,1679313875002
1679313875068,1679313875074
1679313875137,1679313875214
1679313875216,1679313875259
1679313875251,1679313875270
1679313875273,1679313875352
1679313875378,1679313875463
1679313875553,1679313875561
1679313875512,1679313875585
1679313875535,1679313875640
1679313875629,1679313875641
1679313875717,1679313875722
1679313875765,1679313875800
1679313875801,1679313875821
1679313875826,1679313875907
1679313875935,1679313875952
1679313875993,1679313876008
1679313876016,1679313876051
1679313876059,1679313876071
1679313876138,1679313876209
1679313876197,1679313876310
1679313876303,1679313876326
1679313876427,1679313876498
1679313876442,1679313876504
1679313876529,1679313876532
1679313876537,1679313876546
1679313876477,1679313876593
1679313876544,1679313876600
1679313876532,1679313876603
1679313876618,1679313876622
1679313876546,1679313876642
1679313876551,1679313876656
1679313876705,1679313876783
1679313876814,1679313876835
1679313876835,1679313876857
1679313876883,1679313876904
1679313876905,1679313876926
1679313876882,1679313876953
1679313877015,1679313877044
1679313877091,1679313877101
1679313876905,1679313877106
1679313877126,1679313877135
1679313877150,1679313877183
1679313877176,1679313877199
1679313877395,1679313877433
1679313877449,1679313877529
1679313877580,1679313877585
1679313877569,1679313877635
1679313877623,1679313877645
1679313877672,1679313877734
1679313877927,1679313877981
1679313877962,1679313877996
1679313877969,1679313878042
1679313877959,1679313878049
1679313878045,1679313878076
1679313878048,1679313878158
1679313878158,1679313878181
1679313878074,1679313878189
1679313878181,1679313878202
1679313878210,1679313878215
1679313878248,1679313878280
1679313878309,1679313878423
1679313878530,1679313878539
1679313878509,1679313878551
1679313878578,1679313878594
1679313878582,1679313878602
1679313878598,1679313878608
1679313878670,1679313878673
1679313878681,1679313878684
1679313878591,1679313878713
1679313878750,1679313878800
1679313878760,1679313878800
1679313878798,1679313878805
1679313878756,1679313878815
1679313878764,1679313878839
1679313878827,1679313878873
1679313878908,1679313878941
1679313878932,1679313878961
1679313878966,1679313878975
1679313879158,1679313879199
1679313879297,1679313879340
1679313879353,1679313879370
1679313879429,1679313879458
1679313879475,1679313879489
1679313879520,1679313879547
1679313879701,1679313879741
1679313879690,1679313879751
1679313879680,1679313879757
1679313879725,1679313879772
1679313879720,1679313879775
1679313879765,1679313879786
1679313879800,1679313879804
1679313879826,1679313879846
1679313879919,1679313879943
1679313879890,1679313879957
1679313879900,1679313879958
1679313879985,1679313880037
1679313880135,1679313880169
1679313880211,1679313880223
1679313880395,1679313880411
1679313880402,1679313880454
1679313880528,1679313880570
1679313880607,1679313880624
1679313880588,1679313880626
1679313880585,1679313880640
1679313880620,1679313880650
1679313880744,1679313880748
1679313880787,1679313880811
1679313880822,1679313880832
1679313880824,1679313880875
1679313880814,1679313880880
1679313880877,1679313880881
1679313880933,1679313880957
1679313881109,1679313881115
1679313881122,1679313881162
1679313881173,1679313881222
1679313881304,1679313881384
1679313881384,1679313881429
1679313881437,1679313881470
1679313881434,1679313881521
1679313881538,1679313881572
1679313881587,1679313881615
1679313881666,1679313881670
1679313881659,1679313881716
1679313881845,1679313881860
1679313881929,1679313881954
1679313881869,1679313881957
1679313881941,1679313881962
1679313881932,1679313881994
1679313881950,1679313882025
1679313881996,1679313882083
1679313882010,1679313882118
1679313882113,1679313882121
1679313882107,1679313882128
1679313882151,1679313882188
1679313882213,1679313882273
1679313882395,1679313882440
1679313882435,1679313882462
1679313882576,1679313882585
1679313882573,1679313882589
1679313882595,1679313882612
1679313882695,1679313882713
1679313882865,1679313882873
1679313882851,1679313882895
1679313882889,1679313882909
1679313882884,1679313882923
1679313882880,1679313882944
1679313882989,1679313882995
1679313882997,1679313883002
1679313883109,1679313883152
1679313883181,1679313883185
1679313883237,1679313883265
1679313883254,1679313883321
1679313883347,1679313883385
1679313883477,1679313883504
1679313883514,1679313883524
1679313883710,1679313883718
1679313883754,1679313883800
1679313883822,1679313883828
1679313883903,1679313883920
1679313883818,1679313883979
1679313883987,1679313883990
1679313883841,1679313884023
1679313884068,1679313884092
1679313883985,1679313884152
1679313884222,1679313884226
1679313884191,1679313884226
1679313884176,1679313884274
1679313884265,1679313884282
1679313884308,1679313884320
1679313884336,1679313884389
1679313884345,1679313884389
1679313884351,1679313884432
1679313884509,1679313884535
1679313884579,1679313884654
1679313884448,1679313884697
1679313884702,1679313884757
1679313884753,1679313884788
1679313884843,1679313884847
1679313885153,1679313885156
1679313885196,1679313885221
1679313885224,1679313885260
1679313885240,1679313885342
1679313885364,1679313885414
1679313885409,1679313885431
1679313885425,1679313885532
1679313885491,1679313885548
1679313885540,1679313885587
1679313885571,1679313885587
1679313885613,1679313885750
1679313885715,1679313885795
1679313885757,1679313885821
1679313885827,1679313885835
1679313885817,1679313885861
1679313885776,1679313885866
1679313885855,1679313885875
1679313885874,1679313885887
1679313885926,1679313885933
1679313885938,1679313885961
1679313885976,1679313885984
1679313885948,1679313885988
1679313886032,1679313886055
1679313886198,1679313886240
1679313886259,1679313886279
1679313886341,1679313886486
1679313886625,1679313886629
1679313886910,1679313886931
1679313886969,1679313887015
1679313887087,1679313887093
1679313887047,1679313887099
1679313887034,1679313887101
1679313887104,1679313887109
1679313887024,1679313887131
1679313887123,1679313887157
1679313887185,1679313887190
1679313887353,1679313887378
1679313887357,1679313887407
1679313887363,1679313887428
1679313887427,1679313887453
1679313887475,1679313887487
1679313887412,1679313887499
1679313887523,1679313887569
1679313887634,1679313887645
1679313887682,1679313887701
1679313887641,1679313887703
1679313887752,1679313887838
1679313887948,1679313888019
1679313888037,1679313888049
1679313888120,1679313888157
1679313888157,1679313888162
1679313888338,1679313888368
1679313888320,1679313888368
1679313888498,1679313888531
1679313888525,1679313888544
1679313888570,1679313888579
1679313888573,1679313888582
1679313888665,1679313888675
1679313888815,1679313888832
1679313888874,1679313888916
1679313888912,1679313888925
1679313888875,1679313888928
1679313888936,1679313888978
1679313889007,1679313889024
1679313889116,1679313889156
1679313889154,1679313889245
1679313889324,1679313889349
1679313889288,1679313889369
1679313889465,1679313889524
1679313889527,1679313889539
1679313889567,1679313889575
1679313889636,1679313889640
1679313889719,1679313889738
1679313889757,1679313889816
1679313889836,1679313889842
1679313889769,1679313889915
1679313889933,1679313889983
1679313890012,1679313890027
1679313890038,1679313890080
1679313890069,1679313890090
1679313890134,1679313890154
1679313890134,1679313890198
1679313890309,1679313890357
1679313890352,1679313890379
1679313890355,1679313890386
1679313890409,1679313890413
1679313890249,1679313890417
1679313890402,1679313890430
1679313890445,1679313890467
1679313890597,1679313890654
1679313890768,1679313890773
1679313890697,1679313890782
1679313890776,1679313890802
1679313890824,1679313890880
1679313890895,1679313890902
1679313891075,1679313891090
1679313891179,1679313891189
1679313891257,1679313891267
1679313891252,1679313891276
1679313891314,1679313891355
1679313891404,1679313891421
1679313891427,1679313891449
1679313891457,1679313891468
1679313891430,1679313891487
1679313891530,1679313891536
1679313891392,1679313891610
1679313891642,1679313891658
1679313891621,1679313891723
1679313891809,1679313891814
1679313891808,1679313891819
1679313891803,1679313891820
1679313891791,1679313891844
1679313891819,1679313891855
1679313891834,1679313891865
1679313891800,1679313891865
1679313891808,1679313891919
1679313892078,1679313892082
1679313892092,1679313892128
1679313892033,1679313892173
1679313892174,1679313892190
1679313892153,1679313892290
1679313892406,1679313892416
1679313892418,1679313892456
1679313892527,1679313892610
1679313892609,1679313892648
1679313892669,1679313892673
1679313892705,1679313892720
1679313892744,1679313892750
1679313892778,1679313892792
1679313892757,1679313892797
1679313892817,1679313892833
1679313892816,1679313892834
1679313892849,1679313892873
1679313892904,1679313892916
1679313893099,1679313893140
1679313893147,1679313893150
1679313893188,1679313893208
1679313893253,1679313893272
1679313893143,1679313893278
1679313893308,1679313893330
1679313893321,1679313893372
1679313893417,1679313893438
1679313893391,1679313893514
1679313893551,1679313893580
1679313893567,1679313893594
1679313893602,1679313893606
1679313893666,1679313893678
1679313893809,1679313893888
1679313893870,1679313893915
1679313893897,1679313893918
1679313893892,1679313893925
1679313893888,1679313893948
1679313893881,1679313893950
1679313894049,1679313894060
1679313893996,1679313894116
1679313894005,1679313894151
1679313894173,1679313894180
1679313894214,1679313894261
1679313894303,1679313894313
1679313894282,1679313894327
1679313894350,1679313894356
1679313894423,1679313894496
1679313894468,1679313894503
1679313894386,1679313894514
1679313894598,1679313894643
1679313894739,1679313894745
1679313894738,1679313894787
1679313894739,1679313894791
1679313894759,1679313894812
1679313894764,1679313894857
1679313894778,1679313894887
1679313894889,1679313894896
1679313894932,1679313894936
1679313894966,1679313894973
1679313894969,1679313895019
1679313894989,1679313895036
1679313895073,1679313895126
1679313895086,1679313895192
1679313895227,1679313895263
1679313895343,1679313895419
1679313895394,1679313895463
1679313895466,1679313895480
1679313895599,1679313895610
1679313895471,1679313895661
1679313895697,1679313895707
1679313895763,1679313895828
1679313895852,1679313895865
1679313895882,1679313895906
1679313895925,1679313895932
1679313895942,1679313895950
1679313895917,1679313896053
1679313896025,1679313896072
1679313896105,1679313896109
1679313896065,1679313896113
1679313896083,1679313896116
1679313896134,1679313896228
1679313896188,1679313896243
1679313896358,1679313896365
1679313896384,1679313896398
1679313896383,1679313896405
1679313896398,1679313896441
1679313896304,1679313896532
1679313896489,1679313896568
1679313896574,1679313896583
1679313896586,1679313896595
1679313896711,1679313896747
1679313896737,1679313896775
1679313896608,1679313896794
1679313896789,1679313896846
1679313896825,1679313896879
1679313896895,1679313896926
1679313896885,1679313896941
1679313896957,1679313896969
1679313896998,1679313897060
1679313897235,1679313897270
1679313897260,1679313897383
1679313897207,1679313897396
1679313897413,1679313897448
1679313897505,1679313897516
1679313897395,1679313897581
1679313897619,1679313897637
1679313897646,1679313897662
1679313897659,1679313897678
1679313897710,1679313897736
1679313897710,1679313897747
1679313897858,1679313897878
1679313897862,1679313897906
1679313897991,1679313898037
1679313898110,1679313898141
1679313898154,1679313898167
1679313898224,1679313898231
1679313898230,1679313898249
1679313898255,1679313898282
1679313898264,1679313898311
1679313898252,1679313898334
1679313898458,1679313898470
1679313898582,1679313898594
1679313898609,1679313898645
1679313898745,1679313898790
1679313898894,1679313898923
1679313898862,1679313898931
1679313898945,1679313898950
1679313898945,1679313898965
1679313898957,1679313898972
1679313899013,1679313899024
1679313899003,1679313899077
1679313899076,1679313899143
1679313899142,1679313899178
1679313899298,1679313899315
1679313899289,1679313899348
1679313899392,1679313899450
1679313899435,1679313899451
1679313899517,1679313899613
1679313899700,1679313899720
1679313899664,1679313899820
1679313899901,1679313899912
1679313899905,1679313899923
1679313899917,1679313899939
1679313899920,1679313899954
1679313899931,1679313899961
1679313899914,1679313899991
1679313900089,1679313900098
1679313900026,1679313900112
1679313900094,1679313900131
1679313900346,1679313900352
1679313900398,1679313900464
1679313900445,1679313900485
1679313900461,1679313900573
1679313900573,1679313900580
1679313900663,1679313900666
1679313900642,1679313900667
1679313900614,1679313900736
1679313900671,1679313900737
1679313900953,1679313900968
1679313901238,1679313901254
1679313901352,1679313901382
1679313901382,1679313901450
1679313901341,1679313901471
1679313901377,1679313901472
1679313901528,1679313901535
1679313901527,1679313901535
1679313901560,1679313901586
1679313901591,1679313901610
1679313901603,1679313901618
1679313901744,1679313901796
1679313901729,1679313901832
1679313901832,1679313901946
1679313901887,1679313902039
1679313901967,1679313902060
1679313902017,1679313902070
1679313902045,1679313902088
1679313902135,1679313902147
1679313902154,1679313902173
1679313902194,1679313902200
1679313902047,1679313902304
1679313902391,1679313902496
1679313902637,1679313902654
1679313902871,1679313902900
1679313902933,1679313902939
1679313902943,1679313903147
1679313903156,1679313903161
1679313903176,1679313903207
1679313903107,1679313903225
1679313903195,1679313903233
1679313903236,1679313903305
1679313903221,1679313903324
1679313903171,1679313903333
1679313903328,1679313903351
1679313903247,1679313903418
1679313903383,1679313903437
1679313903438,1679313903443
1679313903594,1679313903614
1679313903643,1679313903756
1679313903764,1679313903778
1679313904069,1679313904093
1679313904088,1679313904134
1679313904141,1679313904182
1679313904183,1679313904208
1679313904207,1679313904229
1679313904306,1679313904325
1679313904481,1679313904484
1679313904542,1679313904562
1679313904587,1679313904605
1679313904693,1679313904722
1679313904723,1679313904735
1679313904577,1679313904756
1679313904795,1679313904799
1679313905122,1679313905138
1679313905143,1679313905198
1679313905168,1679313905204
1679313905089,1679313905208
1679313905195,1679313905261
1679313905266,1679313905282
1679313905315,1679313905324
1679313905400,1679313905420
1679313905171,1679313905482
1679313905557,1679313905615
1679313905609,1679313905629
1679313905659,1679313905723
1679313905702,1679313905760
1679313905781,1679313905822
1679313905821,1679313905911
1679313905850,1679313905937
1679313905967,1679313905982
1679313906027,1679313906047
1679313906103,1679313906112
1679313906104,1679313906127
1679313906170,1679313906180
1679313906269,1679313906286
1679313906213,1679313906293
1679313906441,1679313906461
1679313906375,1679313906487
1679313906577,1679313906594
1679313906594,1679313906614
1679313906636,1679313906641
1679313906526,1679313906684
1679313906679,1679313906718
1679313906976,1679313907007
1679313907002,1679313907024
1679313907021,1679313907024
1679313907200,1679313907265
1679313907200,1679313907280
1679313907329,1679313907341
1679313907361,1679313907369
1679313907329,1679313907387
1679313907458,1679313907466
1679313907470,1679313907485
1679313907472,1679313907496
1679313907611,1679313907655
1679313907643,1679313907687
1679313907746,1679313907819
1679313907834,1679313907852
1679313907849,1679313907928
1679313908077,1679313908116
1679313908101,1679313908142
1679313908231,1679313908249
1679313908381,1679313908405
1679313908381,1679313908405
1679313908371,1679313908443
1679313908626,1679313908632
1679313908702,1679313908748
1679313908618,1679313908759
1679313908891,1679313908945
1679313908867,1679313908979
1679313908973,1679313909041
1679313909042,1679313909047
1679313908873,1679313909088
1679313909134,1679313909174
1679313909176,1679313909188
1679313909179,1679313909193
1679313909187,1679313909230
1679313909197,1679313909231
1679313909186,1679313909246
1679313909197,1679313909247
1679313909186,1679313909250
1679313909417,1679313909452
1679313909530,1679313909540
1679313909511,1679313909542
1679313909614,1679313909676
1679313909611,1679313909688
1679313909684,1679313909694
1679313909778,1679313909783
1679313909792,1679313909869
1679313909847,1679313909919
1679313910174,1679313910233
1679313910286,1679313910289
1679313910282,1679313910335
1679313910317,1679313910341
1679313910431,1679313910436
1679313910461,1679313910474
1679313910485,1679313910533
1679313910530,1679313910535
1679313910539,1679313910564
1679313910669,1679313910688
1679313910682,1679313910709
1679313910663,1679313910713
1679313910734,1679313910744
1679313910671,1679313910747
1679313910663,1679313910761
1679313910806,1679313910901
1679313910856,1679313910948
1679313910914,1679313910969
1679313911012,1679313911031
1679313911088,1679313911119
1679313911225,1679313911230
1679313911231,1679313911243
1679313911233,1679313911273
1679313911294,1679313911305
1679313911229,1679313911344
1679313911366,1679313911370
1679313911363,1679313911435
1679313911442,1679313911464
1679313911524,1679313911549
1679313911730,1679313911749
1679313911749,1679313911781
1679313911797,1679313911811
1679313911824,1679313911870
1679313911913,1679313911942
1679313911891,1679313912050
1679313912156,1679313912198
1679313912150,1679313912209
1679313912216,1679313912222
1679313912269,1679313912274
1679313912292,1679313912306
1679313912385,1679313912433
1679313912558,1679313912567
1679313912563,1679313912588
1679313912560,1679313912637
1679313912621,1679313912659
1679313912689,1679313912779
1679313912823,1679313912902
1679313912820,1679313912953
1679313913060,1679313913070
1679313913056,1679313913114
1679313913129,1679313913148
1679313913123,1679313913310
1679313913355,1679313913361
1679313913455,1679313913481
1679313913507,1679313913528
1679313913660,1679313913672
1679313913677,1679313913713
1679313913494,1679313913767
1679313913692,1679313913789
1679313913832,1679313913846
1679313913828,1679313913854
1679313913816,1679313913861
1679313913854,1679313913891
1679313913942,1679313913950
1679313914108,1679313914124
1679313914294,1679313914322
1679313914367,1679313914402
1679313914397,1679313914419
1679313914443,1679313914450
1679313914426,1679313914605
1679313914683,1679313914701
1679313914691,1679313914743
1679313914831,1679313914867
1679313914866,1679313914878
1679313914893,1679313914917
1679313914925,1679313914965
1679313914908,1679313914967
1679313914916,1679313914979
1679313914845,1679313914986
1679313914971,1679313915012
1679313915153,1679313915170
1679313915081,1679313915182
1679313915225,1679313915279
1679313915339,1679313915361
1679313915344,1679313915371
1679313915332,1679313915387
1679313915458,1679313915467
1679313915606,1679313915698
1679313915580,1679313915702
1679313915634,1679313915702
1679313915978,1679313916032
1679313916025,1679313916040
1679313916085,1679313916150
1679313916129,1679313916203
1679313916201,1679313916233
1679313916270,1679313916275
1679313916249,1679313916293
1679313916354,1679313916360
1679313916230,1679313916370
1679313916321,1679313916412
1679313916459,1679313916470
1679313916470,1679313916484
1679313916454,1679313916484
1679313916829,1679313916872
1679313916782,1679313916941
1679313916884,1679313917016
1679313917033,1679313917059
1679313917081,1679313917098
1679313917123,1679313917152
1679313917204,1679313917226
1679313917301,1679313917325
1679313917340,1679313917377
1679313917391,1679313917425
1679313917477,1679313917604
1679313917577,1679313917609
1679313917592,1679313917652
1679313917668,1679313917762
1679313917736,1679313917806
1679313917728,1679313917835
1679313917924,1679313917935
1679313918023,1679313918034
1679313918064,1679313918110
1679313918160,1679313918201
1679313918308,1679313918325
1679313918409,1679313918460
1679313918465,1679313918474
1679313918403,1679313918495
1679313918409,1679313918651
1679313918585,1679313918667
1679313918763,1679313918827
1679313918804,1679313918830
1679313918801,1679313918895
1679313918951,1679313918963
1679313919052,1679313919117
1679313919176,1679313919230
1679313919242,1679313919290
1679313919415,1679313919420
1679313919403,1679313919499
1679313919546,1679313919577
1679313919583,1679313919636
1679313919750,1679313919756
1679313919755,1679313919761
1679313919754,1679313919790
1679313919925,1679313919954
1679313919939,1679313919954
1679313919963,1679313919965
1679313920113,1679313920120
1679313920195,1679313920230
1679313920216,1679313920257
1679313920543,1679313920598
1679313920679,1679313920691
1679313920740,1679313920776
1679313920783,1679313920788
1679313920745,1679313920798
1679313920868,1679313920915
1679313920909,1679313921048
1679313921038,1679313921048
1679313921023,1679313921067
1679313921090,1679313921126
1679313921215,1679313921241
1679313921456,1679313921475
1679313921396,1679313921489
1679313921484,1679313921507
1679313921465,1679313921526
1679313921469,1679313921527
1679313921619,1679313921641
1679313921681,1679313921697
1679313921752,1679313921777
1679313921803,1679313921838
1679313921856,1679313921882
1679313921909,1679313921920
1679313921830,1679313921957
1679313922075,1679313922088
1679313922046,1679313922138
1679313922151,1679313922174
1679313922364,1679313922369
1679313922282,1679313922387
1679313922626,1679313922689
1679313922701,1679313922725
1679313922771,1679313922809
1679313922708,1679313922840
1679313922908,1679313922912
1679313922990,1679313923001
1679313923002,1679313923014
1679313922939,1679313923041
1679313923042,1679313923045
1679313923259,1679313923308
1679313923211,1679313923309
1679313923306,1679313923314
1679313923358,1679313923412
1679313923411,1679313923454
1679313923463,1679313923489
1679313923504,1679313923513
1679313923540,1679313923551
1679313923512,1679313923683
1679313923713,1679313923719
1679313923614,1679313923750
1679313923857,1679313923861
1679313923945,1679313923976
1679313924030,1679313924066
1679313924080,1679313924102
1679313924030,1679313924116
1679313924269,1679313924285
1679313924298,1679313924319
1679313924330,1679313924386
1679313924419,1679313924451
1679313924439,1679313924580
1679313924687,1679313924696
1679313924662,1679313924730
1679313924653,1679313924738
1679313924804,1679313924812
1679313924884,1679313924887
1679313924821,1679313924887
1679313924893,1679313924902
1679313924901,1679313924926
1679313924890,1679313924939
1679313924940,1679313924964
1679313925051,1679313925059
1679313925203,1679313925213
1679313925247,1679313925260
1679313925253,1679313925306
1679313925423,1679313925428
1679313925481,1679313925593
1679313925584,1679313925704
1679313925738,1679313925744
1679313925583,1679313925784
1679313925902,1679313925911
1679313925877,1679313925991
1679313925958,1679313926027
1679313926133,1679313926164
1679313926190,1679313926236
1679313926287,1679313926290
1679313926332,1679313926404
1679313926299,1679313926407
1679313926434,1679313926440
1679313926493,1679313926500
1679313926410,1679313926510
1679313926527,1679313926539
1679313926608,1679313926636
1679313926791,1679313926822
1679313926872,1679313926946
1679313926945,1679313926959
1679313927225,1679313927229
1679313927225,1679313927241
1679313927234,1679313927258
1679313927322,1679313927328
1679313927296,1679313927403
1679313927256,1679313927445
1679313927481,1679313927504
1679313927553,1679313927556
1679313927561,1679313927578
1679313927559,1679313927635
1679313927659,1679313927674
1679313927747,1679313927832
1679313927842,1679313927851
1679313927807,1679313927880
1679313927928,1679313927955
1679313927950,1679313927962
1679313928046,1679313928141
1679313928121,1679313928210
1679313928148,1679313928214
1679313928228,1679313928272
1679313928309,1679313928360
1679313928383,1679313928403
1679313928502,1679313928612
1679313928581,1679313928655
1679313928683,1679313928779
1679313928834,1679313928837
1679313928829,1679313928855
1679313928725,1679313928856
1679313928976,1679313928998
1679313928974,1679313929009
1679313929091,1679313929131
1679313929140,1679313929182
1679313929127,1679313929191
1679313929189,1679313929206
1679313929528,1679313929533
1679313929643,1679313929684
1679313929723,1679313929761
1679313929749,1679313929768
1679313929697,1679313929784
1679313929821,1679313929850
1679313929659,1679313929855
1679313929839,1679313929944
1679313929896,1679313929981
1679313929835,1679313930017
1679313930125,1679313930134
1679313930035,1679313930163
1679313930192,1679313930201
1679313930600,1679313930614
1679313930584,1679313930628
1679313930518,1679313930641
1679313930655,1679313930686
1679313930725,1679313930742
1679313930819,1679313930826
1679313930826,1679313930867
1679313930826,1679313930873
1679313930827,1679313930897
1679313930789,1679313930958
1679313931173,1679313931246
1679313931481,1679313931560
1679313931555,1679313931573
1679313931615,1679313931634
1679313931639,1679313931649
1679313931621,1679313931651
1679313931620,1679313931667
1679313931670,1679313931690
1679313931690,1679313931697
1679313931611,1679313931722
1679313931815,1679313931829
1679313931970,1679313932033
1679313932045,1679313932058
1679313931937,1679313932067
1679313932073,1679313932079
1679313932004,1679313932118
1679313932101,1679313932137
1679313932293,1679313932313
1679313932419,1679313932440
1679313932409,1679313932457
1679313932654,1679313932661
1679313932638,1679313932674
1679313932630,1679313932683
1679313932737,1679313932748
1679313932806,1679313932844
1679313932846,1679313932865
1679313932954,1679313933009
1679313933054,1679313933070
1679313933019,1679313933085
1679313933155,1679313933162
1679313933157,1679313933195
1679313933186,1679313933225
1679313933319,1679313933410
1679313933362,1679313933463
1679313933729,1679313933739
1679313933649,1679313933767
1679313933578,1679313933817
1679313933848,1679313933855
1679313933982,1679313933987
1679313934003,1679313934071
1679313933977,1679313934081
1679313934173,1679313934197
1679313934180,1679313934228
1679313934377,1679313934392
1679313934388,1679313934425
1679313934433,1679313934438
1679313934488,1679313934503
1679313934449,1679313934520
1679313934677,1679313934695
1679313934692,1679313934708
1679313934734,1679313934764
1679313934855,1679313934870
1679313935020,1679313935045
1679313935019,1679313935074
1679313935046,1679313935084
1679313935229,1679313935259
1679313935222,1679313935267
1679313935278,1679313935301
1679313935380,1679313935426
1679313935551,1679313935628
1679313935704,1679313935768
1679313935813,1679313935829
1679313935731,1679313935849
1679313935803,1679313935850
1679313935947,1679313935985
1679313935954,1679313935992
1679313935943,1679313936001
1679313936003,1679313936042
1679313936105,1679313936119
1679313936119,1679313936130
1679313936196,1679313936235
1679313936388,1679313936405
1679313936486,1679313936527
1679313936595,1679313936599
1679313936711,1679313936751
1679313936728,1679313936782
1679313936774,1679313936791
1679313936782,1679313936892
1679313936897,1679313936902
1679313936837,1679313936919
1679313937024,1679313937032
1679313937139,1679313937191
1679313937161,1679313937260
1679313937417,1679313937421
1679313937397,1679313937448
1679313937414,1679313937465
1679313937477,1679313937571
1679313937578,1679313937593
1679313937614,1679313937658
1679313937679,1679313937702
1679313937732,1679313937795
1679313937628,1679313937842
1679313937709,1679313937843
1679313937770,1679313937857
1679313937728,1679313937861
1679313937893,1679313937900
1679313937948,1679313937957
1679313937961,1679313937964
1679313938042,1679313938125
1679313938345,1679313938359
1679313938233,1679313938364
1679313938424,1679313938442
1679313938613,1679313938622
1679313938632,1679313938650
1679313938521,1679313938657
1679313938603,1679313938660
1679313938894,1679313938918
1679313938838,1679313938987
1679313938997,1679313939015
1679313938997,1679313939049
1679313939096,1679313939246
1679313939278,1679313939295
1679313939282,1679313939306
1679313939102,1679313939330
1679313939359,1679313939377
1679313939379,1679313939389
1679313939253,1679313939470
1679313939492,1679313939589
1679313939607,1679313939637
1679313939736,1679313939747
1679313939736,1679313939783
1679313939811,1679313939860
1679313939974,1679313939990
1679313940009,1679313940094
1679313940064,1679313940095
1679313940193,1679313940282
1679313940361,1679313940363
1679313940359,1679313940368
1679313940345,1679313940381
1679313940391,1679313940413
1679313940450,1679313940458
1679313940581,1679313940672
1679313940759,1679313940766
1679313940748,1679313940796
1679313940728,1679313940801
1679313940855,1679313940866
1679313940849,1679313940896
1679313940900,1679313940941
1679313940883,1679313940968
1679313941105,1679313941177
1679313941155,1679313941198
1679313941175,1679313941235
1679313941289,1679313941340
1679313941373,1679313941400
1679313941376,1679313941421
1679313941453,1679313941487
1679313941653,1679313941661
1679313941620,1679313941686
1679313941728,1679313941840
1679313941834,1679313941856
1679313941887,1679313941910
1679313941770,1679313942013
1679313941925,1679313942019
1679313942036,1679313942039
1679313942246,1679313942252
1679313942278,1679313942348
1679313942360,1679313942377
1679313942353,1679313942408
1679313942406,1679313942411
1679313942387,1679313942424
1679313942472,1679313942524
1679313942544,1679313942559
1679313942799,1679313942875
1679313942901,1679313942929
1679313942921,1679313942934
1679313942974,1679313943024
1679313943054,1679313943064
1679313943109,1679313943122
1679313943053,1679313943133
1679313943119,1679313943171
1679313943150,1679313943209
1679313943262,1679313943307
1679313943317,1679313943336
1679313943411,1679313943495
1679313943537,1679313943542
1679313943617,1679313943634
1679313943631,1679313943831
1679313943797,1679313943869
1679313943911,1679313943938
1679313943924,1679313943987
1679313943945,1679313943999
1679313944048,1679313944095
1679313944120,1679313944144
1679313944194,1679313944228
1679313944217,1679313944378
1679313944331,1679313944408
1679313944452,1679313944456
1679313944433,1679313944463
1679313944339,1679313944522
1679313944542,1679313944733
1679313944773,1679313944778
1679313944740,1679313944797
1679313944875,1679313944887
1679313944831,1679313944932
1679313944892,1679313944950
1679313944919,1679313944974
1679313945052,1679313945060
1679313945121,1679313945250
1679313945188,1679313945261
1679313945244,1679313945299
1679313945343,1679313945352
1679313945421,1679313945427
1679313945427,1679313945431
1679313945522,1679313945536
1679313945558,1679313945596
1679313945485,1679313945610
1679313945636,1679313945690
1679313945712,1679313945729
1679313945725,1679313945743
1679313945717,1679313945803
1679313946001,1679313946079
1679313946282,1679313946305
1679313946324,1679313946339
1679313946490,1679313946500
1679313946565,1679313946572
1679313946544,1679313946590
1679313946564,1679313946633
1679313946621,1679313946655
1679313946706,1679313946740
1679313946525,1679313946745
1679313946769,1679313946798
1679313946829,1679313946878
1679313947065,1679313947088
1679313947107,1679313947123
1679313946935,1679313947137
1679313947310,1679313947313
1679313947306,1679313947368
1679313947419,1679313947433
1679313947411,1679313947479
1679313947668,1679313947687
1679313947653,1679313947707
1679313947661,1679313947712
1679313947765,1679313947802
1679313947806,1679313947832
1679313947806,1679313947843
1679313947842,1679313947882
1679313947955,1679313947978
1679313947949,1679313948002
1679313948003,1679313948067
1679313947991,1679313948082
1679313948147,1679313948227
1679313948246,1679313948295
1679313948258,1679313948303
1679313948312,1679313948399
1679313948345,1679313948426
1679313948431,1679313948437
1679313948487,1679313948513
1679313948661,1679313948753
1679313948723,1679313948788
1679313948726,1679313948811
1679313948892,1679313948925
1679313948887,1679313948978
1679313949263,1679313949272
1679313949286,1679313949367
1679313949207,1679313949368
1679313949221,1679313949420
1679313949402,1679313949449
1679313949318,1679313949525
1679313949376,1679313949601
1679313949618,1679313949630
1679313949693,1679313949712
1679313949721,1679313949737
1679313949679,1679313949822
1679313949891,1679313949914
1679313949873,1679313949932
1679313949896,1679313949950
1679313950095,1679313950099
1679313950102,1679313950112
1679313950075,1679313950113
1679313950217,1679313950228
1679313950371,1679313950381
1679313950382,1679313950450
1679313950377,1679313950485
1679313950473,1679313950492
1679313950489,1679313950666
1679313950614,1679313950689
1679313950712,1679313950807
1679313950948,1679313950954
1679313950930,1679313950988
1679313951112,1679313951130
1679313950914,1679313951145
1679313951050,1679313951158
1679313951257,1679313951264
1679313951338,1679313951366
1679313951213,1679313951368
1679313951326,1679313951389
1679313951429,1679313951441
1679313951546,1679313951567
1679313951806,1679313951830
1679313951901,1679313951923
1679313951911,1679313951930
1679313951944,1679313951974
1679313951975,1679313951991
1679313952061,1679313952081
1679313952111,1679313952130
1679313952146,1679313952178
1679313952196,1679313952255
1679313952228,1679313952289
1679313952304,1679313952313
1679313952355,1679313952369
1679313952570,1679313952588
1679313952485,1679313952619
1679313952641,1679313952676
1679313952725,1679313952737
1679313952803,1679313952890
1679313953006,1679313953026
1679313953070,1679313953131
1679313953121,1679313953166
1679313953121,1679313953181
1679313953158,1679313953185
1679313953262,1679313953277
1679313953349,1679313953373
1679313953513,1679313953547
1679313953619,1679313953638
1679313953611,1679313953673
1679313953681,1679313953685
1679313953639,1679313953697
1679313953457,1679313953754
1679313953733,1679313953778
1679313953862,1679313953881
1679313953935,1679313954045
1679313953883,1679313954086
1679313954080,1679313954178
1679313954218,1679313954354
1679313954393,1679313954430
1679313954491,1679313954526
1679313954586,1679313954639
1679313954690,1679313954766
1679313954680,1679313954792
1679313954700,1679313954799
1679313954808,1679313954868
1679313954861,1679313954954
1679313954832,1679313954961
1679313954923,1679313955023
1679313955047,1679313955068
1679313955088,1679313955127
1679313955235,1679313955256
1679313955242,1679313955279
1679313955254,1679313955279
1679313955255,1679313955314
1679313955300,1679313955335
1679313955397,1679313955442
1679313955487,1679313955531
1679313955684,1679313955711
1679313955786,1679313955850
1679313955823,1679313955910
1679313955889,1679313955921
1679313955897,1679313955929
1679313955975,1679313956052
1679313956057,1679313956133
1679313956137,1679313956171
1679313956133,1679313956186
1679313956328,1679313956342
1679313956304,1679313956397
1679313956495,1679313956526
1679313956532,1679313956544
1679313956427,1679313956703
1679313956924,1679313957004
1679313956879,1679313957013
1679313957046,1679313957069
1679313957074,1679313957081
1679313957095,1679313957108
1679313957133,1679313957164
1679313957152,1679313957175
1679313957174,1679313957193
1679313957177,1679313957232
1679313957102,1679313957244
1679313957163,1679313957262
1679313957284,1679313957294
1679313957313,1679313957346
1679313957467,1679313957599
1679313957593,1679313957626
1679313957882,1679313957886
1679313957879,1679313957891
1679313957920,1679313957934
1679313957927,1679313957936
1679313957975,1679313958065
1679313958025,1679313958090
1679313958146,1679313958174
1679313958196,1679313958267
1679313958303,1679313958317
1679313958305,1679313958322
1679313958292,1679313958338
1679313958437,1679313958489
1679313958561,1679313958592
1679313958569,1679313958631
1679313958738,1679313958751
1679313958769,1679313958773
1679313958855,1679313958870
1679313958906,1679313958919
1679313958898,1679313958936
1679313959005,1679313959038
1679313959033,1679313959048
1679313959071,1679313959078
1679313959070,1679313959129
1679313959200,1679313959279
1679313959294,1679313959308
1679313959305,1679313959366
1679313959414,1679313959466
1679313959620,1679313959636
1679313959621,1679313959686
1679313959748,1679313959759
1679313959871,1679313959879
1679313959913,1679313959950
1679313959955,1679313959964
1679313959973,1679313960012
1679313960139,1679313960214
1679313960190,1679313960215
1679313960126,1679313960221
1679313960250,1679313960277
1679313960349,1679313960360
1679313960393,1679313960419
1679313960533,1679313960538
1679313960658,1679313960666
1679313960810,1679313960849
1679313960836,1679313960940
1679313961079,1679313961099
1679313961118,1679313961128
1679313961168,1679313961186
1679313961230,1679313961244
1679313961238,1679313961253
1679313961266,1679313961275
1679313961274,1679313961313
1679313961349,1679313961360
1679313961432,1679313961456
1679313961488,1679313961499
1679313961531,1679313961657
1679313961672,1679313961694
1679313961733,1679313961755
1679313961773,1679313961864
1679313961933,1679313961978
1679313962015,1679313962024
1679313962006,1679313962026
1679313961941,1679313962028
1679313962451,1679313962457
1679313962452,1679313962460
1679313962449,1679313962472
1679313962403,1679313962492
1679313962620,1679313962634
1679313962603,1679313962690
1679313962748,1679313962772
1679313962849,1679313962859
1679313962852,1679313962898
1679313962881,1679313962929
1679313962991,1679313963001
1679313962927,1679313963005
1679313962806,1679313963016
1679313962987,1679313963021
1679313963293,1679313963343
1679313963397,1679313963438
1679313963426,1679313963451
1679313963426,1679313963453
1679313963376,1679313963538
1679313963538,1679313963560
1679313963779,1679313963794
1679313963750,1679313963820
1679313963621,1679313963855
1679313963798,1679313963878
1679313963956,1679313963984
1679313964161,1679313964217
1679313964241,1679313964286
1679313964184,1679313964303
1679313964397,1679313964446
1679313964509,1679313964519
1679313964483,1679313964525
1679313964516,1679313964554
1679313964536,1679313964554
1679313964547,1679313964612
1679313964589,1679313964619
1679313964629,1679313964681
1679313964569,1679313964724
1679313964756,1679313964805
1679313964886,1679313964901
1679313964928,1679313965026
1679313965078,1679313965105
1679313965213,1679313965242
1679313965149,1679313965248
1679313965236,1679313965322
1679313965352,1679313965432
1679313965349,1679313965459
1679313965626,1679313965646
1679313965565,1679313965650
1679313965657,1679313965689
1679313965682,1679313965691
1679313965661,1679313965699
1679313965813,1679313965832
1679313965756,1679313965954
1679313965974,1679313965986
1679313965962,1679313965996
1679313965998,1679313966012
1679313966051,1679313966115
1679313966047,1679313966125
1679313966093,1679313966155
1679313966116,1679313966165
1679313966244,1679313966303
1679313966425,1679313966534
1679313966642,1679313966802
1679313966799,1679313966813
1679313966774,1679313966836
1679313966932,1679313966972
1679313966998,1679313967015
1679313967022,1679313967171
1679313967120,1679313967258
1679313967249,1679313967302
1679313967343,1679313967356
1679313967298,1679313967380
1679313967354,1679313967380
1679313967364,1679313967415
1679313967285,1679313967475
1679313967499,1679313967539
1679313967601,1679313967613
1679313967632,1679313967663
1679313967681,1679313967756
1679313967709,1679313967773
1679313967843,1679313967949
1679313967949,1679313967984
1679313968046,1679313968107
1679313968190,1679313968277
1679313968305,1679313968310
1679313968324,1679313968352
1679313968316,1679313968447
1679313968651,1679313968664
1679313968691,1679313968761
1679313968774,1679313968787
1679313968780,1679313968803
1679313968834,1679313968971
1679313969019,1679313969029
1679313969048,1679313969085
1679313969027,1679313969103
1679313969084,1679313969110
1679313969089,1679313969188
1679313969165,1679313969200
1679313969211,1679313969221
1679313969130,1679313969246
1679313969233,1679313969266
1679313969344,1679313969362
1679313969278,1679313969380
1679313969413,1679313969439
1679313969404,1679313969492
1679313969479,1679313969499
1679313969388,1679313969602
1679313969519,1679313969747
1679313969826,1679313969878
1679313970191,1679313970197
1679313970195,1679313970201
1679313970212,1679313970286
1679313970364,1679313970410
1679313970383,1679313970432
1679313970410,1679313970434
1679313970552,1679313970556
1679313970518,1679313970564
1679313970598,1679313970656
1679313970603,1679313970669
1679313970802,1679313970830
1679313970668,1679313970848
1679313970817,1679313970874
1679313970866,1679313970875
1679313970846,1679313970938
1679313970929,1679313970943
1679313970851,1679313970974
1679313970958,1679313970997
1679313971097,1679313971148
1679313971099,1679313971201
1679313971508,1679313971536
1679313971648,1679313971654
1679313971589,1679313971661
1679313971729,1679313971749
1679313971794,1679313971853
1679313971820,1679313971857
1679313971876,1679313971891
1679313971934,1679313972088
1679313972115,1679313972128
1679313972111,1679313972133
1679313972120,1679313972140
1679313972201,1679313972251
1679313972209,1679313972264
1679313972286,1679313972349
1679313972370,1679313972375
1679313972385,1679313972408
1679313972671,1679313972688
1679313972650,1679313972731
1679313972831,1679313972839
1679313972855,1679313972864
1679313972937,1679313972990
1679313972893,1679313973011
1679313973048,1679313973109
1679313973141,1679313973202
1679313973202,1679313973229
1679313973260,1679313973305
1679313973274,1679313973310
1679313973309,1679313973349
1679313973586,1679313973705
1679313973757,1679313973811
1679313973847,1679313973890
1679313973921,1679313973934
1679313973979,1679313974065
1679313974090,1679313974105
1679313974001,1679313974165
1679313974204,1679313974210
1679313974223,1679313974239
1679313974180,1679313974261
1679313974217,1679313974266
1679313974153,1679313974300
1679313974593,1679313974617
1679313974604,1679313974627
1679313974663,1679313974693
1679313974597,1679313974695
1679313974614,1679313974734
1679313974756,1679313974765
1679313974681,1679313974767
1679313974953,1679313974958
1679313975053,1679313975061
1679313975000,1679313975068
1679313975171,1679313975179
1679313975257,1679313975265
1679313975292,1679313975309
1679313975280,1679313975310
1679313975474,1679313975555
1679313975595,1679313975670
1679313975684,1679313975762
1679313975773,1679313975788
1679313975697,1679313975792
1679313975794,1679313975807
1679313975766,1679313975823
1679313975847,1679313975890
1679313975915,1679313975939
1679313975951,1679313976008
1679313976020,1679313976036
1679313976072,1679313976112
1679313976073,1679313976141
1679313976492,1679313976639
1679313976614,1679313976723
1679313976689,1679313976771
1679313976752,1679313976804
1679313976813,1679313976840
1679313977087,1679313977106
1679313977136,1679313977140
1679313977156,1679313977166
1679313977127,1679313977173
1679313977187,1679313977193
1679313977179,1679313977203
1679313977229,1679313977246
1679313977210,1679313977311
1679313977430,1679313977436
1679313977441,1679313977489
1679313977551,1679313977557
1679313977571,1679313977576
1679313977639,1679313977651
1679313977761,1679313977796
1679313977782,1679313977797
1679313977830,1679313977879
1679313977896,1679313977940
1679313978008,1679313978063
1679313978248,1679313978282
1679313978342,1679313978391
1679313978310,1679313978444
1679313978505,1679313978519
1679313978496,1679313978547
1679313978547,1679313978610
1679313978744,1679313978747
1679313978743,1679313978781
1679313978772,1679313978815
1679313978812,1679313978819
1679313978713,1679313978820
1679313978923,1679313978944
1679313978946,1679313978960
1679313978934,1679313979010
1679313978974,1679313979021
1679313979141,1679313979199
1679313979185,1679313979215
1679313979304,1679313979440
1679313979582,1679313979599
1679313979565,1679313979688
1679313979693,1679313979856
1679313979986,1679313979993
1679313980080,1679313980086
1679313980045,1679313980108
1679313980186,1679313980231
1679313980158,1679313980249
1679313980244,1679313980288
1679313980238,1679313980313
1679313980251,1679313980369
1679313980234,1679313980397
1679313980494,1679313980512
1679313980467,1679313980521
1679313980421,1679313980552
1679313980537,1679313980552
1679313980629,1679313980648
1679313980791,1679313980799
1679313980938,1679313980957
1679313980953,1679313980961
1679313980878,1679313981183
1679313981180,1679313981218
1679313981210,1679313981260
1679313981246,1679313981267
1679313981303,1679313981353
1679313981438,1679313981471
1679313981296,1679313981482
1679313981631,1679313981634
1679313981641,1679313981667
1679313981777,1679313981783
1679313981922,1679313981974
1679313982080,1679313982142
1679313982208,1679313982215
1679313982270,1679313982288
1679313982281,1679313982301
1679313982195,1679313982319
1679313982475,1679313982503
1679313982486,1679313982514
1679313982473,1679313982610
1679313982632,1679313982700
1679313982776,1679313982790
1679313982769,1679313982791
1679313982829,1679313982845
1679313982815,1679313982856
1679313982867,1679313982880
1679313982881,1679313982911
1679313982937,1679313983022
1679313983094,1679313983111
1679313983316,1679313983337
1679313983367,1679313983385
1679313983318,1679313983393
1679313983408,1679313983435
1679313983429,1679313983445
1679313983449,1679313983485
1679313983487,1679313983499
1679313983658,1679313983682
1679313983673,1679313983690
1679313983791,1679313983797
1679313983923,1679313983983
1679313983946,1679313984013
1679313983960,1679313984028
1679313984059,1679313984108
1679313984107,1679313984146
1679313984126,1679313984154
1679313984137,1679313984224
1679313984349,1679313984371
1679313984493,1679313984510
1679313984733,1679313984752
1679313984728,1679313984769
1679313984769,1679313984794
1679313984842,1679313984896
1679313984884,1679313984915
1679313984906,1679313984928
1679313984988,1679313985007
1679313985022,1679313985035
1679313985148,1679313985155
1679313985150,1679313985181
1679313985304,1679313985330
1679313985309,1679313985337
1679313985288,1679313985417
1679313985598,1679313985620
1679313985578,1679313985708
1679313985653,1679313985734
1679313985767,1679313985773
1679313985772,1679313985797
1679313985781,1679313985803
1679313985410,1679313985832
1679313985960,1679313986010
1679313985967,1679313986025
1679313986128,1679313986163
1679313986136,1679313986180
1679313986096,1679313986182
1679313986140,1679313986200
1679313986184,1679313986222
1679313986234,1679313986320
1679313986386,1679313986415
1679313986409,1679313986508
1679313986488,1679313986535
1679313986601,1679313986628
1679313986767,1679313986782
1679313987022,1679313987083
1679313987109,1679313987177
1679313987163,1679313987222
1679313987194,1679313987247
1679313987104,1679313987298
1679313987322,1679313987365
1679313987363,1679313987371
1679313987368,1679313987382
1679313987355,1679313987454
1679313987329,1679313987462
1679313987375,1679313987467
1679313987335,1679313987472
1679313987515,1679313987557
1679313987580,1679313987591
1679313987681,1679313987695
1679313987804,1679313987832
1679313987945,1679313987973
1679313987948,1679313987982
1679313988019,1679313988109
1679313988249,1679313988265
1679313988308,1679313988325
1679313988285,1679313988345
1679313988203,1679313988348
1679313988275,1679313988370
1679313988462,1679313988554
1679313988554,1679313988588
1679313988644,1679313988664
1679313988638,1679313988667
1679313988644,1679313988719
1679313988782,1679313988808
1679313988874,1679313988921
1679313988921,1679313988935
1679313988909,1679313988939
1679313988978,1679313989067
1679313989149,1679313989158
1679313989064,1679313989167
1679313989276,1679313989286
1679313989416,1679313989439
1679313989564,1679313989586
1679313989568,1679313989604
1679313989716,1679313989753
1679313989690,1679313989844
1679313989837,1679313989883
1679313989870,1679313989888
1679313989960,1679313989989
1679313989896,1679313990021
1679313990001,1679313990021
1679313990004,1679313990048
1679313990034,1679313990089
1679313990227,1679313990250
1679313990275,1679313990283
1679313990407,1679313990415
1679313990305,1679313990442
1679313990658,1679313990693
1679313990829,1679313990883
1679313990844,1679313990884
1679313990888,1679313990906
1679313990947,1679313990965
1679313990897,1679313990986
1679313990941,1679313991040
1679313991020,1679313991050
1679313991100,1679313991105
1679313990992,1679313991144
1679313991190,1679313991199
1679313991203,1679313991214
1679313991358,1679313991378
1679313991394,1679313991434
1679313991446,1679313991453
1679313991451,1679313991499
1679313991597,1679313991603
1679313991828,1679313991835
1679313991886,1679313991921
1679313991763,1679313991945
1679313991947,1679313991979
1679313992109,1679313992241
1679313992487,1679313992519
1679313992434,1679313992532
1679313992527,1679313992575
1679313992427,1679313992603
1679313992599,1679313992620
1679313992626,1679313992674
1679313992669,1679313992687
1679313992605,1679313992690
1679313992598,1679313992695
1679313992793,1679313992831
1679313992693,1679313992835
1679313992864,1679313993000
1679313993049,1679313993065
1679313993264,1679313993346
1679313993337,1679313993360
1679313993360,1679313993400
1679313993383,1679313993403
1679313993352,1679313993462
1679313993439,1679313993485
1679313993444,1679313993551
1679313993510,1679313993601
1679313993552,1679313993638
1679313993748,1679313993753
1679313993832,1679313993847
1679313993761,1679313993878
1679313993888,1679313993933
1679313993835,1679313993957
1679313993920,1679313993986
1679313993995,1679313994007
1679313994021,1679313994099
1679313994134,1679313994183
1679313994181,1679313994218
1679313994418,1679313994422
1679313994530,1679313994623
1679313994643,1679313994703
1679313994671,1679313994792
1679313994796,1679313994811
1679313994849,1679313994865
1679313994784,1679313994915
1679313994797,1679313994939
1679313994932,1679313995020
1679313995039,1679313995146
1679313995174,1679313995208
1679313995032,1679313995214
1679313995230,1679313995320
1679313995228,1679313995321
1679313995376,1679313995480
1679313995507,1679313995578
1679313995625,1679313995640
1679313995604,1679313995692
1679313995652,1679313995729
1679313995738,1679313995773
1679313995883,1679313995926
1679313995908,1679313995935
1679313995975,1679313996090
1679313996144,1679313996214
1679313996207,1679313996223
1679313996225,1679313996289
1679313996319,1679313996457
1679313996576,1679313996599
1679313996631,1679313996642
1679313996503,1679313996650
1679313996665,1679313996680
1679313996764,1679313996807
1679313996807,1679313996818
1679313996855,1679313996860
1679313997104,1679313997107
1679313997233,1679313997314
1679313997330,1679313997385
1679313997442,1679313997449
1679313997491,1679313997511
1679313997506,1679313997539
1679313997567,1679313997595
1679313997507,1679313997635
1679313997643,1679313997698
1679313997792,1679313997851
1679313997858,1679313997880
1679313997815,1679313997885
1679313997810,1679313998029
1679313998019,1679313998039
1679313998058,1679313998066
1679313998007,1679313998083
1679313998231,1679313998251
1679313998413,1679313998438
1679313998618,1679313998625
1679313998553,1679313998629
1679313998622,1679313998658
1679313998695,1679313998774
1679313998813,1679313998865
1679313998830,1679313998869
1679313998894,1679313998933
1679313999015,1679313999043
1679313999004,1679313999069
1679313999175,1679313999194
1679313999226,1679313999267
1679313999296,1679313999300
1679313999217,1679313999349
1679313999330,1679313999367
1679313999499,1679313999537
1679313999508,1679313999541
1679313999513,1679313999563
1679313999509,1679313999586
1679313999517,1679313999652
1679313999655,1679313999755
1679313999784,1679313999856
1679314000042,1679314000058
1679314000062,1679314000075
1679314000113,1679314000135
1679314000218,1679314000222
1679314000259,1679314000283
1679314000440,1679314000455
1679314000484,1679314000539
1679314000552,1679314000563
1679314000537,1679314000567
1679314000582,1679314000594
1679314000429,1679314000607
1679314000533,1679314000619
1679314000653,1679314000693
1679314000734,1679314000754
1679314000725,1679314000787
1679314000763,1679314000789
1679314000790,1679314000877
1679314000925,1679314001079
1679314001096,1679314001220
1679314001181,1679314001229
1679314001289,1679314001339
1679314001261,1679314001350
1679314001120,1679314001357
1679314001631,1679314001695
1679314001721,1679314001727
1679314001830,1679314001869
1679314001904,1679314001921
1679314002009,1679314002078
1679314001998,1679314002086
1679314001957,1679314002111
1679314002117,1679314002191
1679314002224,1679314002260
1679314002273,1679314002311
1679314002199,1679314002322
1679314002320,1679314002349
1679314002327,1679314002421
1679314002495,1679314002535
1679314002526,1679314002545
1679314002529,1679314002549
1679314002698,1679314002718
1679314002703,1679314002812
1679314003077,1679314003114
1679314003235,1679314003310
1679314003297,1679314003318
1679314003330,1679314003348
1679314003366,1679314003372
1679314003357,1679314003404
1679314003528,1679314003534
1679314003541,1679314003551
1679314003590,1679314003644
1679314003581,1679314003647
1679314003594,1679314003691
1679314003668,1679314003707
1679314003573,1679314003739
1679314003623,1679314003762
1679314003768,1679314003821
1679314003883,1679314003887
1679314004078,1679314004133
1679314004046,1679314004189
1679314004263,1679314004296
1679314004414,1679314004453
1679314004554,1679314004580
1679314004694,1679314004727
1679314004702,1679314004792
1679314004831,1679314004863
1679314004922,1679314004955
1679314005021,1679314005062
1679314005042,1679314005067
1679314005108,1679314005121
1679314004994,1679314005172
1679314005229,1679314005248
1679314005275,1679314005310
1679314005326,1679314005352
1679314005374,1679314005405
1679314005326,1679314005407
1679314005402,1679314005409
1679314005505,1679314005717
1679314005689,1679314005738
1679314005729,1679314005745
1679314005953,1679314005959
1679314006073,1679314006078
1679314006137,1679314006181
1679314006157,1679314006186
1679314006389,1679314006406
1679314006414,1679314006455
1679314006458,1679314006479
1679314006346,1679314006487
1679314006415,1679314006520
1679314006508,1679314006563
1679314006634,1679314006649
1679314006629,1679314006651
1679314006632,1679314006717
1679314006734,1679314006745
1679314006710,1679314006790
1679314006783,1679314006852
1679314006965,1679314007020
1679314006909,1679314007062
1679314007153,1679314007165
1679314007418,1679314007474
1679314007476,1679314007515
1679314007547,1679314007564
1679314007433,1679314007569
1679314007621,1679314007625
1679314007525,1679314007698
1679314007777,1679314007815
1679314007801,1679314007825
1679314007755,1679314007826
1679314007977,1679314008019
1679314008096,1679314008113
1679314008200,1679314008250
1679314008264,1679314008330
1679314008381,1679314008398
1679314008386,1679314008459
1679314008501,1679314008538
1679314008474,1679314008557
1679314008561,1679314008567
1679314008510,1679314008568
1679314008521,1679314008569
1679314008656,1679314008662
1679314008661,1679314008677
1679314008696,1679314008702
1679314008669,1679314008732
1679314008749,1679314008772
1679314008849,1679314008863
1679314008772,1679314008880
1679314008892,1679314008990
1679314008993,1679314009081
1679314009042,1679314009095
1679314009339,1679314009437
1679314009550,1679314009567
1679314009543,1679314009581
1679314009677,1679314009720
1679314009720,1679314009748
1679314009747,1679314009751
1679314009689,1679314009761
1679314009752,1679314009767
1679314009687,1679314009768
1679314009793,1679314009874
1679314009938,1679314009957
1679314009931,1679314010020
1679314010031,1679314010064
1679314010174,1679314010193
1679314010283,1679314010288
1679314010342,1679314010416
1679314010433,1679314010464
1679314010483,1679314010501
1679314010435,1679314010555
1679314010495,1679314010562
1679314010606,1679314010651
1679314010684,1679314010690
1679314010697,1679314010720
1679314010684,1679314010725
1679314010693,1679314010785
1679314010794,1679314010818
1679314010792,1679314010831
1679314010805,1679314010854
1679314010919,1679314010973
1679314010966,1679314011105
1679314011088,1679314011134
1679314011120,1679314011148
1679314011238,1679314011284
1679314011558,1679314011569
1679314011544,1679314011584
1679314011678,1679314011723
1679314011752,1679314011775
1679314011835,1679314011845
1679314011844,1679314011861
1679314011937,1679314011945
1679314011940,1679314011971
1679314012076,1679314012094
1679314012093,1679314012154
1679314012230,1679314012249
1679314012171,1679314012330
1679314012200,1679314012434
1679314012469,1679314012509
1679314012499,1679314012535
1679314012508,1679314012548
1679314012551,1679314012569
1679314012599,1679314012626
1679314012710,1679314012793
1679314012757,1679314012812
1679314012839,1679314012845
1679314012875,1679314012921
1679314012893,1679314012948
1679314013045,1679314013119
1679314013021,1679314013214
1679314013231,1679314013252
1679314013321,1679314013383
1679314013367,1679314013396
1679314013379,1679314013486
1679314013485,1679314013609
1679314013622,1679314013659
1679314013814,1679314013820
1679314014005,1679314014026
1679314014016,1679314014049
1679314014104,1679314014114
1679314013995,1679314014196
1679314014104,1679314014198
1679314014187,1679314014200
1679314014182,1679314014200
1679314014104,1679314014207
1679314014245,1679314014287
1679314014279,1679314014344
1679314014293,1679314014356
1679314014214,1679314014368
1679314014450,1679314014500
1679314014510,1679314014527
1679314014705,1679314014727
1679314014783,1679314014830
1679314015037,1679314015041
1679314015022,1679314015078
1679314015218,1679314015234
1679314015293,1679314015401
1679314015395,1679314015407
1679314015438,1679314015450
1679314015435,1679314015451
1679314015374,1679314015494
1679314015534,1679314015587
1679314015509,1679314015588
1679314015612,1679314015623
1679314015685,1679314015698
1679314015739,1679314015754
1679314015613,1679314015852
1679314015806,1679314015879
1679314015873,1679314016006
1679314016014,1679314016018
1679314015923,1679314016029
1679314016037,1679314016053
1679314016170,1679314016176
1679314016218,1679314016221
1679314016419,1679314016431
1679314016530,1679314016541
1679314016563,1679314016635
1679314016627,1679314016659
1679314016656,1679314016710
1679314016682,1679314016719
1679314016808,1679314016819
1679314016938,1679314016998
1679314016938,1679314017019
1679314017049,1679314017057
1679314017064,1679314017109
1679314017104,1679314017132
1679314017125,1679314017185
1679314017179,1679314017206
1679314017334,1679314017354
1679314017484,1679314017513
1679314017517,1679314017537
1679314017564,1679314017568
1679314017692,1679314017708
1679314017615,1679314017825
1679314017807,1679314017830
1679314017824,1679314017851
1679314017828,1679314017900
1679314018047,1679314018107
1679314018075,1679314018253
1679314018246,1679314018256
1679314018333,1679314018337
1679314018351,1679314018378
1679314018296,1679314018405
1679314018444,1679314018503
1679314018351,1679314018551
1679314018727,1679314018747
1679314018780,1679314018823
1679314018983,1679314019014
1679314019025,1679314019036
1679314019027,1679314019083
1679314019089,1679314019179
1679314019267,1679314019306
1679314019338,1679314019368
1679314019356,1679314019393
1679314019475,1679314019513
1679314019591,1679314019651
1679314019647,1679314019667
1679314019685,1679314019732
1679314019766,1679314019779
1679314019780,1679314019783
1679314019776,1679314019802
1679314019852,1679314019858
1679314019831,1679314019871
1679314019867,1679314019952
1679314019967,1679314020033
1679314019999,1679314020071
1679314020385,1679314020396
1679314020342,1679314020432
1679314020451,1679314020544
1679314020615,1679314020626
1679314020607,1679314020634
1679314020681,1679314020695
1679314020734,1679314020740
1679314020695,1679314020794
1679314020749,1679314020800
1679314020865,1679314020885
1679314021054,1679314021095
1679314021091,1679314021133
1679314021027,1679314021145
1679314021229,1679314021254
1679314021322,1679314021329
1679314021318,1679314021367
1679314021535,1679314021543
1679314021517,1679314021550
1679314021535,1679314021554
1679314021634,1679314021661
1679314021651,1679314021673
1679314021702,1679314021770
1679314021906,1679314021916
1679314022046,1679314022096
1679314022049,1679314022106
1679314022257,1679314022303
1679314022408,1679314022430
1679314022467,1679314022472
1679314022542,1679314022545
1679314022600,1679314022612
1679314022610,1679314022630
1679314022759,1679314022776
1679314022745,1679314022783
1679314022785,1679314022840
1679314022865,1679314022871
1679314022793,1679314022896
1679314022758,1679314022962
1679314022975,1679314022999
1679314023026,1679314023091
1679314023146,1679314023220
1679314023205,1679314023391
1679314023270,1679314023433
1679314023519,1679314023552
1679314023516,1679314023613
1679314023682,1679314023755
1679314023713,1679314023828
1679314023922,1679314023942
1679314023933,1679314023972
1679314023983,1679314023996
1679314023944,1679314024026
1679314023958,1679314024034
1679314024038,1679314024044
1679314024006,1679314024062
1679314024173,1679314024200
1679314024168,1679314024279
1679314024199,1679314024295
1679314024291,1679314024345
1679314024414,1679314024458
1679314024522,1679314024538
1679314024550,1679314024581
1679314024611,1679314024623
1679314024666,1679314024676
1679314024675,1679314024704
1679314024817,1679314024850
1679314024897,1679314024984
1679314025006,1679314025010
1679314025038,1679314025102
1679314025030,1679314025137
1679314025173,1679314025225
1679314025295,1679314025299
1679314025351,1679314025364
1679314025459,1679314025511
1679314025511,1679314025610
1679314025629,1679314025712
1679314025779,1679314025793
1679314025862,1679314025875
1679314025854,1679314025920
1679314025936,1679314025967
1679314025854,1679314025992
1679314026003,1679314026066
1679314026144,1679314026183
1679314026253,1679314026260
1679314026253,1679314026275
1679314026338,1679314026360
1679314026361,1679314026381
1679314026370,1679314026440
1679314026452,1679314026459
1679314026463,1679314026519
1679314026505,1679314026555
1679314026774,1679314026795
1679314026787,1679314026810
1679314026967,1679314027041
1679314027110,1679314027127
1679314027179,1679314027204
1679314027302,1679314027324
1679314027371,1679314027399
1679314027363,1679314027403
1679314027399,1679314027413
1679314027364,1679314027460
1679314027423,1679314027501
1679314027476,1679314027511
1679314027562,1679314027610
1679314027649,1679314027653
1679314027730,1679314027739
1679314027742,1679314027803
1679314027895,1679314027913
1679314027975,1679314028001
1679314028025,1679314028044
1679314028006,1679314028059
1679314028021,1679314028073
1679314028118,1679314028191
1679314028265,1679314028317
1679314028393,1679314028402
1679314028415,1679314028487
1679314028495,1679314028504
1679314028514,1679314028530
1679314028712,1679314028727
1679314028827,1679314028871
1679314028904,1679314028918
1679314028937,1679314028948
1679314028976,1679314028987
1679314028983,1679314028987
1679314028991,1679314029003
1679314028989,1679314029005
1679314028995,1679314029026
1679314028958,1679314029028
1679314028994,1679314029141
1679314029133,1679314029147
1679314029112,1679314029233
1679314029264,1679314029267
1679314029393,1679314029422
1679314029465,1679314029475
1679314029440,1679314029540
1679314029576,1679314029589
1679314029514,1679314029598
1679314029856,1679314029862
1679314029830,1679314029924
1679314029853,1679314029926
1679314030053,1679314030107
1679314030113,1679314030145
1679314030139,1679314030171
1679314030194,1679314030218
1679314030254,1679314030304
1679314030437,1679314030458
1679314030489,1679314030495
1679314030467,1679314030642
1679314030627,1679314030665
1679314030600,1679314030676
1679314030726,1679314030747
1679314030713,1679314030764
1679314030753,1679314030795
1679314030904,1679314030979
1679314030908,1679314031039
1679314031007,1679314031046
1679314031054,1679314031059
1679314031064,1679314031093
1679314030952,1679314031098
1679314031072,1679314031142
1679314031251,1679314031276
1679314031303,1679314031403
1679314031450,1679314031453
1679314031481,1679314031535
1679314031629,1679314031660
1679314031610,1679314031720
1679314031706,1679314031798
1679314031878,1679314031929
1679314032058,1679314032086
1679314032075,1679314032088
1679314031992,1679314032160
1679314032158,1679314032209
1679314032158,1679314032261
1679314032256,1679314032300
1679314032237,1679314032349
1679314032335,1679314032367
1679314032412,1679314032436
1679314032385,1679314032514
1679314032508,1679314032552
1679314032539,1679314032656
1679314032652,1679314032719
1679314032843,1679314032948
1679314032963,1679314032972
1679314033023,1679314033087
1679314033102,1679314033113
1679314033121,1679314033125
1679314033159,1679314033188
1679314033183,1679314033236
1679314033229,1679314033267
1679314033260,1679314033273
1679314033376,1679314033401
1679314033335,1679314033438
1679314033388,1679314033443
1679314033573,1679314033577
1679314033722,1679314033755
1679314033710,1679314033788
1679314033765,1679314033905
1679314033965,1679314033973
1679314034046,1679314034070
1679314034084,1679314034086
1679314034079,1679314034113
1679314034118,1679314034128
1679314034129,1679314034138
1679314034327,1679314034372
1679314034382,1679314034395
1679314034496,1679314034510
1679314034468,1679314034585
1679314034538,1679314034616
1679314034437,1679314034633
1679314034788,1679314034791
1679314034772,1679314034798
1679314034755,1679314034819
1679314034843,1679314034863
1679314035047,1679314035070
1679314035074,1679314035090
1679314034969,1679314035113
1679314035142,1679314035173
1679314035153,1679314035222
1679314035168,1679314035261
1679314035315,1679314035321
1679314035338,1679314035384
1679314035366,1679314035425
1679314035617,1679314035624
1679314035626,1679314035725
1679314035715,1679314035741
1679314035674,1679314035777
1679314035769,1679314035778
1679314035755,1679314035785
1679314035793,1679314035812
1679314035818,1679314035848
1679314035870,1679314035889
1679314035976,1679314036013
1679314035962,1679314036086
1679314036130,1679314036212
1679314036201,1679314036224
1679314036216,1679314036271
1679314036251,1679314036298
1679314036255,1679314036336
1679314036382,1679314036391
1679314036400,1679314036438
1679314036537,1679314036570
1679314036722,1679314036757
1679314036790,1679314036804
1679314036763,1679314036835
1679314036832,1679314036845
1679314036832,1679314036865
1679314036881,1679314036916
1679314037074,1679314037099
1679314037234,1679314037250
1679314037281,1679314037317
1679314037326,1679314037404
1679314037431,1679314037446
1679314037520,1679314037548
1679314037564,1679314037579
1679314037577,1679314037632
1679314037671,1679314037717
1679314037789,1679314037803
1679314037899,1679314037909
1679314037924,1679314037964
1679314037941,1679314037966
1679314038093,1679314038107
1679314038093,1679314038122
1679314038034,1679314038153
1679314038171,1679314038199
1679314038195,1679314038278
1679314038281,1679314038299
1679314038295,1679314038303
1679314038424,1679314038442
1679314038291,1679314038450
1679314038469,1679314038508
1679314038641,1679314038681
1679314038707,1679314038741
1679314038730,1679314038766
1679314038835,1679314038898
1679314039006,1679314039010
1679314038892,1679314039018
1679314039055,1679314039065
1679314039176,1679314039235
1679314039066,1679314039235
1679314039265,1679314039299
1679314039243,1679314039401
1679314039318,1679314039439
1679314039432,1679314039495
1679314039692,1679314039735
1679314039729,1679314039742
1679314039972,1679314039984
1679314039983,1679314040039
1679314040039,1679314040075
1679314040085,1679314040090
1679314040072,1679314040114
1679314040137,1679314040154
1679314040128,1679314040176
1679314040176,1679314040329
1679314040210,1679314040405
1679314040408,1679314040426
1679314040311,1679314040441
1679314040399,1679314040494
1679314040515,1679314040536
1679314040783,1679314040803
1679314040881,1679314040891
1679314041084,1679314041117
1679314041214,1679314041222
1679314041197,1679314041225
1679314041218,1679314041247
1679314041143,1679314041252
1679314041294,1679314041334
1679314041430,1679314041447
1679314041372,1679314041514
1679314041549,1679314041559
1679314041510,1679314041563
1679314041520,1679314041594
1679314041464,1679314041612
1679314041620,1679314041632
1679314041695,1679314041762
1679314041697,1679314041789
1679314041842,1679314041857
1679314041852,1679314041887
1679314042142,1679314042243
1679314042266,1679314042337
1679314042337,1679314042355
1679314042513,1679314042523
1679314042578,1679314042600
1679314042672,1679314042678
1679314042544,1679314042725
1679314042749,1679314042818
1679314042818,1679314042827
1679314042712,1679314042830
1679314042781,1679314042837
1679314042785,1679314042846
1679314042955,1679314042975
1679314043076,1679314043099
1679314043013,1679314043146
1679314043152,1679314043203
1679314043224,1679314043287
1679314043289,1679314043345
1679314043448,1679314043501
1679314043409,1679314043550
1679314043412,1679314043582
1679314043594,1679314043600
1679314043665,1679314043733
1679314043677,1679314043734
1679314043784,1679314043812
1679314043871,1679314043885
1679314043929,1679314044009
1679314044030,1679314044033
1679314043992,1679314044034
1679314044096,1679314044149
1679314044215,1679314044227
1679314044385,1679314044400
1679314044306,1679314044414
1679314044561,1679314044589
1679314044718,1679314044755
1679314044808,1679314044860
1679314044846,1679314044874
1679314044862,1679314044894
1679314044870,1679314044925
1679314044878,1679314044938
1679314044887,1679314044967
1679314044967,1679314044975
1679314044976,1679314045011
1679314045260,1679314045273
1679314045267,1679314045281
1679314045199,1679314045288
1679314045273,1679314045300
1679314045307,1679314045320
1679314045260,1679314045383
1679314045257,1679314045402
1679314045406,1679314045428
1679314045415,1679314045455
1679314045518,1679314045542
1679314045537,1679314045547
1679314045687,1679314045756
1679314045769,1679314045790
1679314045805,1679314045822
1679314045871,1679314045889
1679314045974,1679314046000
1679314046205,1679314046241
1679314046147,1679314046245
1679314046255,1679314046258
1679314046417,1679314046536
1679314046547,1679314046571
1679314046654,1679314046661
1679314046731,1679314046750
1679314046628,1679314046751
1679314046839,1679314046898
1679314046874,1679314046919
1679314046915,1679314046935
1679314046971,1679314046976
1679314046926,1679314046981
1679314046967,1679314047028
1679314047049,1679314047055
1679314047096,1679314047107
1679314047157,1679314047202
1679314047360,1679314047401
1679314047322,1679314047475
1679314047551,1679314047564
1679314047548,1679314047569
1679314047705,1679314047736
1679314047738,1679314047743
1679314047925,1679314047943
1679314047809,1679314047975
1679314047952,1679314047992
1679314047997,1679314048015
1679314048117,1679314048123
1679314048172,1679314048200
1679314048190,1679314048203
1679314048188,1679314048205
1679314048182,1679314048230
1679314048257,1679314048276
1679314048340,1679314048351
1679314048334,1679314048394
1679314048393,1679314048403
1679314048361,1679314048428
1679314048422,1679314048586
1679314048547,1679314048620
1679314048691,1679314048805
1679314049098,1679314049132
1679314049055,1679314049149
1679314049189,1679314049231
1679314049253,1679314049271
1679314049266,1679314049289
1679314049349,1679314049380
1679314049393,1679314049398
1679314049392,1679314049419
1679314049466,1679314049494
1679314049520,1679314049570
1679314049615,1679314049633
1679314049519,1679314049660
1679314049693,1679314049712
1679314049764,1679314049769
1679314049749,1679314049779
1679314049719,1679314049825
1679314049857,1679314049907
1679314049942,1679314050011
1679314050154,1679314050185
1679314050138,1679314050198
1679314050205,1679314050319
1679314050409,1679314050418
1679314050375,1679314050501
1679314050629,1679314050691
1679314050632,1679314050769
1679314050749,1679314050828
1679314050791,1679314050831
1679314050819,1679314050840
1679314050845,1679314050908
1679314050943,1679314050964
1679314050937,1679314050971
1679314050869,1679314051020
1679314051111,1679314051116
1679314050992,1679314051141
1679314051181,1679314051187
1679314051385,1679314051421
1679314051392,1679314051468
1679314051463,1679314051489
1679314051392,1679314051537
1679314051548,1679314051565
1679314051710,1679314051757
1679314051753,1679314051766
1679314051722,1679314051788
1679314051866,1679314051925
1679314051917,1679314051935
1679314052022,1679314052078
1679314052067,1679314052098
1679314052114,1679314052116
1679314052149,1679314052157
1679314052165,1679314052176
1679314052283,1679314052311
1679314052398,1679314052409
1679314052539,1679314052568
1679314052674,1679314052703
1679314052720,1679314052751
1679314052747,1679314052753
1679314052827,1679314052847
1679314052763,1679314052927
1679314052973,1679314053021
1679314052922,1679314053049
1679314052951,1679314053051
1679314053072,1679314053111
1679314052995,1679314053119
1679314053090,1679314053159
1679314053184,1679314053194
1679314053225,1679314053347
1679314053224,1679314053377
1679314053366,1679314053436
1679314053366,1679314053481
1679314053636,1679314053677
1679314053613,1679314053681
1679314053744,1679314053861
1679314053828,1679314053867
1679314054151,1679314054176
1679314054121,1679314054304
1679314054299,1679314054308
1679314054331,1679314054348
1679314054336,1679314054349
1679314054324,1679314054371
1679314054410,1679314054423
1679314054428,1679314054508
1679314054517,1679314054538
1679314054592,1679314054660
1679314054640,1679314054674
1679314054665,1679314054735
1679314054721,1679314054762
1679314054832,1679314054870
1679314054810,1679314054918
1679314054955,1679314054985
1679314055019,1679314055043
1679314055078,1679314055118
1679314055150,1679314055165
1679314055487,1679314055504
1679314055442,1679314055506
1679314055446,1679314055541
1679314055539,1679314055564
1679314055620,1679314055631
1679314055642,1679314055673
1679314055669,1679314055698
1679314055755,1679314055826
1679314055804,1679314055854
1679314055825,1679314055885
1679314055986,1679314055992
1679314056060,1679314056081
1679314056072,1679314056093
1679314056431,1679314056436
1679314056444,1679314056512
1679314056512,1679314056521
1679314056535,1679314056607
1679314056661,1679314056692
1679314056775,1679314056819
1679314056812,1679314056868
1679314056763,1679314056882
1679314056912,1679314056931
1679314056950,1679314056975
1679314056906,1679314056999
1679314057005,1679314057084
1679314056947,1679314057098
1679314057151,1679314057206
1679314057412,1679314057419
1679314057501,1679314057521
1679314057447,1679314057544
1679314057681,1679314057710
1679314057671,1679314057713
1679314057789,1679314057796
1679314057803,1679314057914
1679314057912,1679314057921
1679314057934,1679314057957
1679314057963,1679314057995
1679314058006,1679314058018
1679314058126,1679314058140
1679314058243,1679314058249
1679314058270,1679314058277
1679314058237,1679314058287
1679314058468,1679314058488
1679314058435,1679314058511
1679314058421,1679314058517
1679314058614,1679314058623
1679314058912,1679314058928
1679314058920,1679314058941
1679314058954,1679314058974
1679314059088,1679314059113
1679314059231,1679314059247
1679314059270,1679314059302
1679314059270,1679314059381
1679314059381,1679314059395
1679314059343,1679314059396
1679314059346,1679314059412
1679314059355,1679314059438
1679314059739,1679314059742
1679314059673,1679314059754
1679314059723,1679314059825
1679314059935,1679314059991
1679314060010,1679314060030
1679314060135,1679314060142
1679314060112,1679314060147
1679314060270,1679314060293
1679314060280,1679314060296
1679314060323,1679314060362
1679314060363,1679314060381
1679314060389,1679314060394
1679314060471,1679314060475
1679314060453,1679314060483
1679314060184,1679314060483
1679314060465,1679314060490
1679314060522,1679314060525
1679314060636,1679314060641
1679314060643,1679314060689
1679314060690,1679314060713
1679314060852,1679314060928
1679314060906,1679314060931
1679314060963,1679314060987
1679314061029,1679314061039
1679314061197,1679314061225
1679314061084,1679314061250
1679314061279,1679314061286
1679314061420,1679314061428
1679314061514,1679314061620
1679314061653,1679314061676
1679314061689,1679314061700
1679314061758,1679314061769
1679314061592,1679314061802
1679314061776,1679314061864
1679314061844,1679314061880
1679314061941,1679314061955
1679314061947,1679314061962
1679314061893,1679314061974
1679314061926,1679314062014
1679314062008,1679314062031
1679314062000,1679314062034
1679314062051,1679314062093
1679314062049,1679314062144
1679314062180,1679314062270
1679314062258,1679314062275
1679314062343,1679314062424
1679314062471,1679314062518
1679314062582,1679314062595
1679314062986,1679314062991
1679314062972,1679314063029
1679314063108,1679314063132
1679314063157,1679314063183
1679314063171,1679314063202
1679314063270,1679314063331
1679314063223,1679314063387
1679314063352,1679314063421
1679314063475,1679314063514
1679314063522,1679314063535
1679314063520,1679314063539
1679314063525,1679314063604
1679314063582,1679314063610
1679314063539,1679314063611
1679314063598,1679314063612
1679314063595,1679314063626
1679314063534,1679314063641
1679314063562,1679314063653
1679314063585,1679314063663
1679314063699,1679314063718
1679314063877,1679314063917
1679314063955,1679314063973
1679314063952,1679314063998
1679314063874,1679314064124
1679314064226,1679314064233
1679314064387,1679314064404
1679314064540,1679314064553
1679314064599,1679314064603
1679314064537,1679314064618
1679314064573,1679314064679
1679314064709,1679314064731
1679314064657,1679314064788
1679314064790,1679314064810
1679314064747,1679314064810
1679314064934,1679314064951
1679314065019,1679314065035
1679314065061,1679314065083
1679314064981,1679314065091
1679314065266,1679314065299
1679314065185,1679314065328
1679314065401,1679314065420
1679314065471,1679314065550
1679314065546,1679314065601
1679314065601,1679314065630
1679314065720,1679314065730
1679314065767,1679314065774
1679314065701,1679314065883
1679314066015,1679314066023
1679314066147,1679314066155
1679314066177,1679314066225
1679314066325,1679314066339
1679314066320,1679314066375
1679314066405,1679314066410
1679314066467,1679314066506
1679314066596,1679314066607
1679314066619,1679314066660
1679314066748,1679314066769
1679314066762,1679314066861
1679314066969,1679314066982
1679314066901,1679314067000
1679314067029,1679314067113
1679314067083,1679314067116
1679314067081,1679314067145
1679314067162,1679314067176
1679314067018,1679314067264
1679314067243,1679314067266
1679314067288,1679314067342
1679314067577,1679314067602
1679314067590,1679314067612
1679314067609,1679314067616
1679314067585,1679314067650
1679314067710,1679314067715
1679314067579,1679314067759
1679314067745,1679314067775
1679314067767,1679314067779
1679314067928,1679314067975
1679314067947,1679314067976
1679314068026,1679314068042
1679314067882,1679314068052
1679314068157,1679314068183
1679314068264,1679314068340
1679314068389,1679314068397
1679314068481,1679314068491
1679314068496,1679314068589
1679314068550,1679314068606
1679314068613,1679314068659
1679314068562,1679314068692
1679314068793,1679314068801
1679314068840,1679314068847
1679314068678,1679314068849
1679314068959,1679314068988
1679314068966,1679314068991
1679314069074,1679314069093
1679314069270,1679314069304
1679314069587,1679314069590
1679314069527,1679314069620
1679314069617,1679314069658
1679314069653,1679314069671
1679314069661,1679314069740
1679314069644,1679314069743
1679314069809,1679314069821
1679314069747,1679314069836
1679314069841,1679314069849
1679314069823,1679314069876
1679314069937,1679314069939
1679314069941,1679314069950
1679314070040,1679314070087
1679314070111,1679314070157
1679314070021,1679314070184
1679314070166,1679314070206
1679314070152,1679314070251
1679314070413,1679314070423
1679314070411,1679314070444
1679314070571,1679314070649
1679314070567,1679314070706
1679314070709,1679314070719
1679314070687,1679314070727
1679314070893,1679314070914
1679314070901,1679314070917
1679314071000,1679314071017
1679314071018,1679314071100
1679314071031,1679314071121
1679314071073,1679314071146
1679314071121,1679314071149
1679314071125,1679314071156
1679314071246,1679314071254
1679314071184,1679314071256
1679314071312,1679314071349
1679314071304,1679314071373
1679314071244,1679314071384
1679314071335,1679314071390
1679314071469,1679314071560
1679314071557,1679314071617
1679314071727,1679314071754
1679314071933,1679314071944
1679314071930,1679314071951
1679314071860,1679314072003
1679314072017,1679314072054
1679314072052,1679314072067
1679314072093,1679314072106
1679314072136,1679314072162
1679314072257,1679314072274
1679314072322,1679314072326
1679314072496,1679314072536
1679314072548,1679314072556
1679314072537,1679314072558
1679314072572,1679314072577
1679314072699,1679314072703
1679314072669,1679314072709
1679314072680,1679314072728
1679314072811,1679314072835
1679314072871,1679314072891
1679314073013,1679314073049
1679314073059,1679314073089
1679314073038,1679314073110
1679314073120,1679314073142
1679314073259,1679314073284
1679314073277,1679314073305
1679314073343,1679314073357
1679314073533,1679314073542
1679314073591,1679314073635
1679314073645,1679314073655
1679314073614,1679314073662
1679314073707,1679314073750
1679314073783,1679314073792
1679314073706,1679314073801
1679314073721,1679314073840
1679314073807,1679314073843
1679314073716,1679314073894
1679314073943,1679314073957
1679314074029,1679314074038
1679314074039,1679314074069
1679314074041,1679314074217
1679314074441,1679314074452
1679314074442,1679314074515
1679314074420,1679314074563
1679314074508,1679314074572
1679314074593,1679314074618
1679314074572,1679314074632
1679314074590,1679314074643
1679314074634,1679314074670
1679314074683,1679314074726
1679314074893,1679314074918
1679314074949,1679314074978
1679314075021,1679314075026
1679314075225,1679314075229
1679314075258,1679314075296
1679314075447,1679314075450
1679314075381,1679314075519
1679314075588,1679314075601
1679314075553,1679314075616
1679314075781,1679314075794
1679314075675,1679314075823
1679314075793,1679314075871
1679314075942,1679314075949
1679314076002,1679314076056
1679314076060,1679314076093
1679314075930,1679314076095
1679314075996,1679314076224
1679314076207,1679314076240
1679314076293,1679314076320
1679314076328,1679314076362
1679314076292,1679314076396
1679314076367,1679314076400
1679314076404,1679314076456
1679314076448,1679314076456
1679314076379,1679314076463
1679314076508,1679314076519
1679314076714,1679314076729
1679314076786,1679314076802
1679314076874,1679314076916
1679314076914,1679314076935
1679314076963,1679314076999
1679314077120,1679314077199
1679314077247,1679314077250
1679314077324,1679314077425
1679314077381,1679314077435
1679314077467,1679314077497
1679314077494,1679314077525
1679314077595,1679314077617
1679314077736,1679314077741
1679314077757,1679314077776
1679314077779,1679314077789
1679314077767,1679314077808
1679314077803,1679314077811
1679314077834,1679314077875
1679314077954,1679314077977
1679314078081,1679314078120
1679314078323,1679314078386
1679314078361,1679314078407
1679314078463,1679314078491
1679314078558,1679314078619
1679314078542,1679314078631
1679314078611,1679314078645
1679314078517,1679314078667
1679314078635,1679314078671
1679314078809,1679314078825
1679314078994,1679314079003
1679314079074,1679314079084
1679314079042,1679314079113
1679314079065,1679314079141
1679314079103,1679314079146
1679314079311,1679314079324
1679314079279,1679314079329
1679314079437,1679314079465
1679314079339,1679314079511
1679314079551,1679314079615
1679314079585,1679314079636
1679314079616,1679314079636
1679314079804,1679314079837
1679314079786,1679314079898
1679314079828,1679314079900
1679314079905,1679314080021
1679314080013,1679314080047
1679314080082,1679314080102
1679314080126,1679314080161
1679314080094,1679314080204
1679314080274,1679314080287
1679314080296,1679314080320
1679314080450,1679314080457
1679314080550,1679314080578
1679314080599,1679314080605
1679314080554,1679314080614
1679314080609,1679314080680
1679314080840,1679314080898
1679314080983,1679314081023
1679314081026,1679314081066
1679314081070,1679314081084
1679314081082,1679314081118
1679314081105,1679314081128
1679314081094,1679314081132
1679314081119,1679314081167
1679314081366,1679314081404
1679314081401,1679314081413
1679314081354,1679314081434
1679314081496,1679314081589
1679314081680,1679314081688
1679314081643,1679314081696
1679314081889,1679314081907
1679314081996,1679314082022
1679314082037,1679314082071
1679314082111,1679314082190
1679314082280,1679314082306
1679314082185,1679314082317
1679314082331,1679314082334
1679314082354,1679314082414
1679314082452,1679314082463
1679314082574,1679314082583
1679314082626,1679314082670
1679314082770,1679314082817
1679314082802,1679314082841
1679314082853,1679314082860
1679314082885,1679314082895
1679314082889,1679314082902
1679314082936,1679314083009
1679314082905,1679314083012
1679314083050,1679314083080
1679314083048,1679314083090
1679314083117,1679314083129
1679314083142,1679314083209
1679314083311,1679314083322
1679314083436,1679314083449
1679314083469,1679314083519
1679314083565,1679314083574
1679314083549,1679314083620
1679314083702,1679314083704
1679314083897,1679314083927
1679314083959,1679314083975
1679314083870,1679314084019
1679314083964,1679314084021
1679314084018,1679314084026
1679314084164,1679314084185
1679314084185,1679314084248
1679314084207,1679314084275
1679314084369,1679314084395
1679314084452,1679314084524
1679314084522,1679314084593
1679314084623,1679314084743
1679314084791,1679314084836
1679314084817,1679314084856
1679314084873,1679314084883
1679314084901,1679314084917
1679314084921,1679314084926
1679314084935,1679314084939
1679314084987,1679314085011
1679314085020,1679314085030
1679314085114,1679314085126
1679314085061,1679314085201
1679314085422,1679314085448
1679314085505,1679314085601
1679314085629,1679314085637
1679314085678,1679314085742
1679314085821,1679314085943
1679314085905,1679314085957
1679314085843,1679314085969
1679314085951,1679314086082
1679314086158,1679314086219
1679314086154,1679314086232
1679314086232,1679314086236
1679314086244,1679314086255
1679314086276,1679314086290
1679314086307,1679314086311
1679314086325,1679314086350
1679314086495,1679314086501
1679314086346,1679314086509
1679314086440,1679314086514
1679314086627,1679314086642
1679314086625,1679314086648
1679314086810,1679314086850
1679314086945,1679314087014
1679314087038,1679314087089
1679314087253,1679314087266
1679314087318,1679314087332
1679314087437,1679314087467
1679314087546,1679314087561
1679314087570,1679314087589
1679314087506,1679314087591
1679314087614,1679314087689
1679314087651,1679314087702
1679314087646,1679314087742
1679314087908,1679314087928
1679314087997,1679314088029
1679314087996,1679314088029
1679314087928,1679314088038
1679314088025,1679314088176
1679314088130,1679314088231
1679314088194,1679314088287
1679314088275,1679314088331
1679314088387,1679314088414
1679314088620,1679314088643
1679314088814,1679314088893
1679314088899,1679314088926
1679314088904,1679314088928
1679314088914,1679314088964
1679314088930,1679314088976
1679314088910,1679314088994
1679314088996,1679314089003
1679314088964,1679314089014
1679314089180,1679314089264
1679314089184,1679314089277
1679314089273,1679314089280
1679314089330,1679314089368
1679314089402,1679314089428
1679314089373,1679314089459
1679314089515,1679314089520
1679314089555,1679314089618
1679314089681,1679314089734
1679314089817,1679314089832
1679314089916,1679314089935
1679314089857,1679314089966
1679314089888,1679314090060
1679314090051,1679314090061
1679314090195,1679314090203
1679314090274,1679314090310
1679314090290,1679314090334
1679314090269,1679314090361
1679314090359,1679314090394
1679314090471,1679314090495
1679314090506,1679314090528
1679314090519,1679314090548
1679314090539,1679314090580
1679314090701,1679314090717
1679314090877,1679314090903
1679314091238,1679314091255
1679314091237,1679314091271
1679314091306,1679314091322
1679314091322,1679314091347
1679314091360,1679314091447
1679314091438,1679314091449
1679314091433,1679314091479
1679314091343,1679314091501
1679314091558,1679314091585
1679314091685,1679314091701
1679314091686,1679314091754
1679314091769,1679314091790
1679314091736,1679314091792
1679314091964,1679314091986
1679314091972,1679314091999
1679314092050,1679314092065
1679314092060,1679314092078
1679314092183,1679314092209
1679314092218,1679314092251
1679314092304,1679314092379
1679314092459,1679314092491
1679314092475,1679314092494
1679314092523,1679314092607
1679314092592,1679314092665
1679314092665,1679314092726
1679314092714,1679314092789
1679314092753,1679314092816
1679314092879,1679314092957
1679314092896,1679314092967
1679314093052,1679314093072
1679314093158,1679314093166
1679314093173,1679314093179
1679314093199,1679314093224
1679314093298,1679314093304
1679314093260,1679314093348
1679314093349,1679314093360
1679314093381,1679314093460
1679314093529,1679314093602
1679314093627,1679314093675
1679314093730,1679314093735
1679314093718,1679314093839
1679314093882,1679314093905
1679314093987,1679314093998
1679314093882,1679314094004
1679314093974,1679314094004
1679314094007,1679314094049
1679314094053,1679314094058
1679314094068,1679314094092
1679314094074,1679314094098
1679314094173,1679314094222
1679314094323,1679314094351
1679314094358,1679314094379
1679314094336,1679314094411
1679314094526,1679314094566
1679314094586,1679314094649
1679314094728,1679314094732
1679314094739,1679314094776
1679314094724,1679314094803
1679314094845,1679314094854
1679314094900,1679314095040
1679314095033,1679314095083
1679314095076,1679314095099
1679314095165,1679314095194
1679314095171,1679314095218
1679314095211,1679314095226
1679314095197,1679314095227
1679314095236,1679314095418
1679314095527,1679314095547
1679314095500,1679314095556
1679314095667,1679314095741
1679314095729,1679314095824
1679314095743,1679314095891
1679314095934,1679314095943
1679314096011,1679314096034
1679314096017,1679314096075
1679314096069,1679314096083
1679314096082,1679314096089
1679314096145,1679314096257
1679314096356,1679314096398
1679314096410,1679314096423
1679314096461,1679314096469
1679314096554,1679314096561
1679314096515,1679314096568
1679314096509,1679314096667
1679314096805,1679314096838
1679314096860,1679314096946
1679314096954,1679314096974
1679314096964,1679314096992
1679314097017,1679314097049
1679314097026,1679314097074
1679314097069,1679314097125
1679314097188,1679314097354
1679314097388,1679314097506
1679314097509,1679314097559
1679314097555,1679314097636
1679314097672,1679314097721
1679314097694,1679314097768
1679314097741,1679314097820
1679314097805,1679314097830
1679314097858,1679314097968
1679314098075,1679314098101
1679314098081,1679314098102
1679314098118,1679314098142
1679314098052,1679314098238
1679314098065,1679314098274
1679314098269,1679314098296
1679314098386,1679314098424
1679314098214,1679314098432
1679314098502,1679314098509
1679314098527,1679314098550
1679314098761,1679314098819
1679314098814,1679314098852
1679314098907,1679314098945
1679314099090,1679314099125
1679314099208,1679314099252
1679314099274,1679314099291
1679314099364,1679314099372
1679314099341,1679314099374
1679314099431,1679314099522
1679314099377,1679314099561
1679314099600,1679314099629
1679314099542,1679314099643
1679314099707,1679314099727
1679314099747,1679314099757
1679314099733,1679314099783
1679314099756,1679314099788
1679314099824,1679314099832
1679314099762,1679314099855
1679314099921,1679314099968
1679314099968,1679314099990
1679314100044,1679314100066
1679314100082,1679314100087
1679314100412,1679314100418
1679314100427,1679314100456
1679314100356,1679314100461
1679314100587,1679314100653
1679314100695,1679314100719
1679314100728,1679314100737
1679314100748,1679314100769
1679314100991,1679314101028
1679314100905,1679314101050
1679314101014,1679314101101
1679314101075,1679314101158
1679314101129,1679314101162
1679314101240,1679314101307
1679314101302,1679314101356
1679314101250,1679314101416
1679314101424,1679314101451
1679314101448,1679314101473
1679314101494,1679314101542
1679314101611,1679314101642
1679314101576,1679314101659
1679314101769,1679314101799
1679314101824,1679314101905
1679314101920,1679314101952
1679314102090,1679314102097
1679314102061,1679314102192
1679314102179,1679314102202
1679314102206,1679314102229
1679314102283,1679314102340
1679314102362,1679314102381
1679314102400,1679314102409
1679314102624,1679314102650
1679314102709,1679314102776
1679314102810,1679314102826
1679314102807,1679314102868
1679314102790,1679314102885
1679314102880,1679314102904
1679314102924,1679314102963
1679314103020,1679314103071
1679314103113,1679314103166
1679314103166,1679314103171
1679314103138,1679314103186
1679314103140,1679314103196
1679314103200,1679314103270
1679314103415,1679314103462
1679314103328,1679314103499
1679314103548,1679314103598
1679314103701,1679314103722
1679314103737,1679314103791
1679314103857,1679314103874
1679314103904,1679314103971
1679314103918,1679314103992
1679314104007,1679314104029
1679314103843,1679314104046
1679314104052,1679314104120
1679314104047,1679314104129
1679314104246,1679314104261
1679314104264,1679314104273
1679314104324,1679314104333
1679314104550,1679314104581
1679314104673,1679314104692
1679314104703,1679314104724
1679314104982,1679314104999
1679314104997,1679314105006
1679314104975,1679314105025
1679314105116,1679314105178
1679314105182,1679314105207
1679314105182,1679314105210
1679314105270,1679314105295
1679314105464,1679314105480
1679314105368,1679314105589
1679314105640,1679314105661
1679314105644,1679314105689
1679314105699,1679314105704
1679314105695,1679314105773
1679314105772,1679314105823
1679314105795,1679314105837
1679314105847,1679314105873
1679314106218,1679314106233
1679314106275,1679314106282
1679314106378,1679314106396
1679314106340,1679314106426
1679314106454,1679314106506
1679314106526,1679314106639
1679314106578,1679314106770
1679314106878,1679314106883
1679314106839,1679314106893
1679314106818,1679314106986
1679314107118,1679314107127
1679314107112,1679314107129
1679314107119,1679314107129
1679314107059,1679314107209
1679314107177,1679314107267
1679314107301,1679314107339
1679314107415,1679314107427
1679314107456,1679314107470
1679314107571,1679314107575
1679314107610,1679314107622
1679314107530,1679314107647
1679314107678,1679314107683
1679314107734,1679314107815
1679314107791,1679314107844
1679314107838,1679314107852
1679314107842,1679314107884
1679314107838,1679314107913
1679314108334,1679314108346
1679314108225,1679314108350
1679314108286,1679314108394
1679314108301,1679314108446
1679314108407,1679314108460
1679314108548,1679314108624
1679314108633,1679314108663
1679314108622,1679314108713
1679314108694,1679314108774
1679314108805,1679314108829
1679314109021,1679314109034
1679314109111,1679314109125
1679314109123,1679314109151
1679314109150,1679314109194
1679314109183,1679314109253
1679314109189,1679314109303
1679314109262,1679314109331
1679314109303,1679314109371
1679314109294,1679314109402
1679314109370,1679314109406
1679314109548,1679314109554
1679314109576,1679314109667
1679314109679,1679314109716
1679314109716,1679314109786
1679314109919,1679314109944
1679314109887,1679314109951
1679314109973,1679314110004
1679314110133,1679314110163
1679314110165,1679314110179
1679314110313,1679314110368
1679314110306,1679314110382
1679314110405,1679314110425
1679314110345,1679314110466
1679314110401,1679314110487
1679314110367,1679314110504
1679314110530,1679314110575
1679314110640,1679314110645
1679314110701,1679314110722
1679314110714,1679314110779
1679314110879,1679314110882
1679314111070,1679314111096
1679314111175,1679314111207
1679314111130,1679314111210
1679314111108,1679314111406
1679314111482,1679314111497
1679314111563,1679314111596
1679314111569,1679314111599
1679314111582,1679314111693
1679314111649,1679314111694
1679314111542,1679314111707
1679314111683,1679314111723
1679314111760,1679314111813
1679314111814,1679314111827
1679314111858,1679314111896
1679314111915,1679314111943
1679314111997,1679314112011
1679314111873,1679314112012
1679314112010,1679314112055
1679314112259,1679314112305
1679314112395,1679314112409
1679314112500,1679314112511
1679314112597,1679314112614
1679314112709,1679314112747
1679314112837,1679314112892
1679314112811,1679314112911
1679314112880,1679314112937
1679314113065,1679314113072
1679314113184,1679314113195
1679314113193,1679314113204
1679314113218,1679314113230
1679314113174,1679314113230
1679314113225,1679314113232
1679314113273,1679314113310
1679314113257,1679314113333
1679314113431,1679314113444
1679314113523,1679314113549
1679314113574,1679314113662
1679314113735,1679314113773
1679314113746,1679314113782
1679314113795,1679314113802
1679314113812,1679314113835
1679314113928,1679314114016
1679314114048,1679314114051
1679314114185,1679314114195
1679314114165,1679314114207
1679314114204,1679314114225
1679314114236,1679314114253
1679314114246,1679314114255
1679314114256,1679314114285
1679314114252,1679314114299
1679314114238,1679314114346
1679314114217,1679314114410
1679314114441,1679314114447
1679314114440,1679314114458
1679314114434,1679314114466
1679314114546,1679314114556
1679314114509,1679314114584
1679314114596,1679314114827
1679314114788,1679314114836
1679314115001,1679314115013
1679314115051,1679314115105
1679314115095,1679314115108
1679314115105,1679314115139
1679314115296,1679314115350
1679314115409,1679314115443
1679314115412,1679314115475
1679314115453,1679314115537
1679314115512,1679314115559
1679314115496,1679314115560
1679314115480,1679314115570
1679314115631,1679314115696
1679314115750,1679314115778
1679314115726,1679314115809
1679314115649,1679314115811
1679314115738,1679314115833
1679314115846,1679314115859
1679314115936,1679314115964
1679314115997,1679314116110
1679314116199,1679314116330
1679314116425,1679314116497
1679314116527,1679314116534
1679314116518,1679314116546
1679314116592,1679314116690
1679314116668,1679314116695
1679314116711,1679314116720
1679314116775,1679314116822
1679314116821,1679314116887
1679314116784,1679314116978
1679314117063,1679314117082
1679314117027,1679314117083
1679314116985,1679314117122
1679314117231,1679314117236
1679314117260,1679314117275
1679314117299,1679314117350
1679314117308,1679314117374
1679314117575,1679314117582
1679314117550,1679314117686
1679314117668,1679314117689
1679314117747,1679314117755
1679314117902,1679314117910
1679314117796,1679314117921
1679314118006,1679314118026
1679314118107,1679314118148
1679314118135,1679314118150
1679314118094,1679314118184
1679314118139,1679314118284
1679314118242,1679314118318
1679314118462,1679314118522
1679314118570,1679314118589
1679314118629,1679314118641
1679314118608,1679314118663
1679314118653,1679314118667
1679314118650,1679314118758
1679314118928,1679314118976
1679314118973,1679314119036
1679314119089,1679314119115
1679314119167,1679314119173
1679314119210,1679314119223
1679314119334,1679314119341
1679314119320,1679314119351
1679314119208,1679314119368
1679314119339,1679314119501
1679314119418,1679314119568
1679314119541,1679314119599
1679314119582,1679314119636
1679314119758,1679314119763
1679314119677,1679314119778
1679314119815,1679314119831
1679314119868,1679314119875
1679314119856,1679314119886
1679314119972,1679314119983
1679314120000,1679314120009
1679314120027,1679314120034
1679314119989,1679314120046
1679314120084,1679314120089
1679314120094,1679314120134
1679314120290,1679314120339
1679314120482,1679314120628
1679314120609,1679314120632
1679314120621,1679314120682
1679314120685,1679314120707
1679314120864,1679314120876
1679314120857,1679314120909
1679314121058,1679314121061
1679314121111,1679314121218
1679314121277,1679314121308
1679314121480,1679314121499
1679314121540,1679314121545
1679314121597,1679314121602
1679314121619,1679314121661
1679314121612,1679314121681
1679314121659,1679314121692
1679314121713,1679314121727
1679314121744,1679314121803
1679314121677,1679314121809
1679314121942,1679314122078
1679314122136,1679314122155
1679314122098,1679314122210
1679314122163,1679314122264
1679314122307,1679314122402
1679314122399,1679314122411
1679314122404,1679314122423
1679314122329,1679314122464
1679314122626,1679314122631
1679314122592,1679314122653
1679314122656,1679314122684
1679314122672,1679314122700
1679314122714,1679314122743
1679314122734,1679314122779
1679314122972,1679314122988
1679314123021,1679314123029
1679314123241,1679314123320
1679314123386,1679314123412
1679314123378,1679314123434
1679314123379,1679314123448
1679314123585,1679314123623
1679314123648,1679314123655
1679314123552,1679314123665
1679314123671,1679314123695
1679314123755,1679314123815
1679314123788,1679314123828
1679314123763,1679314123851
1679314123733,1679314123865
1679314123872,1679314123893
1679314123906,1679314123950
1679314123911,1679314123954
1679314124023,1679314124045
1679314124086,1679314124172
1679314124132,1679314124198
1679314124362,1679314124367
1679314124405,1679314124441
1679314124397,1679314124466
1679314124451,1679314124509
1679314124555,1679314124561
1679314124606,1679314124626
1679314124642,1679314124651
1679314124617,1679314124712
1679314124754,1679314124791
1679314124891,1679314124920
1679314124871,1679314124926
1679314124961,1679314124985
1679314124951,1679314125043
1679314125171,1679314125228
1679314125270,1679314125275
1679314125283,1679314125404
1679314125384,1679314125431
1679314125499,1679314125506
1679314125531,1679314125541
1679314125634,1679314125641
1679314125803,1679314125881
1679314125957,1679314125984
1679314125907,1679314125985
1679314125837,1679314126008
1679314125948,1679314126024
1679314126033,1679314126045
1679314126051,1679314126059
1679314126130,1679314126144
1679314126224,1679314126265
1679314126316,1679314126365
1679314126460,1679314126471
1679314126468,1679314126473
1679314126463,1679314126493
1679314126495,1679314126497
1679314126643,1679314126696
1679314126696,1679314126755
1679314126786,1679314126862
1679314126837,1679314126865
1679314126871,1679314126886
1679314126965,1679314127017
1679314127012,1679314127019
1679314126996,1679314127051
1679314126964,1679314127077
1679314127117,1679314127149
1679314127265,1679314127322
1679314127292,1679314127328
1679314127342,1679314127367
1679314127326,1679314127468
1679314127688,1679314127725
1679314127773,1679314127779
1679314127928,1679314127939
1679314127909,1679314127978
1679314127927,1679314128035
1679314128133,1679314128170
1679314128129,1679314128176
1679314128182,1679314128204
1679314128271,1679314128277
1679314128214,1679314128332
1679314128298,1679314128334
1679314128455,1679314128478
1679314128499,1679314128539
1679314128513,1679314128553
1679314128519,1679314128569
1679314128546,1679314128589
1679314128505,1679314128607
1679314128680,1679314128685
1679314128517,1679314128710
1679314128638,1679314128717
1679314128670,1679314128727
1679314128756,1679314128808
1679314128605,1679314128891
1679314128991,1679314128998
1679314129169,1679314129225
1679314129209,1679314129263
1679314129395,1679314129403
1679314129306,1679314129414
1679314129406,1679314129419
1679314129470,1679314129489
1679314129479,1679314129537
1679314129414,1679314129599
1679314129696,1679314129727
1679314129746,1679314129783
1679314129767,1679314129824
1679314129794,1679314129842
1679314129787,1679314129887
1679314129889,1679314129906
1679314129965,1679314129981
1679314129954,1679314130058
1679314130163,1679314130177
1679314130127,1679314130197
1679314130183,1679314130296
1679314130338,1679314130370
1679314130472,1679314130481
1679314130494,1679314130515
1679314130834,1679314130849
1679314130831,1679314130874
1679314130823,1679314130888
1679314130885,1679314130890
1679314130907,1679314130911
1679314130904,1679314130957
1679314130961,1679314130965
1679314130988,1679314130996
1679314130849,1679314131041
1679314130973,1679314131049
1679314131112,1679314131158
1679314131154,1679314131210
1679314131421,1679314131439
1679314131514,1679314131526
1679314131490,1679314131535
1679314131749,1679314131769
1679314131786,1679314131826
1679314131913,1679314131987
1679314132025,1679314132039
1679314132019,1679314132077
1679314132104,1679314132109
1679314132089,1679314132155
1679314132122,1679314132159
1679314132158,1679314132223
1679314132120,1679314132277
1679314132266,1679314132325
1679314132217,1679314132328
1679314132299,1679314132360
1679314132403,1679314132445
1679314132543,1679314132557
1679314132572,1679314132588
1679314132585,1679314132608
1679314132576,1679314132610
1679314132650,1679314132724
1679314132913,1679314132936
1679314133094,1679314133112
1679314133133,1679314133185
1679314133158,1679314133188
1679314133245,1679314133276
1679314133168,1679314133322
1679314133373,1679314133416
1679314133437,1679314133461
1679314133484,1679314133500
1679314133435,1679314133521
1679314133485,1679314133574
1679314133543,1679314133590
1679314133766,1679314133812
1679314133818,1679314133913
1679314133936,1679314133956
1679314134002,1679314134062
1679314134119,1679314134127
1679314134132,1679314134190
1679314134256,1679314134295
1679314134423,1679314134438
1679314134347,1679314134479
1679314134521,1679314134529
1679314134531,1679314134581
1679314134621,1679314134645
1679314134635,1679314134650
1679314134631,1679314134654
1679314134640,1679314134660
1679314134683,1679314134693
1679314134762,1679314134835
1679314134817,1679314134933
1679314134919,1679314134940
1679314134925,1679314134944
1679314135008,1679314135028
1679314135005,1679314135040
1679314135120,1679314135148
1679314135028,1679314135157
1679314135204,1679314135215
1679314135423,1679314135437
1679314135354,1679314135500
1679314135617,1679314135660
1679314135526,1679314135704
1679314135621,1679314135724
1679314135748,1679314135789
1679314136009,1679314136015
1679314135999,1679314136019
1679314135981,1679314136020
1679314135962,1679314136058
1679314136039,1679314136074
1679314136252,1679314136304
1679314136148,1679314136347
1679314136327,1679314136362
1679314136484,1679314136494
1679314136578,1679314136582
1679314136559,1679314136583
1679314136605,1679314136690
1679314136653,1679314136692
1679314136836,1679314136882
1679314136973,1679314137020
1679314137298,1679314137304
1679314137321,1679314137330
1679314137266,1679314137358
1679314137419,1679314137434
1679314137435,1679314137457
1679314137418,1679314137467
1679314137489,1679314137504
1679314137528,1679314137561
1679314137691,1679314137695
1679314137654,1679314137715
1679314137744,1679314137816
1679314137860,1679314137911
1679314137868,1679314137923
1679314137895,1679314137961
1679314137907,1679314137965
1679314138070,1679314138082
1679314138127,1679314138165
1679314138483,1679314138531
1679314138610,1679314138667
1679314138703,1679314138722
1679314138709,1679314138723
1679314138741,1679314138759
1679314138768,1679314138827
1679314138910,1679314138934
1679314138832,1679314138934
1679314138932,1679314138942
1679314138865,1679314138960
1679314139001,1679314139023
1679314139025,1679314139043
1679314139060,1679314139095
1679314139123,1679314139184
1679314139323,1679314139400
1679314139430,1679314139439
1679314139455,1679314139571
1679314139551,1679314139622
1679314139583,1679314139653
1679314139622,1679314139657
1679314139638,1679314139678
1679314139697,1679314139716
1679314139826,1679314139911
1679314140002,1679314140020
1679314140230,1679314140286
1679314140313,1679314140323
1679314140325,1679314140333
1679314140333,1679314140439
1679314140381,1679314140458
1679314140517,1679314140554
1679314140611,1679314140615
1679314140625,1679314140688
1679314140642,1679314140715
1679314140707,1679314140845
1679314140893,1679314140922
1679314140935,1679314140939
1679314140846,1679314141031
1679314141060,1679314141069
1679314141072,1679314141137
1679314141414,1679314141420
1679314141442,1679314141483
1679314141647,1679314141689
1679314141679,1679314141723
1679314141736,1679314141744
1679314141596,1679314141745
1679314141729,1679314141746
1679314141757,1679314141782
1679314141764,1679314141789
1679314141738,1679314141793
1679314141780,1679314141799
1679314141756,1679314141906
1679314142054,1679314142064
1679314142050,1679314142100
1679314142208,1679314142214
1679314142191,1679314142271
1679314142422,1679314142432
1679314142415,1679314142443
1679314142639,1679314142684
1679314142649,1679314142769
1679314142815,1679314142886
1679314142889,1679314142895
1679314142943,1679314142963
1679314143122,1679314143189
1679314143164,1679314143190
1679314143151,1679314143208
1679314143175,1679314143224
1679314143239,1679314143276
1679314143341,1679314143391
1679314143349,1679314143396
1679314143259,1679314143421
1679314143269,1679314143427
1679314143563,1679314143629
1679314143603,1679314143635
1679314143699,1679314143737
1679314143709,1679314143899
1679314144135,1679314144140
1679314144257,1679314144280
1679314144268,1679314144323
1679314144485,1679314144493
1679314144495,1679314144500
1679314144532,1679314144560
1679314144645,1679314144666
1679314144603,1679314144730
1679314144778,1679314144811
1679314144818,1679314144840
1679314144758,1679314144864
1679314144811,1679314144900
1679314144947,1679314144955
1679314144935,1679314144994
1679314145009,1679314145013
1679314145027,1679314145139
1679314145151,1679314145166
1679314145156,1679314145171
1679314145088,1679314145173
1679314145073,1679314145324
1679314145465,1679314145503
1679314145704,1679314145759
1679314145735,1679314145770
1679314145838,1679314145849
1679314145835,1679314145857
1679314145840,1679314145882
1679314145836,1679314145892
1679314145945,1679314145982
1679314145982,1679314146004
1679314145831,1679314146009
1679314146018,1679314146028
1679314146041,1679314146056
1679314145997,1679314146057
1679314146021,1679314146080
1679314146162,1679314146197
1679314146285,1679314146297
1679314146210,1679314146313
1679314146411,1679314146414
1679314146255,1679314146437
1679314146475,1679314146507
1679314146651,1679314146669
1679314146712,1679314146715
1679314146852,1679314146893
1679314147064,1679314147074
1679314147133,1679314147142
1679314147122,1679314147210
1679314147293,1679314147297
1679314147245,1679314147323
1679314147284,1679314147325
1679314147369,1679314147383
1679314147405,1679314147415
1679314147438,1679314147460
1679314147530,1679314147534
1679314147504,1679314147681
1679314147694,1679314147722
1679314147625,1679314147777
1679314147598,1679314147855
1679314147840,1679314147936
1679314147828,1679314147949
1679314148151,1679314148185
1679314148193,1679314148210
1679314148311,1679314148316
1679314148272,1679314148316
1679314148285,1679314148338
1679314148337,1679314148360
1679314148442,1679314148449
1679314148437,1679314148467
1679314148495,1679314148552
1679314148524,1679314148604
1679314148689,1679314148721
1679314148717,1679314148754
1679314148757,1679314148762
1679314148754,1679314148767
1679314148829,1679314148847
1679314148891,1679314149033
1679314149007,1679314149052
1679314149171,1679314149198
1679314149404,1679314149434
1679314149433,1679314149481
1679314149403,1679314149491
1679314149458,1679314149497
1679314149422,1679314149543
1679314149539,1679314149603
1679314149635,1679314149643
1679314149653,1679314149673
1679314149786,1679314149793
1679314149774,1679314149820
1679314149828,1679314149953
1679314149974,1679314150040
1679314150064,1679314150130
1679314150101,1679314150168
1679314150113,1679314150210
1679314150224,1679314150232
1679314150229,1679314150289
1679314150339,1679314150354
1679314150303,1679314150370
1679314150342,1679314150431
1679314150447,1679314150560
1679314150539,1679314150575
1679314150813,1679314150953
1679314150935,1679314150982
1679314150775,1679314151015
1679314151112,1679314151143
1679314151115,1679314151171
1679314151124,1679314151200
1679314151299,1679314151368
1679314151387,1679314151392
1679314151369,1679314151410
1679314151441,1679314151493
1679314151693,1679314151715
1679314151712,1679314151866
1679314151880,1679314151921
1679314151907,1679314151937
1679314151915,1679314151942
1679314151949,1679314151958
1679314151952,1679314151964
1679314151959,1679314152086
1679314152079,1679314152094
1679314152057,1679314152188
1679314152088,1679314152198
1679314152342,1679314152358
1679314152277,1679314152419
1679314152473,1679314152492
1679314152555,1679314152608
1679314152558,1679314152611
1679314152650,1679314152662
1679314152717,1679314152743
1679314152827,1679314152839
1679314152888,1679314152904
1679314152982,1679314152988
1679314152965,1679314152990
1679314152975,1679314152998
1679314153154,1679314153201
1679314153257,1679314153268
1679314153194,1679314153274
1679314153396,1679314153436
1679314153244,1679314153445
1679314153514,1679314153552
1679314153531,1679314153559
1679314153522,1679314153589
1679314153633,1679314153656
1679314153692,1679314153740
1679314153791,1679314153829
1679314153728,1679314153882
1679314153842,1679314153891
1679314153910,1679314153915
1679314153902,1679314153936
1679314153915,1679314154014
1679314154024,1679314154027
1679314154050,1679314154141
1679314154118,1679314154194
1679314154220,1679314154238
1679314154212,1679314154249
1679314154312,1679314154323
1679314154551,1679314154577
1679314154557,1679314154597
1679314154632,1679314154695
1679314154853,1679314154904
1679314154841,1679314154909
1679314154909,1679314154913
1679314154909,1679314154976
1679314155019,1679314155039
1679314155143,1679314155202
1679314155234,1679314155243
1679314155232,1679314155266
1679314155225,1679314155317
1679314155307,1679314155349
1679314155395,1679314155438
1679314155531,1679314155552
1679314155544,1679314155574
1679314155343,1679314155597
1679314155599,1679314155611
1679314155601,1679314155635
1679314155616,1679314155650
1679314155621,1679314155680
1679314155799,1679314155807
1679314156003,1679314156054
1679314156006,1679314156067
1679314156082,1679314156125
1679314156175,1679314156194
1679314156198,1679314156230
1679314156297,1679314156354
1679314156407,1679314156465
1679314156481,1679314156519
1679314156490,1679314156561
1679314156622,1679314156726
1679314156606,1679314156740
1679314156946,1679314156960
1679314156892,1679314156967
1679314156952,1679314156970
1679314156975,1679314157040
1679314156968,1679314157159
1679314157103,1679314157181
1679314157192,1679314157217
1679314157246,1679314157315
1679314157368,1679314157383
1679314157382,1679314157388
1679314157262,1679314157394
1679314157399,1679314157473
1679314157469,1679314157477
1679314157507,1679314157513
1679314157491,1679314157536
1679314157589,1679314157630
1679314157761,1679314157797
1679314157769,1679314157850
1679314158155,1679314158169
1679314158178,1679314158189
1679314158214,1679314158299
1679314158290,1679314158316
1679314158284,1679314158330
1679314158440,1679314158468
1679314158460,1679314158513
1679314158441,1679314158537
1679314158469,1679314158586
1679314158584,1679314158595
1679314158597,1679314158631
1679314158628,1679314158671
1679314158618,1679314158692
1679314158694,1679314158751
1679314158786,1679314158854
1679314158919,1679314158950
1679314158992,1679314159004
1679314159292,1679314159306
1679314159222,1679314159346
1679314159373,1679314159394
1679314159387,1679314159448
1679314159535,1679314159550
1679314159654,1679314159658
1679314159721,1679314159726
1679314159710,1679314159767
1679314159780,1679314159800
1679314159892,1679314159937
1679314159841,1679314159948
1679314159922,1679314159963
1679314159986,1679314160025
1679314160002,1679314160041
1679314160056,1679314160073
1679314160084,1679314160102
1679314160093,1679314160119
1679314160065,1679314160157
1679314160126,1679314160184
1679314160422,1679314160440
1679314160526,1679314160574
1679314160635,1679314160673
1679314160814,1679314160823
1679314160911,1679314160921
1679314160958,1679314161005
1679314161001,1679314161011
1679314161023,1679314161040
1679314161067,1679314161092
1679314161085,1679314161105
1679314161076,1679314161121
1679314161117,1679314161184
1679314161176,1679314161207
1679314161276,1679314161315
1679314161268,1679314161323
1679314161294,1679314161382
1679314161343,1679314161445
1679314161442,1679314161498
1679314161714,1679314161729
1679314161719,1679314161753
1679314161776,1679314161810
1679314161761,1679314161821
1679314161735,1679314161833
1679314162069,1679314162089
1679314161969,1679314162099
1679314162237,1679314162244
1679314162331,1679314162334
1679314162345,1679314162368
1679314162323,1679314162372
1679314162386,1679314162391
1679314162464,1679314162468
1679314162396,1679314162468
1679314162481,1679314162519
1679314162650,1679314162695
1679314162760,1679314162821
1679314162773,1679314162822
1679314162874,1679314162914
1679314162891,1679314162958
1679314162969,1679314162976
1679314163117,1679314163142
1679314163252,1679314163278
1679314163376,1679314163381
1679314163386,1679314163452
1679314163380,1679314163549
1679314163530,1679314163573
1679314163516,1679314163579
1679314163569,1679314163605
1679314163439,1679314163629
1679314163658,1679314163674
1679314163709,1679314163723
1679314163719,1679314163731
1679314163697,1679314163741
1679314163834,1679314163892
1679314163994,1679314164053
1679314164053,1679314164059
1679314164043,1679314164089
1679314164135,1679314164170
1679314164125,1679314164202
1679314164133,1679314164230
1679314164335,1679314164384
1679314164321,1679314164414
1679314164510,1679314164562
1679314164626,1679314164630
1679314164553,1679314164631
1679314164783,1679314164792
1679314164737,1679314164796
1679314164913,1679314164985
1679314165039,1679314165053
1679314165090,1679314165097
1679314165100,1679314165112
1679314165158,1679314165200
1679314165172,1679314165200
1679314165177,1679314165224
1679314165193,1679314165264
1679314165429,1679314165477
1679314165449,1679314165482
1679314165389,1679314165484
1679314165499,1679314165528
1679314165534,1679314165546
1679314165594,1679314165605
1679314165604,1679314165608
1679314165726,1679314165745
1679314165650,1679314165750
1679314165955,1679314165978
1679314166109,1679314166125
1679314166149,1679314166176
1679314166302,1679314166325
1679314166413,1679314166421
1679314166439,1679314166495
1679314166487,1679314166504
1679314166501,1679314166613
1679314166655,1679314166716
1679314166676,1679314166746
1679314166741,1679314166762
1679314166818,1679314166908
1679314166801,1679314166928
1679314166881,1679314166952
1679314166952,1679314166968
1679314166914,1679314167006
1679314167160,1679314167199
1679314167208,1679314167264
1679314167266,1679314167297
1679314167337,1679314167356
1679314167251,1679314167369
1679314167344,1679314167375
1679314167403,1679314167455
1679314167623,1679314167658
1679314167556,1679314167771
1679314167690,1679314167775
1679314167825,1679314167830
1679314167830,1679314167853
1679314167723,1679314167881
1679314168003,1679314168010
1679314168028,1679314168035
1679314168038,1679314168110
1679314168228,1679314168231
1679314168290,1679314168410
1679314168457,1679314168530
1679314168522,1679314168545
1679314168536,1679314168587
1679314168539,1679314168665
1679314168601,1679314168705
1679314168701,1679314168749
1679314168903,1679314168939
1679314168883,1679314168991
1679314169029,1679314169032
1679314169020,1679314169076
1679314169195,1679314169212
1679314169324,1679314169341
1679314169221,1679314169419
1679314169515,1679314169549
1679314169520,1679314169605
1679314169582,1679314169643
1679314169660,1679314169728
1679314169728,1679314169803
1679314169626,1679314169817
1679314169810,1679314169838
1679314169844,1679314169868
1679314169902,1679314169916
1679314170160,1679314170177
1679314170183,1679314170232
1679314170370,1679314170379
1679314170414,1679314170418
1679314170483,1679314170510
1679314170550,1679314170580
1679314170587,1679314170613
1679314170571,1679314170619
1679314170714,1679314170749
1679314170780,1679314170818
1679314170803,1679314170854
1679314170829,1679314170918
1679314170911,1679314170966
1679314170996,1679314171037
1679314171116,1679314171143
1679314171126,1679314171156
1679314171182,1679314171191
1679314171169,1679314171308
1679314171465,1679314171494
1679314171431,1679314171532
1679314171533,1679314171540
1679314171493,1679314171563
1679314171444,1679314171608
1679314171605,1679314171637
1679314171654,1679314171700
1679314171715,1679314171723
1679314171712,1679314171771
1679314171861,1679314171919
1679314172096,1679314172119
1679314172205,1679314172230
1679314172203,1679314172238
1679314172269,1679314172354
1679314172362,1679314172367
1679314172324,1679314172411
1679314172435,1679314172537
1679314172561,1679314172582
1679314172689,1679314172704
1679314172687,1679314172748
1679314172953,1679314173055
1679314173029,1679314173074
1679314173013,1679314173131
1679314173085,1679314173150
1679314173233,1679314173282
1679314173294,1679314173349
1679314173327,1679314173393
1679314173432,1679314173479
1679314173448,1679314173515
1679314173454,1679314173540
1679314173537,1679314173593
1679314173730,1679314173741
1679314173756,1679314173802
1679314173780,1679314173819
1679314173806,1679314173829
1679314173886,1679314173968
1679314174041,1679314174058
1679314174160,1679314174219
1679314174246,1679314174311
1679314174609,1679314174625
1679314174594,1679314174651
1679314174671,1679314174690
1679314174750,1679314174765
1679314174760,1679314174819
1679314174716,1679314174840
1679314174859,1679314174872
1679314174863,1679314174931
1679314174926,1679314174956
1679314175101,1679314175116
1679314175362,1679314175377
1679314175373,1679314175408
1679314175428,1679314175430
1679314175416,1679314175439
1679314175362,1679314175456
1679314175506,1679314175539
1679314175553,1679314175593
1679314175480,1679314175616
1679314175601,1679314175617
1679314175666,1679314175762
1679314175676,1679314175768
1679314175927,1679314175968
1679314175951,1679314175984
1679314175947,1679314176011
1679314176058,1679314176085
1679314176109,1679314176170
1679314176168,1679314176207
1679314176242,1679314176252
1679314176242,1679314176256
1679314176403,1679314176546
1679314176477,1679314176549
1679314176793,1679314176817
1679314176803,1679314176822
1679314176852,1679314176857
1679314176864,1679314176927
1679314176949,1679314176988
1679314176983,1679314177006
1679314176951,1679314177036
1679314177031,1679314177150
1679314177134,1679314177156
1679314177254,1679314177260
1679314177252,1679314177269
1679314177261,1679314177282
1679314177318,1679314177337
1679314177310,1679314177360
1679314177332,1679314177382
1679314177559,1679314177607
1679314177569,1679314177643
1679314177718,1679314177754
1679314177776,1679314177783
1679314177899,1679314177902
1679314177927,1679314178043
1679314177897,1679314178073
1679314178063,1679314178090
1679314178314,1679314178337
1679314178322,1679314178348
1679314178328,1679314178412
1679314178371,1679314178413
1679314178459,1679314178463
1679314178421,1679314178492
1679314178440,1679314178555
1679314178616,1679314178668
1679314178943,1679314178956
1679314179078,1679314179149
1679314179135,1679314179158
1679314179194,1679314179215
1679314179194,1679314179236
1679314179181,1679314179239
1679314179285,1679314179301
1679314179312,1679314179318
1679314179303,1679314179348
1679314179277,1679314179354
1679314179553,1679314179564
1679314179562,1679314179583
1679314179740,1679314179766
1679314179810,1679314179826
1679314179981,1679314180005
1679314179945,1679314180035
1679314180022,1679314180042
1679314179992,1679314180045
1679314180091,1679314180182
1679314180085,1679314180194
1679314180233,1679314180236
1679314180204,1679314180236
1679314180347,1679314180364
1679314180392,1679314180413
1679314180392,1679314180438
1679314180364,1679314180511
1679314180863,1679314180885
1679314180918,1679314181031
1679314181075,1679314181087
1679314181126,1679314181137
1679314181151,1679314181159
1679314181129,1679314181245
1679314181165,1679314181267
1679314181198,1679314181273
1679314181291,1679314181298
1679314181305,1679314181318
1679314181440,1679314181504
1679314181480,1679314181514
1679314181546,1679314181556
1679314181535,1679314181565
1679314181747,1679314181768
1679314181774,1679314181802
1679314182098,1679314182147
1679314182164,1679314182180
1679314182156,1679314182201
1679314182272,1679314182280
1679314182350,1679314182360
1679314182325,1679314182433
1679314182438,1679314182490
1679314182472,1679314182490
1679314182551,1679314182583
1679314182522,1679314182596
1679314182609,1679314182661
1679314182565,1679314182715
1679314182440,1679314182738
1679314182796,1679314182809
1679314182986,1679314183010
1679314183051,1679314183083
1679314183069,1679314183108
1679314183080,1679314183200
1679314183218,1679314183238
1679314183096,1679314183242
1679314183312,1679314183325
1679314183327,1679314183368
1679314183477,1679314183594
1679314183591,1679314183626
1679314183572,1679314183646
1679314183704,1679314183771
1679314183755,1679314183797
1679314183854,1679314183883
1679314183872,1679314183898
1679314183808,1679314183931
1679314183933,1679314183952
1679314184101,1679314184106
1679314184137,1679314184167
1679314184132,1679314184203
1679314184217,1679314184235
1679314184485,1679314184495
1679314184526,1679314184536
1679314184687,1679314184751
1679314184751,1679314184756
1679314184905,1679314184917
1679314184891,1679314184923
1679314184975,1679314185014
1679314185058,1679314185069
1679314185026,1679314185087
1679314185100,1679314185146
1679314185385,1679314185413
1679314185364,1679314185464
1679314185525,1679314185613
1679314185618,1679314185666
1679314185581,1679314185667
1679314185674,1679314185683
1679314185683,1679314185698
1679314185696,1679314185700
1679314185705,1679314185723
1679314185769,1679314185822
1679314185949,1679314185977
1679314185954,1679314185984
1679314186023,1679314186061
1679314186316,1679314186349
1679314186277,1679314186366
1679314186362,1679314186383
1679314186428,1679314186487
1679314186544,1679314186571
1679314186570,1679314186580
1679314186608,1679314186614
1679314186603,1679314186623
1679314186708,1679314186720
1679314186753,1679314186804
1679314186848,1679314186897
1679314186851,1679314186902
1679314186916,1679314186985
1679314186971,1679314186994
1679314186932,1679314187032
1679314187008,1679314187047
1679314187493,1679314187568
1679314187579,1679314187591
1679314187766,1679314187787
1679314187805,1679314187914
1679314187896,1679314187932
1679314187841,1679314187947
1679314188002,1679314188016
1679314188084,1679314188175
1679314188232,1679314188237
1679314188269,1679314188337
1679314188255,1679314188404
1679314188404,1679314188433
1679314188406,1679314188434
1679314188417,1679314188436
1679314188615,1679314188626
1679314188806,1679314188823
1679314188846,1679314188854
1679314188918,1679314188921
1679314188908,1679314188944
1679314188936,1679314188949
1679314188937,1679314188971
1679314189181,1679314189189
1679314189231,1679314189237
1679314189466,1679314189591
1679314189526,1679314189605
1679314189619,1679314189638
1679314189575,1679314189690
1679314189689,1679314189719
1679314189685,1679314189727
1679314189736,1679314189740
1679314189853,1679314189863
1679314189878,1679314189892
1679314190121,1679314190151
1679314190081,1679314190161
1679314190100,1679314190163
1679314190181,1679314190200
1679314190419,1679314190435
1679314190528,1679314190536
1679314190488,1679314190541
1679314190564,1679314190570
1679314190618,1679314190637
1679314190578,1679314190708
1679314190738,1679314190810
1679314190865,1679314190917
1679314190667,1679314190939
1679314191031,1679314191137
1679314191111,1679314191186
1679314191180,1679314191190
1679314191208,1679314191241
1679314191245,1679314191357
1679314191333,1679314191368
1679314191466,1679314191481
1679314191479,1679314191490
1679314191507,1679314191569
1679314191627,1679314191633
1679314191726,1679314191743
1679314191725,1679314191756
1679314191866,1679314191881
1679314191982,1679314192033
1679314191974,1679314192070
1679314192046,1679314192136
1679314192282,1679314192302
1679314192317,1679314192359
1679314192379,1679314192437
1679314192471,1679314192480
1679314192456,1679314192481
1679314192462,1679314192509
1679314192324,1679314192541
1679314192516,1679314192574
1679314192510,1679314192635
1679314192664,1679314192669
1679314192764,1679314192797
1679314192819,1679314192852
1679314192991,1679314193069
1679314193132,1679314193159
1679314193213,1679314193250
1679314193242,1679314193277
1679314193303,1679314193328
1679314193324,1679314193345
1679314193405,1679314193443
1679314193358,1679314193535
1679314193395,1679314193599
1679314193727,1679314193753
1679314193641,1679314193819
1679314193918,1679314193922
1679314193914,1679314193958
1679314193990,1679314194006
1679314194058,1679314194105
1679314194116,1679314194139
1679314194112,1679314194144
1679314194080,1679314194174
1679314194280,1679314194293
1679314194349,1679314194357
1679314194481,1679314194486
1679314194494,1679314194541
1679314194538,1679314194545
1679314194505,1679314194559
1679314194493,1679314194605
1679314194610,1679314194697
1679314194699,1679314194715
1679314194794,1679314194799
1679314194781,1679314194940
1679314194830,1679314194966
1679314195046,1679314195070
1679314195114,1679314195160
1679314195064,1679314195164
1679314195228,1679314195281
1679314195066,1679314195315
1679314195299,1679314195336
1679314195388,1679314195393
1679314195330,1679314195451
1679314195501,1679314195510
1679314195547,1679314195600
1679314195574,1679314195603
1679314195517,1679314195615
1679314195661,1679314195678
1679314195609,1679314195697
1679314195703,1679314195733
1679314195681,1679314195741
1679314195778,1679314195803
1679314195875,1679314195885
1679314196205,1679314196253
1679314196279,1679314196335
1679314196362,1679314196367
1679314196355,1679314196368
1679314196436,1679314196477
1679314196450,1679314196587
1679314196591,1679314196612
1679314196816,1679314196822
1679314196654,1679314196867
1679314196820,1679314196933
1679314196953,1679314197017
1679314196997,1679314197065
1679314197084,1679314197094
1679314197140,1679314197189
1679314197105,1679314197247
1679314197317,1679314197323
1679314197335,1679314197339
1679314197455,1679314197484
1679314197495,1679314197550
1679314197536,1679314197556
1679314197588,1679314197616
1679314197611,1679314197679
1679314197699,1679314197745
1679314197827,1679314197851
1679314197915,1679314197951
1679314198107,1679314198223
1679314198267,1679314198292
1679314198303,1679314198345
1679314198337,1679314198424
1679314198445,1679314198465
1679314198505,1679314198559
1679314198605,1679314198610
1679314198734,1679314198740
1679314198701,1679314198749
1679314198766,1679314198772
1679314198853,1679314198877
1679314198877,1679314198881
1679314198905,1679314198993
1679314199025,1679314199048
1679314199076,1679314199083
1679314199090,1679314199114
1679314199398,1679314199423
1679314199458,1679314199510
1679314199476,1679314199513
1679314199514,1679314199567
1679314199595,1679314199605
1679314199585,1679314199607
1679314199576,1679314199608
1679314199509,1679314199640
1679314199646,1679314199727
1679314199813,1679314199839
1679314199794,1679314199867
1679314200013,1679314200039
1679314200190,1679314200241
1679314200254,1679314200259
1679314200369,1679314200385
1679314200403,1679314200440
1679314200437,1679314200483
1679314200445,1679314200493
1679314200467,1679314200496
1679314200539,1679314200558
1679314200682,1679314200695
1679314200702,1679314200736
1679314200696,1679314200740
1679314200782,1679314200858
1679314200818,1679314200870
1679314200929,1679314200947
1679314200952,1679314200966
1679314200829,1679314201025
1679314201020,1679314201028
1679314201113,1679314201168
1679314201246,1679314201264
1679314201309,1679314201326
1679314201288,1679314201329
1679314201311,1679314201342
1679314201409,1679314201510
1679314201510,1679314201583
1679314201574,1679314201606
1679314201827,1679314201853
1679314201761,1679314201875
1679314201967,1679314202022
1679314202061,1679314202094
1679314201985,1679314202178
1679314202104,1679314202184
1679314202221,1679314202241
1679314202222,1679314202250
1679314202403,1679314202420
1679314202444,1679314202554
1679314202544,1679314202573
1679314202564,1679314202579
1679314202617,1679314202624
1679314202631,1679314202679
1679314202621,1679314202713
1679314202670,1679314202727
1679314202848,1679314202860
1679314202807,1679314202927
1679314202908,1679314202930
1679314202915,1679314202949
1679314202919,1679314202949
1679314202943,1679314202995
1679314202952,1679314203052
1679314203065,1679314203107
1679314203133,1679314203145
1679314203046,1679314203262
1679314203486,1679314203501
1679314203660,1679314203665
1679314203732,1679314203743
1679314203684,1679314203768
1679314203717,1679314203818
1679314203836,1679314203863
1679314203816,1679314203961
1679314203930,1679314203994
1679314204083,1679314204093
1679314204010,1679314204124
1679314204143,1679314204148
1679314203919,1679314204234
1679314204141,1679314204276
1679314204511,1679314204535
1679314204531,1679314204537
1679314204597,1679314204631
1679314204630,1679314204749
1679314204764,1679314204774
1679314204779,1679314204816
1679314204847,1679314204865
1679314204842,1679314204891
1679314204830,1679314205080
1679314204969,1679314205093
1679314205073,1679314205100
1679314205122,1679314205150
1679314205249,1679314205254
1679314205461,1679314205466
1679314205418,1679314205509
1679314205565,1679314205578
1679314205600,1679314205607
1679314205700,1679314205772
1679314205769,1679314205837
1679314205753,1679314205878
1679314206017,1679314206021
1679314206036,1679314206048
1679314206019,1679314206067
1679314206027,1679314206090
1679314206091,1679314206154
1679314206060,1679314206179
1679314206218,1679314206225
1679314206252,1679314206282
1679314206307,1679314206333
1679314206587,1679314206594
1679314206631,1679314206646
1679314206637,1679314206671
1679314206819,1679314206840
1679314206824,1679314206961
1679314206973,1679314206999
1679314207058,1679314207062
1679314207082,1679314207102
1679314207171,1679314207234
1679314207377,1679314207433
1679314207463,1679314207470
1679314207484,1679314207494
1679314207468,1679314207499
1679314207557,1679314207561
1679314207377,1679314207569
1679314207673,1679314207699
1679314207727,1679314207754
1679314207736,1679314207773
1679314207739,1679314207778
1679314207742,1679314207797
1679314207849,1679314207866
1679314207782,1679314207873
1679314207846,1679314207988
1679314208059,1679314208087
1679314208141,1679314208162
1679314208314,1679314208366
1679314208349,1679314208411
1679314208511,1679314208523
1679314208637,1679314208654
1679314208777,1679314208780
1679314208825,1679314208855
1679314208898,1679314208905
1679314208933,1679314208935
1679314208931,1679314208941
1679314208894,1679314208948
1679314208938,1679314208985
1679314208960,1679314209012
1679314208990,1679314209115
1679314209137,1679314209159
1679314209265,1679314209275
1679314209402,1679314209445
1679314209618,1679314209694
1679314209708,1679314209729
1679314209746,1679314209758
1679314209740,1679314209762
1679314209776,1679314209792
1679314209785,1679314209802
1679314209881,1679314209911
1679314209881,1679314209920
1679314209923,1679314209934
1679314209869,1679314209944
1679314210019,1679314210049
1679314210015,1679314210066
1679314210125,1679314210174
1679314210231,1679314210262
1679314210174,1679314210311
1679314210341,1679314210387
1679314210401,1679314210419
1679314210679,1679314210705
1679314210623,1679314210716
1679314210782,1679314210808
1679314210806,1679314210819
1679314210771,1679314210820
1679314210879,1679314210901
1679314210731,1679314210948
1679314211063,1679314211073
1679314211200,1679314211212
1679314211191,1679314211226
1679314211230,1679314211255
1679314211208,1679314211434
1679314211429,1679314211490
1679314211441,1679314211497
1679314211490,1679314211523
1679314211508,1679314211538
1679314211438,1679314211539
1679314211563,1679314211570
1679314211583,1679314211628
1679314211717,1679314211734
1679314211702,1679314211773
1679314211746,1679314211797
1679314211793,1679314211834
1679314211941,1679314212011
1679314211934,1679314212024
1679314212168,1679314212214
1679314212258,1679314212316
1679314212317,1679314212322
1679314212295,1679314212416
1679314212425,1679314212533
1679314212530,1679314212614
1679314212693,1679314212765
1679314212818,1679314212843
1679314212891,1679314212926
1679314212853,1679314213039
1679314213068,1679314213071
1679314212959,1679314213088
1679314213073,1679314213143
1679314213193,1679314213219
1679314213166,1679314213220
1679314213159,1679314213243
1679314213296,1679314213336
1679314213388,1679314213416
1679314213455,1679314213460
1679314213517,1679314213536
1679314213506,1679314213541
1679314213606,1679314213638
1679314213612,1679314213671
1679314213847,1679314213852
1679314213853,1679314213872
1679314213848,1679314213904
1679314214016,1679314214027
1679314214049,1679314214086
1679314214177,1679314214201
1679314214196,1679314214220
1679314214206,1679314214232
1679314214365,1679314214413
1679314214264,1679314214421
1679314214390,1679314214467
1679314214554,1679314214574
1679314214561,1679314214586
1679314214581,1679314214607
1679314214652,1679314214700
1679314214754,1679314214852
1679314214999,1679314215022
1679314215026,1679314215036
1679314214999,1679314215106
1679314215069,1679314215107
1679314215153,1679314215186
1679314215239,1679314215260
1679314215238,1679314215261
1679314215171,1679314215290
1679314215264,1679314215300
1679314215277,1679314215315
1679314215350,1679314215367
1679314215712,1679314215747
1679314215678,1679314215841
1679314215868,1679314215883
1679314215860,1679314215922
1679314215985,1679314215989
1679314216065,1679314216077
1679314215989,1679314216135
1679314216182,1679314216197
1679314216237,1679314216252
1679314216157,1679314216259
1679314216272,1679314216316
1679314216402,1679314216435
1679314216443,1679314216463
1679314216401,1679314216488
1679314216546,1679314216554
1679314216497,1679314216562
1679314216560,1679314216581
1679314216890,1679314216906
1679314216909,1679314216913
1679314216898,1679314216951
1679314217070,1679314217098
1679314217116,1679314217166
1679314217150,1679314217196
1679314217173,1679314217225
1679314217413,1679314217432
1679314217517,1679314217600
1679314217539,1679314217606
1679314217680,1679314217688
1679314217569,1679314217759
1679314217802,1679314217810
1679314217931,1679314217936
1679314217959,1679314217990
1679314217935,1679314218018
1679314217995,1679314218031
1679314218098,1679314218194
1679314218221,1679314218235
1679314218270,1679314218318
1679314218273,1679314218320
1679314218554,1679314218601
1679314218622,1679314218639
1679314218697,1679314218718
1679314218736,1679314218760
1679314218833,1679314218871
1679314218886,1679314218899
1679314218898,1679314218927
1679314218947,1679314219041
1679314219115,1679314219129
1679314219146,1679314219153
1679314219198,1679314219227
1679314219370,1679314219430
1679314219390,1679314219459
1679314219359,1679314219483
1679314219364,1679314219483
1679314219321,1679314219515
1679314219576,1679314219584
1679314219743,1679314219788
1679314219860,1679314219917
1679314219793,1679314219933
1679314219905,1679314219983
1679314220011,1679314220023
1679314220099,1679314220134
1679314220355,1679314220362
1679314220372,1679314220395
1679314220272,1679314220425
1679314220475,1679314220525
1679314220538,1679314220547
1679314220533,1679314220564
1679314220559,1679314220598
1679314220597,1679314220645
1679314220313,1679314220738
1679314220680,1679314220745
1679314220795,1679314220871
1679314220607,1679314220918
1679314220905,1679314220940
1679314220912,1679314221038
1679314221041,1679314221051
1679314221065,1679314221070
1679314221127,1679314221220
1679314221161,1679314221225
1679314221310,1679314221379
1679314221527,1679314221541
1679314221597,1679314221613
1679314221662,1679314221745
1679314221724,1679314221755
1679314221653,1679314221774
1679314221866,1679314221918
1679314221964,1679314221997
1679314221975,1679314222008
1679314222018,1679314222043
1679314222019,1679314222079
1679314222129,1679314222219
1679314222192,1679314222228
1679314222217,1679314222240
1679314222308,1679314222358
1679314222353,1679314222359
1679314222409,1679314222471
1679314222610,1679314222617
1679314222640,1679314222649
1679314222549,1679314222668
1679314222887,1679314222909
1679314222901,1679314222910
1679314222992,1679314223008
1679314223085,1679314223106
1679314223064,1679314223139
1679314223127,1679314223146
1679314223077,1679314223176
1679314223371,1679314223469
1679314223437,1679314223474
1679314223404,1679314223501
1679314223508,1679314223535
1679314223514,1679314223592
1679314223624,1679314223630
1679314223627,1679314223645
1679314223790,1679314223801
1679314223765,1679314223810
1679314223758,1679314223811
1679314223969,1679314224009
1679314224054,1679314224082
1679314224122,1679314224151
1679314224192,1679314224222
1679314224312,1679314224340
1679314224347,1679314224362
1679314224350,1679314224368
1679314224553,1679314224621
1679314224762,1679314224772
1679314224759,1679314224785
1679314224776,1679314224799
1679314224875,1679314224930
1679314224929,1679314224953
1679314224878,1679314224953
1679314224971,1679314224977
1679314224993,1679314224995
1679314224762,1679314225008
1679314225020,1679314225027
1679314225059,1679314225065
1679314225077,1679314225106
1679314225404,1679314225458
1679314225440,1679314225462
1679314225515,1679314225559
1679314225451,1679314225645
1679314225683,1679314225715
1679314225847,1679314225853
1679314225894,1679314225903
1679314225959,1679314225999
1679314225961,1679314226010
1679314225987,1679314226024
1679314226036,1679314226065
1679314226010,1679314226139
1679314226110,1679314226163
1679314226230,1679314226247
1679314226280,1679314226289
1679314226461,1679314226468
1679314226716,1679314226720
1679314226711,1679314226745
1679314226747,1679314226755
1679314226699,1679314226867
1679314226992,1679314227008
1679314226935,1679314227013
1679314227013,1679314227074
1679314227078,1679314227117
1679314227110,1679314227126
1679314227161,1679314227202
1679314227217,1679314227224
1679314227275,1679314227279
1679314227299,1679314227336
1679314227174,1679314227401
1679314227405,1679314227418
1679314227444,1679314227465
1679314227525,1679314227568
1679314227905,1679314227917
1679314228032,1679314228036
1679314227963,1679314228053
1679314227997,1679314228069
1679314228046,1679314228100
1679314228085,1679314228122
1679314228290,1679314228303
1679314228286,1679314228339
1679314228335,1679314228339
1679314228371,1679314228478
1679314228435,1679314228565
1679314228602,1679314228607
1679314228613,1679314228670
1679314228665,1679314228686
1679314228798,1679314228838
1679314228661,1679314228852
1679314228855,1679314228906
1679314229063,1679314229079
1679314229060,1679314229079
1679314229067,1679314229098
1679314229120,1679314229137
1679314229142,1679314229168
1679314229227,1679314229272
1679314229243,1679314229291
1679314229405,1679314229440
1679314229435,1679314229450
1679314229553,1679314229652
1679314229614,1679314229671
1679314229683,1679314229691
1679314229701,1679314229777
1679314229812,1679314229828
1679314229844,1679314229936
1679314230149,1679314230161
1679314230244,1679314230275
1679314230247,1679314230337
1679314230337,1679314230375
1679314230371,1679314230445
1679314230507,1679314230529
1679314230547,1679314230591
1679314230547,1679314230662
1679314230469,1679314230665
1679314230699,1679314230752
1679314230883,1679314230957
1679314231069,1679314231090
1679314231154,1679314231160
1679314231117,1679314231205
1679314231145,1679314231276
1679314231232,1679314231276
1679314231282,1679314231323
1679314231381,1679314231407
1679314231502,1679314231512
1679314231526,1679314231533
1679314231569,1679314231596
1679314231463,1679314231611
1679314231787,1679314231793
1679314231739,1679314231832
1679314231869,1679314231877
1679314231800,1679314231934
1679314231912,1679314232022
1679314232122,1679314232127
1679314232161,1679314232169
1679314232346,1679314232359
1679314232353,1679314232365
1679314232407,1679314232430
1679314232613,1679314232638
1679314232591,1679314232668
1679314232674,1679314232678
1679314232772,1679314232836
1679314232855,1679314232894
1679314233000,1679314233019
1679314233064,1679314233078
1679314233147,1679314233181
1679314233175,1679314233191
1679314233188,1679314233204
1679314233192,1679314233216
1679314233180,1679314233225
1679314233266,1679314233305
1679314233274,1679314233329
1679314233347,1679314233359
1679314233193,1679314233393
1679314233486,1679314233516
1679314233517,1679314233520
1679314233550,1679314233559
1679314233683,1679314233729
1679314233642,1679314233748
1679314233878,1679314233960
1679314233966,1679314233995
1679314233966,1679314234078
1679314234141,1679314234157
1679314234062,1679314234252
1679314234269,1679314234308
1679314234319,1679314234322
1679314234266,1679314234358
1679314234391,1679314234436
1679314234421,1679314234491
1679314234436,1679314234492
1679314234514,1679314234575
1679314234609,1679314234657
1679314234663,1679314234701
1679314234759,1679314234771
1679314234780,1679314234797
1679314234778,1679314234800
1679314234704,1679314234825
1679314234953,1679314235007
1679314235035,1679314235058
1679314235125,1679314235182
1679314235209,1679314235226
1679314235170,1679314235253
1679314235301,1679314235349
1679314235349,1679314235358
1679314235501,1679314235513
1679314235449,1679314235514
1679314235496,1679314235539
1679314235527,1679314235547
1679314235496,1679314235698
1679314235561,1679314235759
1679314235956,1679314236025
1679314236037,1679314236089
1679314236014,1679314236091
1679314235982,1679314236138
1679314236261,1679314236268
1679314236262,1679314236284
1679314236287,1679314236318
1679314236237,1679314236352
1679314236391,1679314236406
1679314236413,1679314236423
1679314236405,1679314236439
1679314236512,1679314236528
1679314236583,1679314236606
1679314236611,1679314236617
1679314236657,1679314236663
1679314236625,1679314236669
1679314236739,1679314236755
1679314236755,1679314236762
1679314237039,1679314237067
1679314237149,1679314237155
1679314237171,1679314237255
1679314237368,1679314237410
1679314237388,1679314237431
1679314237300,1679314237485
1679314237450,1679314237519
1679314237614,1679314237656
1679314237651,1679314237661
1679314237645,1679314237731
1679314237729,1679314237738
1679314237684,1679314237763
1679314237772,1679314237788
1679314237722,1679314237851
1679314238015,1679314238039
1679314238071,1679314238098
1679314238124,1679314238162
1679314238202,1679314238238
1679314238225,1679314238251
1679314238417,1679314238524
1679314238553,1679314238580
1679314238529,1679314238606
1679314238706,1679314238709
1679314238736,1679314238745
1679314238796,1679314238893
1679314238832,1679314238906
1679314238927,1679314238951
1679314238920,1679314239011
1679314239036,1679314239043
1679314238979,1679314239050
1679314239017,1679314239055
1679314239245,1679314239286
1679314239326,1679314239401
1679314239383,1679314239423
1679314239433,1679314239504
1679314239479,1679314239508
1679314239629,1679314239650
1679314239559,1679314239685
1679314239717,1679314239782
1679314239751,1679314239785
1679314239761,1679314239800
1679314240014,1679314240040
1679314240189,1679314240228
1679314240133,1679314240293
1679314240275,1679314240298
1679314240275,1679314240303
1679314240284,1679314240319
1679314240307,1679314240322
1679314240261,1679314240363
1679314240292,1679314240374
1679314240384,1679314240399
1679314240357,1679314240401
1679314240293,1679314240426
1679314240297,1679314240430
1679314240610,1679314240684
1679314240756,1679314240767
1679314240777,1679314240787
1679314240840,1679314240862
1679314240871,1679314240956
1679314240909,1679314240961
1679314240743,1679314240973
1679314241111,1679314241123
1679314241119,1679314241136
1679314241112,1679314241140
1679314241113,1679314241165
1679314241104,1679314241165
1679314241252,1679314241256
1679314241466,1679314241495
1679314241578,1679314241594
1679314241630,1679314241690
1679314241676,1679314241763
1679314241750,1679314241778
1679314241840,1679314241875
1679314241886,1679314241965
1679314242085,1679314242175
1679314242224,1679314242230
1679314242205,1679314242231
1679314242273,1679314242288
1679314242329,1679314242345
1679314242392,1679314242396
1679314242382,1679314242397
1679314242389,1679314242436
1679314242428,1679314242442
1679314242576,1679314242603
1679314242641,1679314242667
1679314242711,1679314242727
1679314242769,1679314242785
1679314242772,1679314242789
1679314242723,1679314242796
1679314242861,1679314242902
1679314242933,1679314243028
1679314243081,1679314243188
1679314243141,1679314243284
1679314243406,1679314243494
1679314243483,1679314243562
1679314243574,1679314243580
1679314243689,1679314243717
1679314243677,1679314243717
1679314243733,1679314243764
1679314243758,1679314243773
1679314243787,1679314243829
1679314243831,1679314243853
1679314243994,1679314244045
1679314244055,1679314244063
1679314244050,1679314244102
1679314244111,1679314244190
1679314244213,1679314244256
1679314244231,1679314244296
1679314244343,1679314244368
1679314244377,1679314244390
1679314244351,1679314244391
1679314244548,1679314244572
1679314244633,1679314244646
1679314244737,1679314244761
1679314244760,1679314244790
1679314244838,1679314244866
1679314245176,1679314245244
1679314245211,1679314245246
1679314245254,1679314245269
1679314245254,1679314245277
1679314245296,1679314245300
1679314245440,1679314245451
1679314245320,1679314245474
1679314245391,1679314245483
1679314245487,1679314245498
1679314245554,1679314245572
1679314245666,1679314245682
1679314245690,1679314245820
1679314245839,1679314245867
1679314246051,1679314246119
1679314246017,1679314246126
1679314246190,1679314246226
1679314246133,1679314246238
1679314246286,1679314246319
1679314246388,1679314246406
1679314246297,1679314246414
1679314246439,1679314246449
1679314246446,1679314246455
1679314246351,1679314246476
1679314246460,1679314246484
1679314246452,1679314246494
1679314246629,1679314246657
1679314246661,1679314246664
1679314246765,1679314246777
1679314246878,1679314246914
1679314246933,1679314246941
1679314246925,1679314246963
1679314246965,1679314246983
1679314247101,1679314247119
1679314247126,1679314247139
1679314247161,1679314247178
1679314247178,1679314247192
1679314247106,1679314247208
1679314247431,1679314247447
1679314247626,1679314247720
1679314247707,1679314247762
1679314247810,1679314247846
1679314247845,1679314247851
1679314247759,1679314247869
1679314247834,1679314247871
1679314247910,1679314247929
1679314247929,1679314247975
1679314247986,1679314247999
1679314247955,1679314248003
1679314247992,1679314248014
1679314248105,1679314248130
1679314248165,1679314248182
1679314248125,1679314248227
1679314248174,1679314248245
1679314248217,1679314248277
1679314248246,1679314248304
1679314248347,1679314248363
1679314248533,1679314248582
1679314248713,1679314248731
1679314248771,1679314248781
1679314249017,1679314249025
1679314248984,1679314249129
1679314249081,1679314249132
1679314249077,1679314249138
1679314249069,1679314249142
1679314249227,1679314249249
1679314249232,1679314249321
1679314249236,1679314249326
1679314249274,1679314249366
1679314249330,1679314249400
1679314249418,1679314249459
1679314249428,1679314249492
1679314249549,1679314249564
1679314249582,1679314249645
1679314249844,1679314249869
1679314250094,1679314250105
1679314250176,1679314250261
1679314250367,1679314250397
1679314250395,1679314250414
1679314250512,1679314250520
1679314250519,1679314250527
1679314250528,1679314250553
1679314250520,1679314250629
1679314250632,1679314250637
1679314250703,1679314250726
1679314250770,1679314250799
1679314250747,1679314250808
1679314250738,1679314250956
1679314250931,1679314250966
1679314251025,1679314251035
1679314251071,1679314251076
1679314251071,1679314251096
1679314251099,1679314251164
1679314251224,1679314251253
1679314251172,1679314251261
1679314251405,1679314251412
1679314251571,1679314251603
1679314251556,1679314251700
1679314251815,1679314251844
1679314251859,1679314251904
1679314251894,1679314251912
1679314251921,1679314251963
1679314251970,1679314252025
1679314252030,1679314252068
1679314252061,1679314252099
1679314252283,1679314252331
1679314252467,1679314252489
1679314252720,1679314252763
1679314252756,1679314252790
1679314252879,1679314252956
1679314252897,1679314252969
1679314252975,1679314252980
1679314253032,1679314253050
1679314253011,1679314253093
1679314253123,1679314253165
1679314253225,1679314253256
1679314253037,1679314253262
1679314253316,1679314253342
1679314253333,1679314253342
1679314253389,1679314253403
1679314253407,1679314253412
1679314253256,1679314253426
1679314253497,1679314253572
1679314253575,1679314253595
1679314253612,1679314253623
1679314253584,1679314253627
1679314253565,1679314253632
1679314253757,1679314253822
1679314253928,1679314253933
1679314254169,1679314254218
1679314254226,1679314254264
1679314254296,1679314254324
1679314254355,1679314254365
1679314254301,1679314254375
1679314254303,1679314254375
1679314254422,1679314254458
1679314254472,1679314254487
1679314254470,1679314254488
1679314254819,1679314254824
1679314254820,1679314254890
1679314254882,1679314254902
1679314254742,1679314255014
1679314254860,1679314255069
1679314255090,1679314255165
1679314255066,1679314255263
1679314255277,1679314255286
1679314255270,1679314255316
1679314255277,1679314255332
1679314255328,1679314255346
1679314255372,1679314255378
1679314255406,1679314255441
1679314255502,1679314255510
1679314255466,1679314255632
1679314255600,1679314255642
1679314255632,1679314255690
1679314255727,1679314255924
1679314256028,1679314256066
1679314256057,1679314256092
1679314256088,1679314256157
1679314256041,1679314256160
1679314256188,1679314256242
1679314256316,1679314256340
1679314256374,1679314256416
1679314256417,1679314256466
1679314256439,1679314256495
1679314256667,1679314256676
1679314256681,1679314256691
1679314256612,1679314256712
1679314256707,1679314256720
1679314256695,1679314256803
1679314256722,1679314256812
1679314256879,1679314256886
1679314256935,1679314256974
1679314257183,1679314257195
1679314257207,1679314257320
1679314257318,1679314257363
1679314257419,1679314257433
1679314257457,1679314257535
1679314257418,1679314257536
1679314257479,1679314257570
1679314257658,1679314257661
1679314257738,1679314257810
1679314257843,1679314257876
1679314257863,1679314257897
1679314257956,1679314257982
1679314258064,1679314258122
1679314258158,1679314258165
1679314258174,1679314258183
1679314257958,1679314258234
1679314258210,1679314258237
1679314258182,1679314258238
1679314258204,1679314258250
1679314258330,1679314258357
1679314258431,1679314258484
1679314258422,1679314258551
1679314258538,1679314258585
1679314258618,1679314258658
1679314258610,1679314258722
1679314258637,1679314258784
1679314258771,1679314258831
1679314259083,1679314259118
1679314259228,1679314259263
1679314259290,1679314259305
1679314259418,1679314259455
1679314259452,1679314259460
1679314259446,1679314259460
1679314259541,1679314259563
1679314259489,1679314259629
1679314259705,1679314259726
1679314259702,1679314259726
1679314259592,1679314259780
1679314259715,1679314259814
1679314259782,1679314259819
1679314259811,1679314259852
1679314259877,1679314259895
1679314259925,1679314259934
1679314259919,1679314259946
1679314260064,1679314260068
1679314260026,1679314260071
1679314260041,1679314260265
1679314260317,1679314260329
1679314260455,1679314260500
1679314260494,1679314260510
1679314260710,1679314260728
1679314260666,1679314260766
1679314260777,1679314260937
1679314260950,1679314260969
1679314260939,1679314260977
1679314260964,1679314261032
1679314261053,1679314261059
1679314261061,1679314261137
1679314261114,1679314261140
1679314261156,1679314261169
1679314261159,1679314261212
1679314261385,1679314261412
1679314261525,1679314261586
1679314261648,1679314261654
1679314261655,1679314261680
1679314261722,1679314261726
1679314261722,1679314261765
1679314261768,1679314261788
1679314261846,1679314261894
1679314261881,1679314261911
1679314261945,1679314261950
1679314262019,1679314262119
1679314262029,1679314262155
1679314262245,1679314262282
1679314262429,1679314262462
1679314262589,1679314262605
1679314262615,1679314262618
1679314262744,1679314262754
1679314262890,1679314262906
1679314262839,1679314262978
1679314262951,1679314263028
1679314263023,1679314263094
1679314263018,1679314263106
1679314263021,1679314263107
1679314263096,1679314263144
1679314263179,1679314263185
1679314263189,1679314263221
1679314263385,1679314263397
1679314263437,1679314263444
1679314263400,1679314263444
1679314263257,1679314263456
1679314263720,1679314263747
1679314263711,1679314263841
1679314263837,1679314263864
1679314263958,1679314263979
1679314264056,1679314264060
1679314264090,1679314264101
1679314264252,1679314264272
1679314264203,1679314264273
1679314264349,1679314264380
1679314264321,1679314264413
1679314264417,1679314264440
1679314264514,1679314264558
1679314264690,1679314264717
1679314264683,1679314264726
1679314264731,1679314264784
1679314264693,1679314264800
1679314264918,1679314264932
1679314264961,1679314265012
1679314264919,1679314265039
1679314265077,1679314265109
1679314265168,1679314265204
1679314265396,1679314265441
1679314265346,1679314265507
1679314265552,1679314265615
1679314265535,1679314265623
1679314265593,1679314265641
1679314265651,1679314265743
1679314265721,1679314265747
1679314265766,1679314265825
1679314265798,1679314265833
1679314265695,1679314265844
1679314265844,1679314265931
1679314265896,1679314265936
1679314266004,1679314266044
1679314266070,1679314266103
1679314266114,1679314266225
1679314266212,1679314266225
1679314266174,1679314266262
1679314266180,1679314266295
1679314266398,1679314266415
1679314266473,1679314266513
1679314266431,1679314266523
1679314266604,1679314266622
1679314266856,1679314266909
1679314266919,1679314266938
1679314266910,1679314266975
1679314266983,1679314267044
1679314267053,1679314267058
1679314267053,1679314267134
1679314267102,1679314267238
1679314267223,1679314267249
1679314267243,1679314267429
1679314267416,1679314267438
1679314267473,1679314267510
1679314267351,1679314267531
1679314267504,1679314267586
1679314267584,1679314267603
1679314267603,1679314267625
1679314267630,1679314267706
1679314267731,1679314267758
1679314267743,1679314267765
1679314267740,1679314267890
1679314267784,1679314267972
1679314268013,1679314268071
1679314268133,1679314268175
1679314268212,1679314268260
1679314268363,1679314268474
1679314268442,1679314268535
1679314268546,1679314268560
1679314268551,1679314268587
1679314268622,1679314268646
1679314268546,1679314268648
1679314268588,1679314268652
1679314268521,1679314268657
1679314268566,1679314268697
1679314268723,1679314268756
1679314268755,1679314268793
1679314268832,1679314268852
1679314268904,1679314268924
1679314268959,1679314268964
1679314269007,1679314269082
1679314269118,1679314269191
1679314269163,1679314269194
1679314269236,1679314269259
1679314269355,1679314269380
1679314269552,1679314269579
1679314269697,1679314269721
1679314269684,1679314269733
1679314269680,1679314269757
1679314269777,1679314269789
1679314269803,1679314269813
1679314269777,1679314269834
1679314269930,1679314269958
1679314270097,1679314270104
1679314270183,1679314270201
1679314270265,1679314270292
1679314270107,1679314270310
1679314270366,1679314270392
1679314270398,1679314270431
1679314270454,1679314270536
1679314270460,1679314270619
1679314270726,1679314270755
1679314270754,1679314270842
1679314270817,1679314270845
1679314270834,1679314270845
1679314270849,1679314270884
1679314270823,1679314270914
1679314270928,1679314271019
1679314271071,1679314271109
1679314271163,1679314271211
1679314271165,1679314271225
1679314271255,1679314271326
1679314271337,1679314271356
1679314271266,1679314271381
1679314271437,1679314271484
1679314271510,1679314271514
1679314271651,1679314271668
1679314271826,1679314271831
1679314271822,1679314271867
1679314271832,1679314271883
1679314271847,1679314271883
1679314271878,1679314271907
1679314271902,1679314271907
1679314271846,1679314271929
1679314271860,1679314271954
1679314272030,1679314272063
1679314272100,1679314272149
1679314272178,1679314272217
1679314272297,1679314272304
1679314272390,1679314272424
1679314272475,1679314272506
1679314272498,1679314272512
1679314272578,1679314272633
1679314272659,1679314272683
1679314272665,1679314272699
1679314272786,1679314272824
1679314272808,1679314272824
1679314272904,1679314272923
1679314272800,1679314272948
1679314272926,1679314272977
1679314272978,1679314273019
1679314272993,1679314273043
1679314273214,1679314273253
1679314273237,1679314273278
1679314273276,1679314273318
1679314273401,1679314273406
1679314273525,1679314273605
1679314273580,1679314273613
1679314273725,1679314273749
1679314273895,1679314273912
1679314273909,1679314273923
1679314273912,1679314273960
1679314274045,1679314274068
1679314274069,1679314274100
1679314274265,1679314274277
1679314274333,1679314274364
1679314274373,1679314274402
1679314274353,1679314274438
1679314274379,1679314274544
1679314274535,1679314274570
1679314274496,1679314274630
1679314274612,1679314274648
1679314274537,1679314274685
1679314274540,1679314274690
1679314274720,1679314274736
1679314274732,1679314274741
1679314274933,1679314274937
1679314274896,1679314274945
1679314274936,1679314275014
1679314274925,1679314275021
1679314275066,1679314275118
1679314275122,1679314275126
1679314275144,1679314275280
1679314275219,1679314275324
1679314275321,1679314275402
1679314275527,1679314275548
1679314275474,1679314275558
1679314275578,1679314275624
1679314275744,1679314275823
1679314275873,1679314275900
1679314275926,1679314275946
1679314276030,1679314276037
1679314276116,1679314276145
1679314276154,1679314276165
1679314276177,1679314276186
1679314276281,1679314276301
1679314276250,1679314276310
1679314276293,1679314276356
1679314276333,1679314276359
1679314276287,1679314276360
1679314276280,1679314276368
1679314276503,1679314276509
1679314276432,1679314276517
1679314276679,1679314276695
1679314276782,1679314276797
1679314276787,1679314276812
1679314276780,1679314276835
1679314276977,1679314277001
1679314276977,1679314277005
1679314277056,1679314277073
1679314277066,1679314277081
1679314277326,1679314277337
1679314277291,1679314277376
1679314277377,1679314277382
1679314277449,1679314277527
1679314277564,1679314277590
1679314277551,1679314277593
1679314277589,1679314277602
1679314277605,1679314277663
1679314277739,1679314277769
1679314277781,1679314277909
1679314277936,1679314277940
1679314278031,1679314278060
1679314278045,1679314278134
1679314278059,1679314278146
1679314278249,1679314278312
1679314278321,1679314278332
1679314278335,1679314278382
1679314278258,1679314278383
1679314278567,1679314278572
1679314278571,1679314278617
1679314278587,1679314278649
1679314278599,1679314278684
1679314278795,1679314278804
1679314278885,1679314278909
1679314278870,1679314278950
1679314279217,1679314279241
1679314279253,1679314279290
1679314279233,1679314279324
1679314279406,1679314279424
1679314279375,1679314279443
1679314279451,1679314279512
1679314279391,1679314279583
1679314279609,1679314279614
1679314279539,1679314279686
1679314279720,1679314279782
1679314279849,1679314279888
1679314279960,1679314279966
1679314279970,1679314279998
1679314280021,1679314280029
1679314280004,1679314280045
1679314280011,1679314280048
1679314280019,1679314280058
1679314280108,1679314280167
1679314280329,1679314280334
1679314280308,1679314280347
1679314280340,1679314280358
1679314280373,1679314280416
1679314280516,1679314280535
1679314280489,1679314280551
1679314280656,1679314280680
1679314280635,1679314280685
1679314280735,1679314280745
1679314280829,1679314280833
1679314280854,1679314280905
1679314280970,1679314280983
1679314280984,1679314281004
1679314281091,1679314281233
1679314281238,1679314281262
1679314281238,1679314281315
1679314281264,1679314281344
1679314281399,1679314281405
1679314281404,1679314281412
1679314281408,1679314281522
1679314281550,1679314281593
1679314281558,1679314281619
1679314281627,1679314281701
1679314281752,1679314281785
1679314281849,1679314281858
1679314281813,1679314281918
1679314281952,1679314281984
1679314282036,1679314282090
1679314282121,1679314282147
1679314282216,1679314282229
1679314282258,1679314282302
1679314282249,1679314282319
1679314282311,1679314282419
1679314282500,1679314282516
1679314282424,1679314282576
1679314282638,1679314282656
1679314282613,1679314282677
1679314282650,1679314282752
1679314282972,1679314283032
1679314283051,1679314283066
1679314283087,1679314283114
1679314282912,1679314283118
1679314283018,1679314283142
1679314283161,1679314283163
1679314283136,1679314283195
1679314283338,1679314283344
1679314283416,1679314283440
1679314283476,1679314283508
1679314283555,1679314283656
1679314283705,1679314283716
1679314283722,1679314283751
1679314283756,1679314283778
1679314283795,1679314283810
1679314283871,1679314283970
1679314284089,1679314284125
1679314284082,1679314284125
1679314284107,1679314284126
1679314284080,1679314284137
1679314284136,1679314284194
1679314284213,1679314284216
1679314284218,1679314284237
1679314284362,1679314284386
1679314284584,1679314284598
1679314284590,1679314284599
1679314284624,1679314284658
1679314284640,1679314284701
1679314284807,1679314284811
1679314284808,1679314284839
1679314284858,1679314284883
1679314284834,1679314284896
1679314284876,1679314284897
1679314284884,1679314284972
1679314284993,1679314285029
1679314284983,1679314285040
1679314285084,1679314285103
1679314285114,1679314285120
1679314285274,1679314285293
1679314285350,1679314285381
1679314285373,1679314285413
1679314285406,1679314285417
1679314285857,1679314285932
1679314285962,1679314285973
1679314285995,1679314286025
1679314286046,1679314286080
1679314285988,1679314286110
1679314286125,1679314286133
1679314286014,1679314286170
1679314286174,1679314286224
1679314286208,1679314286329
1679314286341,1679314286368
1679314286457,1679314286464
1679314286457,1679314286491
1679314286544,1679314286547
1679314286531,1679314286557
1679314286488,1679314286577
1679314286663,1679314286701
1679314286640,1679314286727
1679314286714,1679314286759
1679314286772,1679314286788
1679314286773,1679314286831
1679314286793,1679314286832
1679314286924,1679314286945
1679314287091,1679314287130
1679314287346,1679314287351
1679314287338,1679314287353
1679314287463,1679314287477
1679314287501,1679314287557
1679314287643,1679314287654
1679314287587,1679314287679
1679314287658,1679314287687
1679314287937,1679314287972
1679314287987,1679314288027
1679314288020,1679314288038
1679314288079,1679314288093
1679314288062,1679314288095
1679314288167,1679314288179
1679314288168,1679314288184
1679314288209,1679314288234
1679314288240,1679314288254
1679314288286,1679314288316
1679314288311,1679314288317
1679314288223,1679314288334
1679314288442,1679314288547
1679314288609,1679314288668
1679314288722,1679314288733
1679314288714,1679314288755
1679314288730,1679314288770
1679314288784,1679314288812
1679314288998,1679314289002
1679314288880,1679314289002
1679314289065,1679314289177
1679314289182,1679314289231
1679314289196,1679314289238
1679314289197,1679314289263
1679314289298,1679314289345
1679314289351,1679314289362
1679314289380,1679314289388
1679314289330,1679314289402
1679314289350,1679314289436
1679314289502,1679314289519
1679314289546,1679314289563
1679314289549,1679314289595
1679314289722,1679314289730
1679314289737,1679314289767
1679314289748,1679314289785
1679314290058,1679314290085
1679314290106,1679314290120
1679314290271,1679314290383
1679314290411,1679314290420
1679314290413,1679314290449
1679314290439,1679314290462
1679314290619,1679314290667
1679314290499,1679314290668
1679314290657,1679314290689
1679314290654,1679314290715
1679314290693,1679314290718
1679314290633,1679314290731
1679314290755,1679314290763
1679314290708,1679314290764
1679314290763,1679314290836
1679314290862,1679314290942
1679314291019,1679314291025
1679314291032,1679314291037
1679314291035,1679314291072
1679314291090,1679314291101
1679314291232,1679314291268
1679314291649,1679314291651
1679314291650,1679314291734
1679314291759,1679314291786
1679314291725,1679314291812
1679314291765,1679314291821
1679314291835,1679314291876
1679314291917,1679314291931
1679314291982,1679314292009
1679314291962,1679314292011
1679314291975,1679314292027
1679314292229,1679314292241
1679314292370,1679314292382
1679314292414,1679314292501
1679314292525,1679314292535
1679314292692,1679314292715
1679314292739,1679314292760
1679314292750,1679314292800
1679314292871,1679314292891
1679314292945,1679314293055
1679314293032,1679314293098
1679314293181,1679314293216
1679314293215,1679314293220
1679314293063,1679314293238
1679314293166,1679314293253
1679314293261,1679314293276
1679314293251,1679314293289
1679314293278,1679314293335
1679314293428,1679314293452
1679314293591,1679314293605
1679314293539,1679314293692
1679314293673,1679314293717
1679314293738,1679314293807
1679314293868,1679314293887
1679314294016,1679314294022
1679314294017,1679314294027
1679314294025,1679314294123
1679314294103,1679314294124
1679314294204,1679314294269
1679314294271,1679314294361
1679314294357,1679314294368
1679314294284,1679314294376
1679314294405,1679314294410
1679314294435,1679314294440
1679314294454,1679314294478
1679314294477,1679314294509
1679314294526,1679314294558
1679314294568,1679314294582
1679314294814,1679314294855
1679314294806,1679314294939
1679314294990,1679314295019
1679314295017,1679314295038
1679314295225,1679314295231
1679314295363,1679314295367
1679314295422,1679314295427
1679314295464,1679314295479
1679314295485,1679314295536
1679314295566,1679314295584
1679314295603,1679314295609
1679314295587,1679314295639
1679314295629,1679314295666
1679314295600,1679314295712
1679314295617,1679314295778
1679314295884,1679314295910
1679314295853,1679314295922
1679314295925,1679314295947
1679314296075,1679314296119
1679314296279,1679314296292
1679314296259,1679314296331
1679314296345,1679314296359
1679314296323,1679314296360
1679314296366,1679314296411
1679314296462,1679314296543
1679314296711,1679314296743
1679314296773,1679314296788
1679314296721,1679314296804
1679314296804,1679314296809
1679314296785,1679314296812
1679314296814,1679314296859
1679314296796,1679314296861
1679314296873,1679314296888
1679314296943,1679314296958
1679314296931,1679314297036
1679314297102,1679314297177
1679314297218,1679314297245
1679314297361,1679314297423
1679314297566,1679314297587
1679314297596,1679314297652
1679314297683,1679314297735
1679314297736,1679314297772
1679314297863,1679314297879
1679314297915,1679314297922
1679314297936,1679314297958
1679314298042,1679314298091
1679314298085,1679314298106
1679314298074,1679314298240
1679314298198,1679314298250
1679314298245,1679314298263
1679314298367,1679314298470
1679314298447,1679314298472
1679314298496,1679314298508
1679314298482,1679314298512
1679314298520,1679314298604
1679314298673,1679314298715
1679314298899,1679314298911
1679314298911,1679314298945
1679314298945,1679314299004
1679314298907,1679314299034
1679314299103,1679314299107
1679314299154,1679314299177
1679314299278,1679314299294
1679314299292,1679314299297
1679314299221,1679314299311
1679314299348,1679314299411
1679314299401,1679314299411
1679314299434,1679314299448
1679314299534,1679314299551
1679314299545,1679314299583
1679314299587,1679314299592
1679314299805,1679314299871
1679314299805,1679314299912
1679314299901,1679314299915
1679314300084,1679314300111
1679314300105,1679314300115
1679314300159,1679314300191
1679314300241,1679314300266
1679314300155,1679314300340
1679314300443,1679314300463
1679314300513,1679314300618
1679314300638,1679314300660
1679314300663,1679314300683
1679314300693,1679314300703
1679314300722,1679314300754
1679314300743,1679314300756
1679314300748,1679314300827
1679314300953,1679314300961
1679314301038,1679314301043
1679314301032,1679314301078
1679314301223,1679314301228
1679314301379,1679314301384
1679314301379,1679314301392
1679314301416,1679314301428
1679314301454,1679314301491
1679314301518,1679314301528
1679314301573,1679314301611
1679314301573,1679314301637
1679314301600,1679314301730
1679314301819,1679314301827
1679314301853,1679314301858
1679314301869,1679314301892
1679314301782,1679314301949
1679314301949,1679314301971
1679314301985,1679314302009
1679314302171,1679314302194
1679314302218,1679314302260
1679314302240,1679314302296
1679314302252,1679314302350
1679314302244,1679314302368
1679314302393,1679314302409
1679314302399,1679314302434
1679314302412,1679314302468
1679314302406,1679314302506
1679314302518,1679314302654
1679314302627,1679314302682
1679314302797,1679314302803
1679314302819,1679314302848
1679314302881,1679314302887
1679314303004,1679314303025
1679314302903,1679314303042
1679314302999,1679314303042
1679314303113,1679314303186
1679314303294,1679314303309
1679314303325,1679314303342
1679314303365,1679314303387
1679314303369,1679314303406
1679314303317,1679314303486
1679314303486,1679314303511
1679314303529,1679314303537
1679314303661,1679314303670
1679314303777,1679314303789
1679314303854,1679314303918
1679314303792,1679314303936
1679314303946,1679314303962
1679314303950,1679314304030
1679314304117,1679314304132
1679314304156,1679314304239
1679314304159,1679314304248
1679314304260,1679314304267
1679314304282,1679314304289
1679314304289,1679314304342
1679314304347,1679314304372
1679314304461,1679314304476
1679314304432,1679314304477
1679314304584,1679314304590
1679314304561,1679314304672
1679314304583,1679314304747
1679314304802,1679314304859
1679314304927,1679314304936
1679314304903,1679314304937
1679314304960,1679314305030
1679314304865,1679314305037
1679314305109,1679314305115
1679314305105,1679314305127
1679314305189,1679314305224
1679314305383,1679314305390
1679314305415,1679314305433
1679314305374,1679314305479
1679314305496,1679314305504
1679314305549,1679314305574
1679314305715,1679314305735
1679314305735,1679314305770
1679314305794,1679314305844
1679314305831,1679314305857
1679314305780,1679314305867
1679314305910,1679314305913
1679314306010,1679314306077
1679314306183,1679314306206
1679314306166,1679314306235
1679314306361,1679314306401
1679314306410,1679314306436
1679314306369,1679314306448
1679314306461,1679314306470
1679314306545,1679314306556
1679314306505,1679314306613
1679314306612,1679314306726
1679314306752,1679314306771
1679314306862,1679314306868
1679314306839,1679314306871
1679314306949,1679314306967
1679314306904,1679314306970
1679314306918,1679314306975
1679314307033,1679314307045
1679314307066,1679314307077
1679314307052,1679314307099
1679314307095,1679314307207
1679314307232,1679314307243
1679314307342,1679314307352
1679314307384,1679314307397
1679314307646,1679314307652
1679314307716,1679314307726
1679314307879,1679314307886
1679314307851,1679314307909
1679314307801,1679314307926
1679314308164,1679314308202
1679314308153,1679314308224
1679314308229,1679314308262
1679314308363,1679314308376
1679314308359,1679314308412
1679314308418,1679314308462
1679314308461,1679314308467
1679314308453,1679314308492
1679314308500,1679314308524
1679314308507,1679314308550
1679314308553,1679314308575
1679314308533,1679314308584
1679314308771,1679314308809
1679314308774,1679314308825
1679314308821,1679314308840
1679314308886,1679314308933
1679314308957,1679314308980
1679314309020,1679314309039
1679314309267,1679314309387
1679314309452,1679314309482
1679314309406,1679314309501
1679314309547,1679314309551
1679314309555,1679314309631
1679314309669,1679314309753
1679314309720,1679314309759
1679314309734,1679314309778
1679314309816,1679314309863
1679314309904,1679314309942
1679314309983,1679314309991
1679314309988,1679314310032
1679314310048,1679314310166
1679314310316,1679314310330
1679314310315,1679314310351
1679314310333,1679314310370
1679314310400,1679314310414
1679314310333,1679314310427
1679314310535,1679314310552
1679314310539,1679314310557
1679314310554,1679314310564
1679314310605,1679314310727
1679314310724,1679314310752
1679314310691,1679314310777
1679314310761,1679314310809
1679314310858,1679314310885
1679314310946,1679314310960
1679314310978,1679314310987
1679314311053,1679314311074
1679314311108,1679314311141
1679314311446,1679314311474
1679314311400,1679314311504
1679314311457,1679314311507
1679314311682,1679314311728
1679314311710,1679314311740
1679314311706,1679314311742
1679314311763,1679314311795
1679314311788,1679314311801
1679314311790,1679314311809
1679314311901,1679314311911
1679314311969,1679314311998
1679314312014,1679314312038
1679314312040,1679314312071
1679314312123,1679314312190
1679314312156,1679314312208
1679314312201,1679314312277
1679314312285,1679314312358
1679314312329,1679314312432
1679314312435,1679314312447
1679314312715,1679314312768
1679314312742,1679314312775
1679314312773,1679314312782
1679314312809,1679314312813
1679314312811,1679314312979
1679314313003,1679314313038
1679314313012,1679314313057
1679314313098,1679314313149
1679314313303,1679314313321
1679314313377,1679314313385
1679314313371,1679314313402
1679314313455,1679314313469
1679314313403,1679314313508
1679314313520,1679314313575
1679314313605,1679314313609
1679314313596,1679314313623
1679314313609,1679314313627
1679314313648,1679314313719
1679314313610,1679314313731
1679314313615,1679314313779
1679314313602,1679314313789
1679314313810,1679314313821
1679314313907,1679314313972
1679314313935,1679314313986
1679314313951,1679314314042
1679314314187,1679314314226
1679314314230,1679314314292
1679314314325,1679314314352
1679314314381,1679314314413
1679314314421,1679314314544
1679314314545,1679314314552
1679314314373,1679314314583
1679314314641,1679314314682
1679314314726,1679314314801
1679314314790,1679314314805
1679314314715,1679314314825
1679314314890,1679314314900
1679314314893,1679314314935
1679314314942,1679314314949
1679314314985,1679314314998
1679314314985,1679314315055
1679314315282,1679314315325
1679314315298,1679314315333
1679314315321,1679314315366
1679314315315,1679314315404
1679314315430,1679314315460
1679314315777,1679314315822
1679314315847,1679314315855
1679314315840,1679314315862
1679314315846,1679314315945
1679314316030,1679314316043
1679314315934,1679314316077
1679314316021,1679314316100
1679314316104,1679314316135
1679314316123,1679314316161
1679314316209,1679314316301
1679314316349,1679314316386
1679314316420,1679314316432
1679314316432,1679314316446
1679314316391,1679314316466
1679314316570,1679314316592
1679314316638,1679314316671
1679314316652,1679314316677
1679314316797,1679314316840
1679314316872,1679314316881
1679314316951,1679314317000
1679314317009,1679314317067
1679314317200,1679314317212
1679314317221,1679314317276
1679314317255,1679314317280
1679314317364,1679314317385
1679314317357,1679314317417
1679314317411,1679314317447
1679314317479,1679314317501
1679314317544,1679314317563
1679314317768,1679314317774
1679314317808,1679314317820
1679314317822,1679314317872
1679314317887,1679314317895
1679314317835,1679314317924
1679314318045,1679314318133
1679314318109,1679314318134
1679314318163,1679314318190
1679314318305,1679314318317
1679314318570,1679314318576
1679314318590,1679314318643
1679314318625,1679314318654
1679314318647,1679314318698
1679314318651,1679314318730
1679314318727,1679314318761
1679314318594,1679314318768
1679314318676,1679314318787
1679314318683,1679314318787
1679314318769,1679314318863
1679314318847,1679314318997
1679314318980,1679314319015
1679314319073,1679314319098
1679314319125,1679314319131
1679314319070,1679314319146
1679314319087,1679314319151
1679314319396,1679314319487
1679314319633,1679314319658
1679314319714,1679314319738
1679314319700,1679314319741
1679314319683,1679314319744
1679314319744,1679314319792
1679314319777,1679314319796
1679314319695,1679314319839
1679314319796,1679314319842
1679314319833,1679314319867
1679314319922,1679314319979
1679314320105,1679314320133
1679314320151,1679314320183
1679314320238,1679314320261
1679314320300,1679314320361
1679314320368,1679314320396
1679314320443,1679314320511
1679314320525,1679314320554
1679314320571,1679314320617
1679314320564,1679314320625
1679314320802,1679314320845
1679314320898,1679314320907
1679314320898,1679314320922
1679314320938,1679314320946
1679314320919,1679314321065
1679314321237,1679314321284
1679314321427,1679314321453
1679314321443,1679314321457
1679314321384,1679314321462
1679314321424,1679314321466
1679314321497,1679314321521
1679314321561,1679314321583
1679314321590,1679314321608
1679314321753,1679314321765
1679314321777,1679314321780
1679314321763,1679314321794
1679314321783,1679314321796
1679314321769,1679314321809
1679314321773,1679314321834
1679314321943,1679314321965
1679314322225,1679314322235
1679314322140,1679314322241
1679314322210,1679314322245
1679314322280,1679314322307
1679314322371,1679314322390
1679314322432,1679314322439
1679314322381,1679314322452
1679314322586,1679314322627
1679314322640,1679314322664
1679314322572,1679314322705
1679314322714,1679314322769
1679314322609,1679314322805
1679314322763,1679314322814
1679314322721,1679314322835
1679314322850,1679314322863
1679314322861,1679314322921
1679314323023,1679314323076
1679314323155,1679314323190
1679314323179,1679314323231
1679314323340,1679314323364
1679314323279,1679314323415
1679314323679,1679314323727
1679314323748,1679314323774
1679314323683,1679314323777
1679314323889,1679314323926
1679314323937,1679314324007
1679314323995,1679314324090
1679314324081,1679314324127
1679314324084,1679314324143
1679314324231,1679314324243
1679314324296,1679314324304
1679314324135,1679314324309
1679314324307,1679314324371
1679314324399,1679314324433
1679314324397,1679314324436
1679314324555,1679314324559
1679314324570,1679314324593
1679314324569,1679314324643
1679314324651,1679314324666
1679314324781,1679314324807
1679314324979,1679314324990
1679314324915,1679314325036
1679314325121,1679314325192
1679314325147,1679314325224
1679314325131,1679314325226
1679314325212,1679314325231
1679314325205,1679314325279
1679314325327,1679314325431
1679314325424,1679314325436
1679314325527,1679314325547
1679314325589,1679314325637
1679314325723,1679314325730
1679314325804,1679314325851
1679314325847,1679314325853
1679314325843,1679314325884
1679314325895,1679314325899
1679314325971,1679314325995
1679314325951,1679314326021
1679314326053,1679314326058
1679314326061,1679314326098
1679314326173,1679314326180
1679314326102,1679314326189
1679314326535,1679314326576
1679314326497,1679314326591
1679314326590,1679314326664
1679314326707,1679314326711
1679314326684,1679314326723
1679314326743,1679314326755
1679314326716,1679314326779
1679314326682,1679314326783
1679314326819,1679314326861
1679314326887,1679314326935
1679314326917,1679314326979
1679314327074,1679314327089
1679314327084,1679314327094
1679314327260,1679314327303
1679314327268,1679314327333
1679314327729,1679314327759
1679314327757,1679314327770
1679314327729,1679314327844
1679314327860,1679314327892
1679314327881,1679314327910
1679314327912,1679314327916
1679314327827,1679314327925
1679314327936,1679314327946
1679314327853,1679314327950
1679314327957,1679314328044
1679314328188,1679314328216
1679314328069,1679314328252
1679314328289,1679314328294
1679314328258,1679314328325
1679314328259,1679314328436
1679314328500,1679314328508
1679314328637,1679314328649
1679314328733,1679314328739
1679314328758,1679314328807
1679314328831,1679314328835
1679314328973,1679314328983
1679314329034,1679314329049
1679314329005,1679314329054
1679314329038,1679314329087
1679314329077,1679314329149
1679314329206,1679314329271
1679314329290,1679314329325
1679314329295,1679314329335
1679314329285,1679314329354
1679314329369,1679314329411
1679314329623,1679314329661
1679314329659,1679314329690
1679314329692,1679314329699
1679314329871,1679314329936
1679314329874,1679314330011
1679314329955,1679314330036
1679314330015,1679314330061
1679314330023,1679314330149
1679314330135,1679314330156
1679314330138,1679314330257
1679314330240,1679314330312
1679314330396,1679314330415
1679314330258,1679314330428
1679314330398,1679314330460
1679314330455,1679314330491
1679314330459,1679314330515
1679314330597,1679314330636
1679314330512,1679314330636
1679314330736,1679314330773
1679314330826,1679314330898
1679314331078,1679314331090
1679314331051,1679314331125
1679314331119,1679314331132
1679314331218,1679314331292
1679314331251,1679314331335
1679314331345,1679314331351
1679314331419,1679314331472
1679314331442,1679314331601
1679314331580,1679314331623
1679314331739,1679314331773
1679314331684,1679314331799
1679314331796,1679314331823
1679314331919,1679314331942
1679314331828,1679314331966
1679314332228,1679314332291
1679314332285,1679314332295
1679314332394,1679314332403
1679314332491,1679314332496
1679314332608,1679314332631
1679314332537,1679314332644
1679314332623,1679314332709
1679314332572,1679314332715
1679314332573,1679314332728
1679314332650,1679314332733
1679314332778,1679314332833
1679314332899,1679314332966
1679314332934,1679314333017
1679314332965,1679314333152
1679314333097,1679314333188
1679314333269,1679314333328
1679314333370,1679314333460
1679314333490,1679314333508
1679314333501,1679314333538
1679314333924,1679314333931
1679314333943,1679314333974
1679314333916,1679314333981
1679314333881,1679314333995
1679314333998,1679314334008
1679314334029,1679314334070
1679314334069,1679314334077
1679314333931,1679314334096
1679314334128,1679314334205
1679314334205,1679314334217
1679314334247,1679314334322
1679314334333,1679314334337
1679314334336,1679314334366
1679314334414,1679314334458
1679314334566,1679314334601
1679314334604,1679314334626
1679314334538,1679314334651
1679314334784,1679314334795
1679314334877,1679314334887
1679314334929,1679314335005
1679314335090,1679314335159
1679314335246,1679314335334
1679314335321,1679314335335
1679314335320,1679314335344
1679314335401,1679314335425
1679314335529,1679314335550
1679314335621,1679314335637
1679314335599,1679314335640
1679314335641,1679314335652
1679314335671,1679314335688
1679314335601,1679314335700
1679314335792,1679314335851
1679314335900,1679314335951
1679314335942,1679314335951
1679314335933,1679314335951
1679314335946,1679314336014
1679314335985,1679314336017
1679314336128,1679314336138
1679314336068,1679314336144
1679314336186,1679314336331
1679314336371,1679314336412
1679314336426,1679314336496
1679314336502,1679314336615
1679314336723,1679314336758
1679314336676,1679314336763
1679314336756,1679314336783
1679314336788,1679314336792
1679314336749,1679314336851
1679314336865,1679314336886
1679314336961,1679314336972
1679314336909,1679314336976
1679314336969,1679314336995
1679314337039,1679314337058
1679314337066,1679314337082
1679314337046,1679314337149
1679314337082,1679314337178
1679314337218,1679314337230
1679314337213,1679314337316
1679314337251,1679314337317
1679314337268,1679314337325
1679314337389,1679314337401
1679314337400,1679314337455
1679314337308,1679314337481
1679314337736,1679314337782
1679314337782,1679314337803
1679314337784,1679314337816
1679314337892,1679314337919
1679314337877,1679314337947
1679314337938,1679314338010
1679314337892,1679314338057
1679314338070,1679314338082
1679314338224,1679314338256
1679314338249,1679314338259
1679314338267,1679314338275
1679314338395,1679314338408
1679314338396,1679314338414
1679314338465,1679314338479
1679314338452,1679314338503
1679314338570,1679314338583
1679314338670,1679314338717
1679314338726,1679314338738
1679314338683,1679314338761
1679314338781,1679314338787
1679314338798,1679314338806
1679314339078,1679314339108
1679314339098,1679314339126
1679314339091,1679314339129
1679314339178,1679314339213
1679314339244,1679314339253
1679314339300,1679314339316
1679314339311,1679314339322
1679314339371,1679314339412
1679314339415,1679314339417
1679314339680,1679314339703
1679314339667,1679314339706
1679314339688,1679314339747
1679314339777,1679314339833
1679314339898,1679314339948
1679314339934,1679314339960
1679314339923,1679314340015
1679314340041,1679314340051
1679314340049,1679314340063
1679314340037,1679314340087
1679314340053,1679314340088
1679314340060,1679314340138
1679314340174,1679314340193
1679314340155,1679314340198
1679314340289,1679314340329
1679314340425,1679314340444
1679314340499,1679314340526
1679314340623,1679314340630
1679314340650,1679314340679
1679314340647,1679314340697
1679314340787,1679314340841
1679314340814,1679314340856
1679314340920,1679314340925
1679314340942,1679314340951
1679314340993,1679314341019
1679314341150,1679314341165
1679314341196,1679314341209
1679314341189,1679314341240
1679314341303,1679314341315
1679314341447,1679314341451
1679314341463,1679314341512
1679314341530,1679314341560
1679314341551,1679314341754
1679314341653,1679314341759
1679314341714,1679314341797
1679314341661,1679314341806
1679314341861,1679314341873
1679314341877,1679314341891
1679314341881,1679314341909
1679314341731,1679314341917
1679314341912,1679314341927
1679314341970,1679314341994
1679314342092,1679314342122
1679314342107,1679314342141
1679314342132,1679314342161
1679314342101,1679314342179
1679314342092,1679314342187
1679314342282,1679314342313
1679314342385,1679314342428
1679314342362,1679314342448
1679314342554,1679314342571
1679314342633,1679314342651
1679314342618,1679314342677
1679314342598,1679314342681
1679314342678,1679314342700
1679314342725,1679314342730
1679314342938,1679314342961
1679314342881,1679314342991
1679314342964,1679314343017
1679314343078,1679314343111
1679314343249,1679314343302
1679314343321,1679314343344
1679314343146,1679314343393
1679314343344,1679314343428
1679314343442,1679314343450
1679314343449,1679314343460
1679314343393,1679314343496
1679314343482,1679314343597
1679314343574,1679314343624
1679314343721,1679314343840
1679314343830,1679314343845
1679314343920,1679314343934
1679314343917,1679314343964
1679314343935,1679314344040
1679314344045,1679314344057
1679314344096,1679314344107
1679314344033,1679314344159
1679314344179,1679314344257
1679314344287,1679314344298
1679314344230,1679314344349
1679314344472,1679314344477
1679314344410,1679314344507
1679314344488,1679314344523
1679314344669,1679314344735
1679314345104,1679314345130
1679314345185,1679314345207
1679314345247,1679314345254
1679314345243,1679314345268
1679314345265,1679314345331
1679314345326,1679314345379
1679314345407,1679314345418
1679314345326,1679314345443
1679314345150,1679314345444
1679314345411,1679314345485
1679314345360,1679314345515
1679314345524,1679314345533
1679314345461,1679314345591
1679314345503,1679314345657
1679314345531,1679314345681
1679314345651,1679314345691
1679314345729,1679314345740
1679314345771,1679314345809
1679314345977,1679314345994
1679314346158,1679314346175
1679314346180,1679314346224
1679314346313,1679314346324
1679314346391,1679314346429
1679314346439,1679314346463
1679314346529,1679314346548
1679314346404,1679314346553
1679314346487,1679314346617
1679314346700,1679314346709
1679314346715,1679314346745
1679314346714,1679314346768
1679314346734,1679314346780
1679314346827,1679314346831
1679314346931,1679314346988
1679314347073,1679314347106
1679314347130,1679314347148
1679314347181,1679314347186
1679314347148,1679314347203
1679314347205,1679314347208
1679314347119,1679314347376
1679314347399,1679314347407
1679314347349,1679314347427
1679314347395,1679314347435
1679314347548,1679314347568
1679314347532,1679314347590
1679314347533,1679314347593
1679314347719,1679314347739
1679314347768,1679314347788
1679314347547,1679314347822
1679314347821,1679314347868
1679314347988,1679314348046
1679314348054,1679314348144
1679314348215,1679314348298
1679314348317,1679314348409
1679314348491,1679314348523
1679314348514,1679314348537
1679314348512,1679314348543
1679314348488,1679314348572
1679314348541,1679314348574
1679314348537,1679314348654
1679314348669,1679314348712
1679314348711,1679314348743
1679314348584,1679314348802
1679314348771,1679314348804
1679314348709,1679314348822
1679314348833,1679314348842
1679314348810,1679314348871
1679314349212,1679314349237
1679314349214,1679314349260
1679314349198,1679314349271
1679314349279,1679314349317
1679314349409,1679314349412
1679314349414,1679314349422
1679314349419,1679314349506
1679314349648,1679314349671
1679314349694,1679314349768
1679314349744,1679314349795
1679314349789,1679314349804
1679314349728,1679314349871
1679314350026,1679314350029
1679314350022,1679314350047
1679314350185,1679314350190
1679314350221,1679314350240
1679314350243,1679314350304
1679314350344,1679314350411
1679314350313,1679314350413
1679314350460,1679314350468
1679314350527,1679314350545
1679314350531,1679314350671
1679314350683,1679314350692
1679314350728,1679314350752
1679314350660,1679314350762
1679314350995,1679314351027
1679314351065,1679314351099
1679314351034,1679314351133
1679314351215,1679314351257
1679314351179,1679314351269
1679314351261,1679314351323
1679314351363,1679314351373
1679314351328,1679314351373
1679314351253,1679314351385
1679314351380,1679314351457
1679314351512,1679314351546
1679314351738,1679314351797
1679314351750,1679314351806
1679314351961,1679314352047
1679314352018,1679314352069
1679314352123,1679314352144
1679314352152,1679314352178
1679314352219,1679314352280
1679314352250,1679314352292
1679314352339,1679314352343
1679314352551,1679314352561
1679314352539,1679314352601
1679314352550,1679314352627
1679314352704,1679314352723
1679314352694,1679314352761
1679314352750,1679314352770
1679314352730,1679314352793
1679314353019,1679314353081
1679314353026,1679314353089
1679314353075,1679314353102
1679314353092,1679314353145
1679314353048,1679314353153
1679314353155,1679314353164
1679314353181,1679314353189
1679314353354,1679314353365
1679314353422,1679314353460
1679314353496,1679314353598
1679314353730,1679314353739
1679314353675,1679314353757
1679314353668,1679314353783
1679314353763,1679314353829
1679314353932,1679314353948
1679314353967,1679314353996
1679314354012,1679314354060
1679314354133,1679314354150
1679314354138,1679314354157
1679314354178,1679314354218
1679314354265,1679314354273
1679314354291,1679314354294
1679314354258,1679314354322
1679314354454,1679314354512
1679314354475,1679314354549
1679314354429,1679314354580
1679314354684,1679314354719
1679314354697,1679314354769
1679314354893,1679314354895
1679314354932,1679314354940
1679314354931,1679314354941
1679314354959,1679314354987
1679314355142,1679314355169
1679314355305,1679314355347
1679314355313,1679314355350
1679314355227,1679314355383
1679314355291,1679314355430
1679314355431,1679314355459
1679314355410,1679314355469
1679314355556,1679314355559
1679314355630,1679314355697
1679314355782,1679314355792
1679314355789,1679314355804
1679314355797,1679314355827
1679314355826,1679314355852
1679314355939,1679314355977
1679314355980,1679314356005
1679314356022,1679314356055
1679314356198,1679314356205
1679314356471,1679314356488
1679314356505,1679314356516
1679314356378,1679314356572
1679314356649,1679314356662
1679314356670,1679314356674
1679314356628,1679314356675
1679314356715,1679314356747
1679314356826,1679314356853
1679314357184,1679314357225
1679314357094,1679314357244
1679314357243,1679314357289
1679314357281,1679314357291
1679314357221,1679314357306
1679314357389,1679314357396
1679314357498,1679314357558
1679314357701,1679314357723
1679314357722,1679314357748
1679314357842,1679314357887
1679314357855,1679314357899
1679314357902,1679314357922
1679314357910,1679314357926
1679314357919,1679314358009
1679314357975,1679314358016
1679314358015,1679314358071
1679314358221,1679314358227
1679314358327,1679314358339
1679314358329,1679314358345
1679314358246,1679314358353
1679314358352,1679314358355
1679314358339,1679314358402
1679314358391,1679314358505
1679314358669,1679314358717
1679314358833,1679314358851
1679314358821,1679314358869
1679314358853,1679314358881
1679314358876,1679314358934
1679314359055,1679314359077
1679314359051,1679314359108
1679314359098,1679314359126
1679314359230,1679314359244
1679314359275,1679314359287
1679314359295,1679314359318
1679314359273,1679314359357
1679314359355,1679314359383
1679314359446,1679314359468
1679314359523,1679314359537
1679314359435,1679314359569
1679314359558,1679314359637
1679314359653,1679314359668
1679314359738,1679314359786
1679314359789,1679314359838
1679314359966,1679314359983
1679314360161,1679314360179
1679314360186,1679314360236
1679314360110,1679314360296
1679314360258,1679314360362
1679314360423,1679314360443
1679314360540,1679314360561
1679314360610,1679314360638
1679314360624,1679314360648
1679314360691,1679314360756
1679314360745,1679314360760
1679314360703,1679314360820
1679314360874,1679314360897
1679314360887,1679314360899
1679314360952,1679314360980
1679314360952,1679314360999
1679314360950,1679314361025
1679314360808,1679314361028
1679314360925,1679314361087
1679314361098,1679314361102
1679314361272,1679314361375
1679314361405,1679314361471
1679314361383,1679314361481
1679314361469,1679314361482
1679314361719,1679314361772
1679314361807,1679314361817
1679314361858,1679314361938
1679314361925,1679314362008
1679314361997,1679314362013
1679314362025,1679314362050
1679314362041,1679314362058
1679314362033,1679314362089
1679314362158,1679314362243
1679314362251,1679314362290
1679314362288,1679314362360
1679314362366,1679314362375
1679314362414,1679314362426
1679314362392,1679314362445
1679314362559,1679314362594
1679314362635,1679314362646
1679314362694,1679314362719
1679314362837,1679314362880
1679314362928,1679314362946
1679314363042,1679314363061
1679314363071,1679314363124
1679314363218,1679314363262
1679314363296,1679314363311
1679314363210,1679314363401
1679314363393,1679314363491
1679314363403,1679314363508
1679314363596,1679314363601
1679314363545,1679314363636
1679314363625,1679314363639
1679314363696,1679314363715
1679314363702,1679314363722
1679314363741,1679314363770
1679314363691,1679314363775
1679314363820,1679314363825
1679314363820,1679314363830
1679314363765,1679314363864
1679314363998,1679314364013
1679314364094,1679314364103
1679314364123,1679314364202
1679314364353,1679314364370
1679314364428,1679314364438
1679314364473,1679314364486
1679314364632,1679314364639
1679314364554,1679314364672
1679314364622,1679314364673
1679314364746,1679314364773
1679314364816,1679314364841
1679314364898,1679314364966
1679314365141,1679314365158
1679314365119,1679314365160
1679314365218,1679314365245
1679314365215,1679314365262
1679314365292,1679314365296
1679314365437,1679314365454
1679314365191,1679314365500
1679314365429,1679314365513
1679314365577,1679314365592
1679314365545,1679314365609
1679314365427,1679314365636
1679314365582,1679314365695
1679314365720,1679314365741
1679314365842,1679314365856
1679314365888,1679314365913
1679314365925,1679314365960
1679314365925,1679314365961
1679314366159,1679314366238
1679314366288,1679314366347
1679314366411,1679314366564
1679314366580,1679314366697
1679314366680,1679314366720
1679314366687,1679314366740
1679314366629,1679314366751
1679314366734,1679314366758
1679314366808,1679314366835
1679314366770,1679314366836
1679314366770,1679314366842
1679314366810,1679314366873
1679314366885,1679314366904
1679314366950,1679314366964
1679314367092,1679314367155
1679314367115,1679314367162
1679314367491,1679314367541
1679314367680,1679314367687
1679314367691,1679314367700
1679314367754,1679314367831
1679314367797,1679314367852
1679314367908,1679314367921
1679314367943,1679314367952
1679314367909,1679314367955
1679314367970,1679314367973
1679314367939,1679314367976
1679314368075,1679314368123
1679314368120,1679314368252
1679314368102,1679314368277
1679314368256,1679314368299
1679314368534,1679314368550
1679314368639,1679314368663
1679314368833,1679314368861
1679314368838,1679314368865
1679314369011,1679314369020
1679314369061,1679314369124
1679314369105,1679314369192
1679314369322,1679314369326
1679314369288,1679314369339
1679314369358,1679314369385
1679314369435,1679314369472
1679314369432,1679314369545
1679314369531,1679314369576
1679314369518,1679314369588
1679314369516,1679314369604
1679314369492,1679314369610
1679314369543,1679314369627
1679314369523,1679314369652
1679314369703,1679314369726
1679314369982,1679314369987
1679314369974,1679314370025
1679314369937,1679314370042
1679314369926,1679314370092
1679314370202,1679314370251
1679314370229,1679314370274
1679314370193,1679314370303
1679314370285,1679314370326
1679314370225,1679314370327
1679314370277,1679314370345
1679314370550,1679314370583
1679314370785,1679314370791
1679314370861,1679314370876
1679314370796,1679314370894
1679314370926,1679314370985
1679314371009,1679314371015
1679314370994,1679314371054
1679314371076,1679314371137
1679314371163,1679314371166
1679314371141,1679314371207
1679314371163,1679314371253
1679314371327,1679314371460
1679314371471,1679314371493
1679314371531,1679314371589
1679314371408,1679314371591
1679314371350,1679314371658
1679314371385,1679314371665
1679314371553,1679314371672
1679314371717,1679314371734
1679314371609,1679314371768
1679314371780,1679314371822
1679314371793,1679314371835
1679314371812,1679314371872
1679314371942,1679314371969
1679314372000,1679314372030
1679314372074,1679314372081
1679314372080,1679314372085
1679314372206,1679314372224
1679314372423,1679314372426
1679314372452,1679314372461
1679314372448,1679314372468
1679314372712,1679314372753
1679314372688,1679314372805
1679314372826,1679314372842
1679314372986,1679314372991
1679314373054,1679314373075
1679314373180,1679314373253
1679314373011,1679314373280
1679314373219,1679314373281
1679314373244,1679314373301
1679314373350,1679314373390
1679314373343,1679314373392
1679314373377,1679314373426
1679314373448,1679314373475
1679314373497,1679314373522
1679314373427,1679314373524
1679314373561,1679314373571
1679314373569,1679314373594
1679314373743,1679314373820
1679314373823,1679314373850
1679314373927,1679314373939
1679314373831,1679314373953
1679314373991,1679314374013
1679314374025,1679314374044
1679314374013,1679314374116
1679314373870,1679314374145
1679314374293,1679314374297
1679314374290,1679314374328
1679314374273,1679314374338
1679314374418,1679314374459
1679314374528,1679314374546
1679314374527,1679314374630
1679314374635,1679314374663
1679314374896,1679314374934
1679314375005,1679314375037
1679314375050,1679314375125
1679314375071,1679314375166
1679314375223,1679314375225
1679314375248,1679314375272
1679314375127,1679314375298
1679314375336,1679314375342
1679314375358,1679314375361
1679314375454,1679314375574
1679314375446,1679314375577
1679314375583,1679314375662
1679314375458,1679314375675
1679314375757,1679314375813
1679314375712,1679314375849
1679314375836,1679314375901
1679314375840,1679314375920
1679314376010,1679314376047
1679314376057,1679314376109
1679314376305,1679314376333
1679314376385,1679314376412
1679314376385,1679314376453
1679314376429,1679314376479
1679314376520,1679314376524
1679314376520,1679314376545
1679314376547,1679314376567
1679314376601,1679314376701
1679314376655,1679314376701
1679314376772,1679314376802
1679314376826,1679314376875
1679314376802,1679314376888
1679314376982,1679314376987
1679314377062,1679314377083
1679314376951,1679314377100
1679314377125,1679314377141
1679314377260,1679314377290
1679314377331,1679314377345
1679314377349,1679314377387
1679314377395,1679314377399
1679314377506,1679314377560
1679314377639,1679314377702
1679314377725,1679314377742
1679314377758,1679314377775
1679314377778,1679314377783
1679314377818,1679314377843
1679314378222,1679314378247
1679314378233,1679314378253
1679314378218,1679314378359
1679314378407,1679314378417
1679314378423,1679314378434
1679314378437,1679314378446
1679314378359,1679314378452
1679314378464,1679314378536
1679314378575,1679314378580
1679314378588,1679314378614
1679314378609,1679314378617
1679314378637,1679314378667
1679314378684,1679314378742
1679314378710,1679314378876
1679314378937,1679314378949
1679314379016,1679314379038
1679314379064,1679314379083
1679314379141,1679314379202
1679314379175,1679314379213
1679314379336,1679314379347
1679314379342,1679314379363
1679314379406,1679314379476
1679314379545,1679314379561
1679314379585,1679314379635
1679314379638,1679314379650
1679314379698,1679314379756
1679314379767,1679314379855
1679314379886,1679314379923
1679314379934,1679314379946
1679314379975,1679314379983
1679314380010,1679314380164
1679314380215,1679314380323
1679314380302,1679314380342
1679314380470,1679314380482
1679314380464,1679314380488
1679314380459,1679314380544
1679314380511,1679314380577
1679314380691,1679314380702
1679314380736,1679314380763
1679314380787,1679314380814
1679314380960,1679314380969
1679314381033,1679314381072
1679314381051,1679314381090
1679314380949,1679314381098
1679314381277,1679314381288
1679314381176,1679314381308
1679314381307,1679314381352
1679314381359,1679314381364
1679314381351,1679314381381
1679314381360,1679314381396
1679314381491,1679314381505
1679314381756,1679314381816
1679314381766,1679314381828
1679314381853,1679314381878
1679314381894,1679314381983
1679314381975,1679314382021
1679314381894,1679314382056
1679314382168,1679314382179
1679314382149,1679314382181
1679314382187,1679314382193
1679314382240,1679314382327
1679314382409,1679314382442
1679314382548,1679314382577
1679314382595,1679314382630
1679314382675,1679314382754
1679314382792,1679314382837
1679314382771,1679314382859
1679314382947,1679314382958
1679314383117,1679314383137
1679314383166,1679314383182
1679314383150,1679314383194
1679314383137,1679314383202
1679314383377,1679314383417
1679314383415,1679314383493
1679314383412,1679314383510
1679314383510,1679314383557
1679314383635,1679314383654
1679314383657,1679314383710
1679314383760,1679314383775
1679314383901,1679314383956
1679314383953,1679314384022
1679314384062,1679314384082
1679314384266,1679314384272
1679314384216,1679314384303
1679314384343,1679314384391
1679314384320,1679314384431
1679314384424,1679314384443
1679314384469,1679314384474
1679314384578,1679314384583
1679314384694,1679314384711
1679314384817,1679314384822
1679314384802,1679314384888
1679314384889,1679314384896
1679314385005,1679314385047
1679314385085,1679314385187
1679314385188,1679314385244
1679314385237,1679314385294
1679314385303,1679314385307
1679314385269,1679314385340
1679314385363,1679314385374
1679314385269,1679314385377
1679314385444,1679314385482
1679314385397,1679314385506
1679314385678,1679314385703
1679314385695,1679314385784
1679314385809,1679314385814
1679314385877,1679314385888
1679314385916,1679314385940
1679314385838,1679314385981
1679314386135,1679314386145
1679314386165,1679314386187
1679314386100,1679314386235
1679314386272,1679314386337
1679314386313,1679314386343
1679314386566,1679314386591
1679314386541,1679314386598
1679314386560,1679314386623
1679314386684,1679314386733
1679314386646,1679314386759
1679314386693,1679314386787
1679314386665,1679314386793
1679314386935,1679314386947
1679314386995,1679314387032
1679314387239,1679314387250
1679314387225,1679314387262
1679314387401,1679314387450
1679314387429,1679314387528
1679314387620,1679314387718
1679314387792,1679314387800
1679314387704,1679314387809
1679314387840,1679314387866
1679314387855,1679314387894
1679314387780,1679314387917
1679314387900,1679314387965
1679314388107,1679314388125
1679314388125,1679314388235
1679314388205,1679314388246
1679314388294,1679314388349
1679314388319,1679314388380
1679314388387,1679314388392
1679314388262,1679314388435
1679314388434,1679314388442
1679314388523,1679314388556
1679314388535,1679314388640
1679314388614,1679314388695
1679314388877,1679314388884
1679314388946,1679314389042
1679314389140,1679314389176
1679314389251,1679314389258
1679314389263,1679314389288
1679314389351,1679314389402
1679314389584,1679314389612
1679314389571,1679314389615
1679314389535,1679314389670
1679314389643,1679314389676
1679314389754,1679314389800
1679314389763,1679314389867
1679314389829,1679314389867
1679314389854,1679314389921
1679314389805,1679314389980
1679314390034,1679314390114
1679314390116,1679314390158
1679314390220,1679314390225
1679314390328,1679314390362
1679314390346,1679314390420
1679314390386,1679314390540
1679314390747,1679314390769
1679314390737,1679314390802
1679314390741,1679314390804
1679314390649,1679314390805
1679314390920,1679314390934
1679314390800,1679314390951
1679314390940,1679314390958
1679314390885,1679314390972
1679314390899,1679314390974
1679314391002,1679314391017
1679314391053,1679314391105
1679314391209,1679314391224
1679314391299,1679314391303
1679314391020,1679314391348
1679314391436,1679314391446
1679314391432,1679314391459
1679314391441,1679314391460
1679314391466,1679314391485
1679314391655,1679314391714
1679314392001,1679314392027
1679314392049,1679314392130
1679314392166,1679314392174
1679314392119,1679314392248
1679314392174,1679314392273
1679314392557,1679314392584
1679314392531,1679314392608
1679314392695,1679314392716
1679314392740,1679314392765
1679314392902,1679314392913
1679314392942,1679314392950
1679314392780,1679314392983
1679314392966,1679314393047
1679314392982,1679314393058
1679314392913,1679314393058
1679314393049,1679314393148
1679314393157,1679314393215
1679314393185,1679314393217
1679314393233,1679314393251
1679314393127,1679314393274
1679314393500,1679314393543
1679314393501,1679314393584
1679314393595,1679314393643
1679314394026,1679314394089
1679314394103,1679314394151
1679314394159,1679314394238
1679314394235,1679314394242
1679314394308,1679314394356
1679314394324,1679314394369
1679314394331,1679314394380
1679314394416,1679314394426
1679314394465,1679314394499
1679314394563,1679314394571
1679314394571,1679314394583
1679314394733,1679314394740
1679314394843,1679314394851
1679314394849,1679314394852
1679314394840,1679314394853
1679314394847,1679314394857
1679314394858,1679314394870
1679314394828,1679314394900
1679314394936,1679314394969
1679314394835,1679314394971
1679314394925,1679314395040
1679314395002,1679314395077
1679314395186,1679314395193
1679314395418,1679314395452
1679314395309,1679314395467
1679314395483,1679314395537
1679314395595,1679314395619
1679314395748,1679314395781
1679314395772,1679314395783
1679314395733,1679314395810
1679314395894,1679314395897
1679314395917,1679314395930
1679314395909,1679314395955
1679314395869,1679314395970
1679314395920,1679314395983
1679314396102,1679314396126
1679314396125,1679314396170
1679314396193,1679314396215
1679314396310,1679314396327
1679314396312,1679314396356
1679314396448,1679314396469
1679314396461,1679314396565
1679314396524,1679314396598
1679314396516,1679314396657
1679314396714,1679314396741
1679314396800,1679314396806
1679314396764,1679314396807
1679314396800,1679314396823
1679314396837,1679314396919
1679314396897,1679314396934
1679314397023,1679314397058
1679314397036,1679314397125
1679314397159,1679314397188
1679314397202,1679314397287
1679314397212,1679314397303
1679314397484,1679314397495
1679314397544,1679314397552
1679314397436,1679314397558
1679314397681,1679314397754
1679314397742,1679314397758
1679314397791,1679314397812
1679314397837,1679314397847
1679314397817,1679314397878
1679314397895,1679314397951
1679314397972,1679314397983
1679314398041,1679314398047
1679314398100,1679314398103
1679314398115,1679314398120
1679314398203,1679314398310
1679314398326,1679314398346
1679314398579,1679314398655
1679314398687,1679314398690
1679314398706,1679314398746
1679314398831,1679314398857
1679314398908,1679314398912
1679314398960,1679314398967
1679314398951,1679314398975
1679314398971,1679314399010
1679314398996,1679314399019
1679314399039,1679314399053
1679314399006,1679314399060
1679314399112,1679314399147
1679314399218,1679314399244
1679314399343,1679314399349
1679314399478,1679314399492
1679314399502,1679314399516
1679314399385,1679314399528
1679314399824,1679314399828
1679314399699,1679314399841
1679314399945,1679314399963
1679314399973,1679314400046
1679314399954,1679314400051
1679314400085,1679314400153
1679314400153,1679314400230
1679314400181,1679314400266
1679314400366,1679314400381
1679314400336,1679314400434
1679314400441,1679314400473
1679314400613,1679314400623
1679314400752,1679314400819
1679314400819,1679314400823
1679314400806,1679314400857
1679314400831,1679314400878
1679314400986,1679314401000
1679314400966,1679314401028
1679314400825,1679314401030
1679314401010,1679314401053
1679314401055,1679314401066
1679314401145,1679314401180
1679314401282,1679314401287
1679314401227,1679314401370
1679314401378,1679314401396
1679314401365,1679314401419
1679314401386,1679314401455
1679314401384,1679314401461
1679314401526,1679314401600
1679314401553,1679314401626
1679314401697,1679314401737
1679314401829,1679314401833
1679314402064,1679314402088
1679314402075,1679314402097
1679314402134,1679314402151
1679314402093,1679314402236
1679314402319,1679314402354
1679314402332,1679314402384
1679314402375,1679314402396
1679314402395,1679314402471
1679314402526,1679314402651
1679314402608,1679314402669
1679314402740,1679314402837
1679314402794,1679314402878
1679314402757,1679314402892
1679314402982,1679314403006
1679314402992,1679314403031
1679314402923,1679314403052
1679314402882,1679314403055
1679314403154,1679314403185
1679314403200,1679314403228
1679314403208,1679314403414
1679314403373,1679314403417
1679314403396,1679314403438
1679314403476,1679314403489
1679314403627,1679314403640
1679314403604,1679314403647
1679314403688,1679314403734
1679314403876,1679314403903
1679314403959,1679314404076
1679314404080,1679314404116
1679314404072,1679314404121
1679314404080,1679314404150
1679314404185,1679314404210
1679314404218,1679314404230
1679314404207,1679314404249
1679314404233,1679314404279
1679314404339,1679314404361
1679314404468,1679314404499
1679314404551,1679314404575
1679314404626,1679314404690
1679314404798,1679314404857
1679314404972,1679314404976
1679314404950,1679314405038
1679314405027,1679314405067
1679314405354,1679314405363
1679314405340,1679314405371
1679314405312,1679314405433
1679314405522,1679314405556
1679314405552,1679314405567
1679314405582,1679314405592
1679314405651,1679314405673
1679314405605,1679314405698
1679314405724,1679314405739
1679314405831,1679314405893
1679314405884,1679314405940
1679314405862,1679314405952
1679314405851,1679314406005
1679314406043,1679314406045
1679314406062,1679314406081
1679314406029,1679314406081
1679314406023,1679314406085
1679314406127,1679314406147
1679314406190,1679314406201
1679314406193,1679314406291
1679314406487,1679314406583
1679314406616,1679314406638
1679314406591,1679314406668
1679314406635,1679314406731
1679314406812,1679314406883
1679314406845,1679314406943
1679314407044,1679314407071
1679314407082,1679314407085
1679314407190,1679314407208
1679314407192,1679314407277
1679314407290,1679314407376
1679314407394,1679314407413
1679314407402,1679314407453
1679314407456,1679314407463
1679314407529,1679314407535
1679314407525,1679314407608
1679314407713,1679314407809
1679314407791,1679314407861
1679314407928,1679314407954
1679314407954,1679314408009
1679314408052,1679314408079
1679314408073,1679314408088
1679314408109,1679314408124
1679314408142,1679314408197
1679314408258,1679314408272
1679314408221,1679314408318
1679314408397,1679314408399
1679314408393,1679314408405
1679314408425,1679314408475
1679314408578,1679314408593
1679314408620,1679314408711
1679314408848,1679314408856
1679314408801,1679314408883
1679314408898,1679314408941
1679314408874,1679314408973
1679314408945,1679314408998
1679314409067,1679314409082
1679314409211,1679314409219
1679314409250,1679314409289
1679314409646,1679314409699
1679314409620,1679314409700
1679314409720,1679314409733
1679314409737,1679314409747
1679314409722,1679314409765
1679314409768,1679314409816
1679314409833,1679314409842
1679314409903,1679314409926
1679314409890,1679314409951
1679314410092,1679314410102
1679314410092,1679314410105
1679314410099,1679314410128
1679314410167,1679314410175
1679314410217,1679314410246
1679314410336,1679314410376
1679314410365,1679314410403
1679314410393,1679314410413
1679314410431,1679314410600
1679314410733,1679314410755
1679314410796,1679314410890
1679314410914,1679314410962
1679314410892,1679314411074
1679314411115,1679314411124
1679314411118,1679314411143
1679314411240,1679314411248
1679314411270,1679314411343
1679314411323,1679314411367
1679314411343,1679314411382
1679314411356,1679314411399
1679314411371,1679314411426
1679314411483,1679314411543
1679314411525,1679314411571
1679314411565,1679314411577
1679314411546,1679314411601
1679314411578,1679314411617
1679314411670,1679314411681
1679314411733,1679314411749
1679314411770,1679314411791
1679314411879,1679314411988
1679314412038,1679314412139
1679314412250,1679314412283
1679314412218,1679314412304
1679314412387,1679314412410
1679314412422,1679314412444
1679314412519,1679314412538
1679314412439,1679314412574
1679314412659,1679314412672
1679314412686,1679314412696
1679314412671,1679314412728
1679314412793,1679314412800
1679314412799,1679314412832
1679314412873,1679314412898
1679314412915,1679314412924
1679314412821,1679314412928
1679314413013,1679314413031
1679314413081,1679314413105
1679314413152,1679314413186
1679314413143,1679314413197
1679314413379,1679314413443
1679314413330,1679314413450
1679314413521,1679314413550
1679314413576,1679314413593
1679314413485,1679314413619
1679314413622,1679314413662
1679314413763,1679314413792
1679314413763,1679314413799
1679314413800,1679314413857
1679314413877,1679314413903
1679314413987,1679314414006
1679314414001,1679314414032
1679314414038,1679314414101
1679314414044,1679314414110
1679314414076,1679314414122
1679314414146,1679314414214
1679314414182,1679314414241
1679314414205,1679314414261
1679314414686,1679314414757
1679314414741,1679314414766
1679314414827,1679314414862
1679314414817,1679314414884
1679314414967,1679314415004
1679314415020,1679314415078
1679314415015,1679314415091
1679314415036,1679314415098
1679314414972,1679314415103
1679314415095,1679314415118
1679314415223,1679314415229
1679314415233,1679314415241
1679314415217,1679314415278
1679314415201,1679314415279
1679314415202,1679314415290
1679314415321,1679314415368
1679314415499,1679314415509
1679314415540,1679314415571
1679314415553,1679314415640
1679314415816,1679314415852
1679314415820,1679314415864
1679314415851,1679314415890
1679314415806,1679314415904
1679314415933,1679314415957
1679314416093,1679314416172
1679314416188,1679314416283
1679314416337,1679314416342
1679314416390,1679314416405
1679314416364,1679314416444
1679314416507,1679314416559
1679314416432,1679314416567
1679314416607,1679314416625
1679314416695,1679314416719
1679314416727,1679314416764
1679314416758,1679314416890
1679314416949,1679314416973
1679314417003,1679314417108
1679314417112,1679314417149
1679314417184,1679314417221
1679314417244,1679314417262
1679314417289,1679314417338
1679314417268,1679314417340
1679314417421,1679314417433
1679314417410,1679314417450
1679314417274,1679314417468
1679314417416,1679314417541
1679314417514,1679314417587
1679314417699,1679314417761
1679314417785,1679314417824
1679314417958,1679314417978
1679314417788,1679314417984
1679314417987,1679314418007
1679314418027,1679314418044
1679314418020,1679314418067
1679314418218,1679314418235
1679314418191,1679314418308
1679314418294,1679314418331
1679314418305,1679314418349
1679314418298,1679314418353
1679314418329,1679314418440
1679314418397,1679314418458
1679314418554,1679314418588
1679314418582,1679314418686
1679314418685,1679314418735
1679314418766,1679314418769
1679314418763,1679314418798
1679314418849,1679314418857
1679314418840,1679314418863
1679314418910,1679314418946
1679314418904,1679314418953
1679314419128,1679314419290
1679314419176,1679314419312
1679314419291,1679314419344
1679314419340,1679314419364
1679314419340,1679314419371
1679314419319,1679314419401
1679314419589,1679314419595
1679314419599,1679314419648
1679314419646,1679314419653
1679314419790,1679314419800
1679314419765,1679314419833
1679314419596,1679314419912
1679314419849,1679314419914
1679314419992,1679314420060
1679314420030,1679314420085
1679314420144,1679314420181
1679314420341,1679314420356
1679314420356,1679314420375
1679314420294,1679314420392
1679314420366,1679314420442
1679314420510,1679314420577
1679314420685,1679314420740
1679314420622,1679314420816
1679314420818,1679314420844
1679314420772,1679314420854
1679314420847,1679314420861
1679314420719,1679314420878
1679314420613,1679314420887
1679314420653,1679314420983
1679314420938,1679314421031
1679314420996,1679314421067
1679314421027,1679314421090
1679314420770,1679314421115
1679314421190,1679314421200
1679314421242,1679314421332
1679314421342,1679314421444
1679314421465,1679314421476
1679314421411,1679314421500
1679314421597,1679314421608
1679314421626,1679314421647
1679314421734,1679314421809
1679314421718,1679314421874
1679314421947,1679314421951
1679314421951,1679314421971
1679314422075,1679314422105
1679314422252,1679314422260
1679314422308,1679314422315
1679314422154,1679314422355
1679314422355,1679314422373
1679314422315,1679314422477
1679314422397,1679314422493
1679314422540,1679314422584
1679314422579,1679314422606
1679314422538,1679314422648
1679314422567,1679314422685
1679314422684,1679314422699
1679314422752,1679314422760
1679314422728,1679314422788
1679314422767,1679314422790
1679314422726,1679314422846
1679314422860,1679314422888
1679314423074,1679314423127
1679314423152,1679314423193
1679314423212,1679314423248
1679314423398,1679314423401
1679314423402,1679314423415
1679314423444,1679314423490
1679314423569,1679314423582
1679314423580,1679314423605
1679314423750,1679314423760
1679314423709,1679314423770
1679314423752,1679314423779
1679314423848,1679314423863
1679314423905,1679314423978
1679314424000,1679314424011
1679314424020,1679314424026
1679314424025,1679314424031
1679314424185,1679314424199
1679314424199,1679314424204
1679314424154,1679314424256
1679314424357,1679314424367
1679314424323,1679314424402
1679314424414,1679314424426
1679314424463,1679314424493
1679314424497,1679314424512
1679314424501,1679314424522
1679314424407,1679314424526
1679314424874,1679314424921
1679314424978,1679314424992
1679314425079,1679314425113
1679314424985,1679314425118
1679314425096,1679314425128
1679314425145,1679314425162
1679314425288,1679314425310
1679314425241,1679314425373
1679314425377,1679314425417
1679314425382,1679314425420
1679314425396,1679314425439
1679314425422,1679314425529
1679314425491,1679314425538
1679314425868,1679314425884
1679314425898,1679314425925
1679314425907,1679314425940
1679314425808,1679314425973
1679314425784,1679314426003
1679314425960,1679314426019
1679314426088,1679314426111
1679314426028,1679314426112
1679314426185,1679314426190
1679314426095,1679314426203
1679314426323,1679314426338
1679314426324,1679314426374
1679314426424,1679314426443
1679314426424,1679314426485
1679314426671,1679314426732
1679314426693,1679314426808
1679314426895,1679314426965
1679314427054,1679314427136
1679314427083,1679314427154
1679314426980,1679314427156
1679314427158,1679314427171
1679314427176,1679314427187
1679314427202,1679314427205
1679314427147,1679314427242
1679314427241,1679314427281
1679314427232,1679314427303
1679314427279,1679314427353
1679314427329,1679314427404
1679314427416,1679314427443
1679314427505,1679314427560
1679314427696,1679314427714
1679314427709,1679314427718
1679314427750,1679314427763
1679314428067,1679314428101
1679314428080,1679314428121
1679314428122,1679314428155
1679314428302,1679314428319
1679314428297,1679314428333
1679314428335,1679314428339
1679314428383,1679314428453
1679314428302,1679314428456
1679314428433,1679314428530
1679314428376,1679314428540
1679314428427,1679314428571
1679314428745,1679314428758
1679314428814,1679314428851
1679314428862,1679314428894
1679314429053,1679314429060
1679314429162,1679314429176
1679314429149,1679314429199
1679314429196,1679314429201
1679314429301,1679314429322
1679314429319,1679314429332
1679314429325,1679314429344
1679314429307,1679314429371
1679314429326,1679314429373
1679314429348,1679314429386
1679314429485,1679314429491
1679314429459,1679314429506
1679314429441,1679314429518
1679314429571,1679314429603
1679314429756,1679314429769
1679314429774,1679314429788
1679314429949,1679314429969
1679314429847,1679314429982
1679314430033,1679314430084
1679314430064,1679314430087
1679314430231,1679314430247
1679314430373,1679314430383
1679314430451,1679314430473
1679314430502,1679314430513
1679314430456,1679314430538
1679314430465,1679314430540
1679314430547,1679314430564
1679314430734,1679314430742
1679314430751,1679314430776
1679314430585,1679314430781
1679314430795,1679314430809
1679314430737,1679314430812
1679314430793,1679314430876
1679314430876,1679314430904
1679314430891,1679314430927
1679314430867,1679314430972
1679314431158,1679314431184
1679314431300,1679314431347
1679314431398,1679314431420
1679314431510,1679314431528
1679314431642,1679314431679
1679314431736,1679314431802
1679314431810,1679314431819
1679314431768,1679314431819
1679314431701,1679314431854
1679314431838,1679314431899
1679314431882,1679314431923
1679314431948,1679314432017
1679314432021,1679314432024
1679314432095,1679314432110
1679314432126,1679314432137
1679314432145,1679314432217
1679314432244,1679314432264
1679314432315,1679314432347
1679314432510,1679314432516
1679314432503,1679314432548
1679314432593,1679314432612
1679314432631,1679314432634
1679314432641,1679314432687
1679314432686,1679314432727
1679314432638,1679314432774
1679314432934,1679314432953
1679314432845,1679314432964
1679314432936,1679314432979
1679314432951,1679314433040
1679314433128,1679314433156
1679314433158,1679314433193
1679314433232,1679314433244
1679314433210,1679314433333
1679314433414,1679314433434
1679314433540,1679314433590
1679314433601,1679314433616
1679314433624,1679314433644
1679314433586,1679314433650
1679314433673,1679314433723
1679314433720,1679314433761
1679314433724,1679314433775
1679314433764,1679314433810
1679314433850,1679314433874
1679314433873,1679314433927
1679314433869,1679314433995
1679314433963,1679314434095
1679314434107,1679314434146
1679314434266,1679314434276
1679314434245,1679314434332
1679314434508,1679314434515
1679314434401,1679314434529
1679314434461,1679314434541
1679314434569,1679314434577
1679314434673,1679314434715
1679314434859,1679314434991
1679314435025,1679314435052
1679314435054,1679314435119
1679314435066,1679314435145
1679314435098,1679314435181
1679314435112,1679314435200
1679314435236,1679314435238
1679314435308,1679314435312
1679314435330,1679314435433
1679314435522,1679314435544
1679314435597,1679314435634
1679314435701,1679314435706
1679314435750,1679314435784
1679314435686,1679314435796
1679314435774,1679314435807
1679314435798,1679314435811
1679314435785,1679314435823
1679314435958,1679314435981
1679314436135,1679314436145
1679314436198,1679314436276
1679314436288,1679314436305
1679314436450,1679314436469
1679314436390,1679314436479
1679314436504,1679314436520
1679314436552,1679314436575
1679314436577,1679314436594
1679314436577,1679314436609
1679314436675,1679314436678
1679314436566,1679314436747
1679314436681,1679314436801
1679314436690,1679314436820
1679314436883,1679314436942
1679314437001,1679314437028
1679314437085,1679314437105
1679314437100,1679314437107
1679314437115,1679314437143
1679314437040,1679314437151
1679314437134,1679314437160
1679314437149,1679314437165
1679314437282,1679314437294
1679314437302,1679314437328
1679314437518,1679314437577
1679314437566,1679314437621
1679314437589,1679314437627
1679314437712,1679314437805
1679314437873,1679314437904
1679314437920,1679314437961
1679314437892,1679314437971
1679314437966,1679314437982
1679314437914,1679314437994
1679314438090,1679314438156
1679314438213,1679314438244
1679314438124,1679314438327
1679314438384,1679314438391
1679314438421,1679314438485
1679314438505,1679314438508
1679314438550,1679314438570
1679314438567,1679314438609
1679314438679,1679314438686
1679314438691,1679314438732
1679314438725,1679314438760
1679314438786,1679314438824
1679314438865,1679314438965
1679314439125,1679314439130
1679314438997,1679314439152
1679314439111,1679314439167
1679314439210,1679314439220
1679314439160,1679314439232
1679314439560,1679314439589
1679314439588,1679314439623
1679314439691,1679314439753
1679314439667,1679314439785
1679314439733,1679314439822
1679314439831,1679314439874
1679314439893,1679314439994
1679314440063,1679314440098
1679314440158,1679314440175
1679314440017,1679314440191
1679314440082,1679314440227
1679314440282,1679314440302
1679314440286,1679314440308
1679314440271,1679314440314
1679314440349,1679314440370
1679314440356,1679314440398
1679314440518,1679314440541
1679314440641,1679314440680
1679314440713,1679314440724
1679314440660,1679314440725
1679314440671,1679314440730
1679314440649,1679314440762
1679314440655,1679314440843
1679314440890,1679314440909
1679314440964,1679314441012
1679314440890,1679314441014
1679314441104,1679314441155
1679314441171,1679314441182
1679314441149,1679314441240
1679314441290,1679314441319
1679314441263,1679314441322
1679314441360,1679314441429
1679314441488,1679314441506
1679314441471,1679314441546
1679314441553,1679314441566
1679314441616,1679314441647
1679314441686,1679314441714
1679314441751,1679314441783
1679314441887,1679314441952
1679314441962,1679314442070
1679314441989,1679314442089
1679314442273,1679314442334
1679314442302,1679314442339
1679314442369,1679314442380
1679314442372,1679314442418
1679314442408,1679314442438
1679314442475,1679314442485
1679314442478,1679314442502
1679314442470,1679314442579
1679314442581,1679314442632
1679314442670,1679314442722
1679314442736,1679314442762
1679314442742,1679314442860
1679314442883,1679314442890
1679314442968,1679314442972
1679314443218,1679314443229
1679314443164,1679314443260
1679314443257,1679314443318
1679314443248,1679314443351
1679314443433,1679314443474
1679314443309,1679314443482
1679314443519,1679314443538
1679314443517,1679314443551
1679314443498,1679314443607
1679314443681,1679314443759
1679314443762,1679314443770
1679314443633,1679314443786
1679314443713,1679314443824
1679314443999,1679314444083
1679314444276,1679314444289
1679314444219,1679314444305
1679314444195,1679314444356
1679314444463,1679314444497
1679314444524,1679314444574
1679314444488,1679314444590
1679314444573,1679314444626
1679314444619,1679314444632
1679314444600,1679314444687
1679314444723,1679314444736
1679314444956,1679314444974
1679314444986,1679314445003
1679314445104,1679314445174
1679314445102,1679314445193
1679314445065,1679314445317
1679314445416,1679314445445
1679314445440,1679314445479
1679314445497,1679314445519
1679314445493,1679314445524
1679314445613,1679314445653
1679314445534,1679314445668
1679314445601,1679314445691
1679314445745,1679314445768
1679314445743,1679314445802
1679314445748,1679314445815
1679314445764,1679314445827
1679314445734,1679314445836
1679314445717,1679314445842
1679314445752,1679314445842
1679314445863,1679314445928
1679314445954,1679314445969
1679314445944,1679314445997
1679314446144,1679314446195
1679314446149,1679314446222
1679314446244,1679314446290
1679314446597,1679314446727
1679314446845,1679314446875
1679314446867,1679314446883
1679314446901,1679314446945
1679314446828,1679314446979
1679314447038,1679314447042
1679314447162,1679314447203
1679314447261,1679314447268
1679314447277,1679314447295
1679314447299,1679314447331
1679314447305,1679314447342
1679314447390,1679314447444
1679314447476,1679314447488
1679314447482,1679314447496
1679314447513,1679314447517
1679314447495,1679314447549
1679314447543,1679314447572
1679314447482,1679314447621
1679314447671,1679314447733
1679314447693,1679314447746
1679314447829,1679314447834
1679314447847,1679314447885
1679314447916,1679314447960
1679314447989,1679314447995
1679314447925,1679314448043
1679314448109,1679314448131
1679314448273,1679314448291
1679314448383,1679314448390
1679314448369,1679314448459
1679314448503,1679314448524
1679314448556,1679314448567
1679314448726,1679314448736
1679314448661,1679314448737
1679314448802,1679314448820
1679314448822,1679314448849
1679314448828,1679314448873
1679314448831,1679314448886
1679314448886,1679314448942
1679314448771,1679314449006
1679314449072,1679314449092
1679314449159,1679314449189
1679314449200,1679314449268
1679314449291,1679314449337
1679314449471,1679314449507
1679314449614,1679314449630
1679314449576,1679314449638
1679314449666,1679314449670
1679314449707,1679314449752
1679314449711,1679314449849
1679314449856,1679314449878
1679314449876,1679314449880
1679314449911,1679314449941
1679314449877,1679314449990
1679314449917,1679314449999
1679314450137,1679314450246
1679314450320,1679314450331
1679314450326,1679314450359
1679314450451,1679314450569
1679314450603,1679314450607
1679314450722,1679314450751
1679314450817,1679314450893
1679314450874,1679314450906
1679314451022,1679314451059
1679314451149,1679314451193
1679314451209,1679314451243
1679314451143,1679314451281
1679314451162,1679314451305
1679314451311,1679314451343
1679314451339,1679314451374
1679314451320,1679314451401
1679314451441,1679314451516
1679314451514,1679314451641
1679314451653,1679314451671
1679314451697,1679314451767
1679314451814,1679314451848
1679314451717,1679314451882
1679314451941,1679314451948
1679314451990,1679314452023
1679314452018,1679314452032
1679314452055,1679314452089
1679314452075,1679314452090
1679314452191,1679314452380
1679314452317,1679314452423
1679314452475,1679314452485
1679314452647,1679314452669
1679314452513,1679314452798
1679314452807,1679314452822
1679314452779,1679314452822
1679314452825,1679314452844
1679314452766,1679314452859
1679314452848,1679314452915
1679314452649,1679314452949
1679314453083,1679314453125
1679314453106,1679314453133
1679314452906,1679314453145
1679314453177,1679314453267
1679314453315,1679314453395
1679314453397,1679314453420
1679314453363,1679314453433
1679314453412,1679314453556
1679314453709,1679314453719
1679314453753,1679314453766
1679314453755,1679314453782
1679314453858,1679314453869
1679314453875,1679314453913
1679314453876,1679314453923
1679314454038,1679314454094
1679314454109,1679314454147
1679314454253,1679314454289
1679314454395,1679314454413
1679314454362,1679314454450
1679314454656,1679314454677
1679314454567,1679314454681
1679314454710,1679314454810
1679314454669,1679314454824
1679314454846,1679314454848
1679314454850,1679314454856
1679314454920,1679314454962
1679314455061,1679314455084
1679314455153,1679314455161
1679314455069,1679314455288
1679314455302,1679314455332
1679314455376,1679314455430
1679314455494,1679314455522
1679314455503,1679314455565
1679314455751,1679314455767
1679314455834,1679314455839
1679314455801,1679314455865
1679314455867,1679314455871
1679314455827,1679314455883
1679314455752,1679314455883
1679314455934,1679314455967
1679314456068,1679314456080
1679314456157,1679314456182
1679314456230,1679314456282
1679314456203,1679314456304
1679314456276,1679314456377
1679314456410,1679314456420
1679314456487,1679314456503
1679314456463,1679314456630
1679314456756,1679314456761
1679314456746,1679314456786
1679314456880,1679314456883
1679314456888,1679314456896
1679314456877,1679314456931
1679314456956,1679314456966
1679314456923,1679314456991
1679314456939,1679314456994
1679314457057,1679314457062
1679314457159,1679314457176
1679314457242,1679314457275
1679314457269,1679314457279
1679314457323,1679314457344
1679314457575,1679314457583
1679314457646,1679314457681
1679314457716,1679314457780
1679314457783,1679314457828
1679314457878,1679314457910
1679314457998,1679314458018
1679314457665,1679314458024
1679314458000,1679314458052
1679314457998,1679314458103
1679314458227,1679314458249
1679314458213,1679314458298
1679314458368,1679314458437
1679314458445,1679314458482
1679314458468,1679314458518
1679314458531,1679314458539
1679314458408,1679314458562
1679314458583,1679314458586
1679314458594,1679314458633
1679314458690,1679314458736
1679314458745,1679314458763
1679314459043,1679314459065
1679314459003,1679314459099
1679314459133,1679314459165
1679314459148,1679314459177
1679314459353,1679314459379
1679314459451,1679314459510
1679314459347,1679314459516
1679314459544,1679314459548
1679314459657,1679314459662
1679314459708,1679314459794
1679314459865,1679314459880
1679314459801,1679314459880
1679314459854,1679314459885
1679314459933,1679314459941
1679314459933,1679314459961
1679314459940,1679314459964
1679314459955,1679314460024
1679314459948,1679314460067
1679314460041,1679314460090
1679314460078,1679314460120
1679314459947,1679314460164
1679314460247,1679314460318
1679314460310,1679314460363
1679314460343,1679314460565
1679314460549,1679314460565
1679314460724,1679314460741
1679314460705,1679314460774
1679314460556,1679314460788
1679314460828,1679314460849
1679314460821,1679314460881
1679314460890,1679314460916
1679314461026,1679314461132
1679314461146,1679314461193
1679314461273,1679314461345
1679314461336,1679314461349
1679314461366,1679314461369
1679314461411,1679314461420
1679314461266,1679314461438
1679314461363,1679314461450
1679314461407,1679314461454
1679314461462,1679314461479
1679314461579,1679314461587
1679314461629,1679314461771
1679314461743,1679314461781
1679314461787,1679314461859
1679314461961,1679314462043
1679314462154,1679314462202
1679314462229,1679314462251
1679314462299,1679314462313
1679314462407,1679314462478
1679314462558,1679314462619
1679314462612,1679314462627
1679314462641,1679314462667
1679314462575,1679314462748
1679314462752,1679314462755
1679314462690,1679314462770
1679314462725,1679314462785
1679314462792,1679314462813
1679314462862,1679314462877
1679314462850,1679314462878
1679314462956,1679314463010
1679314462925,1679314463030
1679314463171,1679314463193
1679314463322,1679314463327
1679314463379,1679314463394
1679314463366,1679314463435
1679314463733,1679314463743
1679314463704,1679314463768
1679314463892,1679314463899
1679314463896,1679314463903
1679314463838,1679314463904
1679314463899,1679314463923
1679314463905,1679314463953
1679314463943,1679314464005
1679314464115,1679314464140
1679314464051,1679314464145
1679314464239,1679314464259
1679314464516,1679314464521
1679314464532,1679314464572
1679314464641,1679314464645
1679314464615,1679314464746
1679314464736,1679314464792
1679314464763,1679314464796
1679314464851,1679314464895
1679314465017,1679314465027
1679314465052,1679314465069
1679314465058,1679314465074
1679314465046,1679314465088
1679314465037,1679314465118
1679314465092,1679314465131
1679314465129,1679314465139
1679314465157,1679314465347
1679314465334,1679314465358
1679314465358,1679314465362
1679314465278,1679314465379
1679314465382,1679314465408
1679314465645,1679314465681
1679314465717,1679314465749
1679314465949,1679314465978
1679314466029,1679314466078
1679314466114,1679314466125
1679314466160,1679314466189
1679314466341,1679314466375
1679314466420,1679314466473
1679314466427,1679314466507
1679314466393,1679314466511
1679314466359,1679314466536
1679314466529,1679314466541
1679314466509,1679314466574
1679314466536,1679314466661
1679314466601,1679314466690
1679314466784,1679314466794
1679314466768,1679314466840
1679314466916,1679314466986
1679314466966,1679314467014
1679314467089,1679314467096
1679314467100,1679314467165
1679314467125,1679314467165
1679314467240,1679314467254
1679314467329,1679314467383
1679314467349,1679314467421
1679314467591,1679314467602
1679314467678,1679314467723
1679314467713,1679314467744
1679314467716,1679314467787
1679314467724,1679314467823
1679314467807,1679314467840
1679314467838,1679314467855
1679314467910,1679314468009
1679314467946,1679314468017
1679314468016,1679314468036
1679314468084,1679314468103
1679314468161,1679314468180
1679314468322,1679314468361
1679314468184,1679314468415
1679314468379,1679314468431
1679314468544,1679314468551
1679314468663,1679314468764
1679314468834,1679314468845
1679314468888,1679314468899
1679314468894,1679314468913
1679314468922,1679314468931
1679314468956,1679314468997
1679314468967,1679314469005
1679314469044,1679314469075
1679314469011,1679314469081
1679314469075,1679314469192
1679314469152,1679314469206
1679314469220,1679314469253
1679314469276,1679314469285
1679314469380,1679314469408
1679314469312,1679314469421
1679314469602,1679314469621
1679314469578,1679314469644
1679314470007,1679314470050
1679314469982,1679314470056
1679314470091,1679314470095
1679314470144,1679314470157
1679314470153,1679314470163
1679314470099,1679314470174
1679314470154,1679314470190
1679314470201,1679314470248
1679314470502,1679314470528
1679314470519,1679314470534
1679314470559,1679314470696
1679314470684,1679314470702
1679314470735,1679314470756
1679314470900,1679314470910
1679314470866,1679314470914
1679314470878,1679314470916
1679314470923,1679314470944
1679314470963,1679314470991
1679314471035,1679314471085
1679314471173,1679314471175
1679314471235,1679314471270
1679314471297,1679314471300
1679314471300,1679314471303
1679314471171,1679314471328
1679314471331,1679314471375
1679314471425,1679314471448
1679314471589,1679314471636
1679314471576,1679314471645
1679314471757,1679314471773
1679314471769,1679314471796
1679314471753,1679314471814
1679314471846,1679314471850
1679314471811,1679314471851
1679314471964,1679314472068
1679314472134,1679314472144
1679314472164,1679314472198
1679314472206,1679314472232
1679314472406,1679314472494
1679314472610,1679314472616
1679314472588,1679314472647
1679314472512,1679314472652
1679314472652,1679314472665
1679314472533,1679314472687
1679314472587,1679314472745
1679314472747,1679314472777
1679314472746,1679314472792
1679314472719,1679314472812
1679314472846,1679314472852
1679314472876,1679314472889
1679314472913,1679314472981
1679314472952,1679314472991
1679314473072,1679314473219
1679314473386,1679314473402
1679314473409,1679314473500
1679314473555,1679314473625
1679314473527,1679314473672
1679314473773,1679314473850
1679314473984,1679314473999
1679314473992,1679314474080
1679314473925,1679314474113
1679314474000,1679314474148
1679314474027,1679314474155
1679314474034,1679314474168
1679314474167,1679314474177
1679314474143,1679314474214
1679314474224,1679314474237
1679314474276,1679314474279
1679314474308,1679314474319
1679314474408,1679314474424
1679314474718,1679314474728
1679314474742,1679314474748
1679314474745,1679314474784
1679314474781,1679314474917
1679314475221,1679314475235
1679314475226,1679314475247
1679314475216,1679314475277
1679314475270,1679314475306
1679314475366,1679314475433
1679314475438,1679314475447
1679314475494,1679314475506
1679314475753,1679314475763
1679314475691,1679314475768
1679314475781,1679314475800
1679314475697,1679314475809
1679314475786,1679314475811
1679314475791,1679314475836
1679314475791,1679314475855
1679314475942,1679314475976
1679314475793,1679314475991
1679314475963,1679314476007
1679314476035,1679314476039
1679314475770,1679314476059
1679314476083,1679314476106
1679314476438,1679314476473
1679314476453,1679314476503
1679314476506,1679314476513
1679314476465,1679314476524
1679314476641,1679314476648
1679314476797,1679314476872
1679314476879,1679314476939
1679314476923,1679314476973
1679314476947,1679314477056
1679314476955,1679314477058
1679314477081,1679314477086
1679314477238,1679314477277
1679314477279,1679314477286
1679314477299,1679314477311
1679314477273,1679314477334
1679314477305,1679314477345
1679314477460,1679314477469
1679314477351,1679314477513
1679314477604,1679314477643
1679314477444,1679314477645
1679314477577,1679314477659
1679314477743,1679314477746
1679314477813,1679314477852
1679314477833,1679314477856
1679314478102,1679314478120
1679314478359,1679314478371
1679314478368,1679314478411
1679314478436,1679314478450
1679314478338,1679314478480
1679314478422,1679314478572
1679314478583,1679314478587
1679314478530,1679314478600
1679314478429,1679314478610
1679314478691,1679314478710
1679314478723,1679314478741
1679314478820,1679314478849
1679314478712,1679314478910
1679314478852,1679314478947
1679314478996,1679314479073
1679314479305,1679314479312
1679314479315,1679314479320
1679314479317,1679314479335
1679314479309,1679314479361
1679314479372,1679314479394
1679314479360,1679314479418
1679314479442,1679314479456
1679314479506,1679314479544
1679314479678,1679314479696
1679314479702,1679314479707
1679314479724,1679314479734
1679314479756,1679314479758
1679314479786,1679314479817
1679314479754,1679314479831
1679314480145,1679314480160
1679314480175,1679314480187
1679314480276,1679314480335
1679314480354,1679314480365
1679314480390,1679314480408
1679314480377,1679314480423
1679314480605,1679314480626
1679314480585,1679314480634
1679314480734,1679314480742
1679314480691,1679314480750
1679314480736,1679314480759
1679314480792,1679314480801
1679314480790,1679314480804
1679314480937,1679314480944
1679314481007,1679314481025
1679314481033,1679314481113
1679314481151,1679314481210
1679314481309,1679314481355
1679314481352,1679314481369
1679314481350,1679314481372
1679314481451,1679314481485
1679314481505,1679314481524
1679314481360,1679314481646
1679314481620,1679314481656
1679314481644,1679314481667
1679314481658,1679314481774
1679314481723,1679314481786
1679314481767,1679314481806
1679314481751,1679314481815
1679314481802,1679314481859
1679314482069,1679314482096
1679314482178,1679314482184
1679314482163,1679314482192
1679314482426,1679314482432
1679314482487,1679314482496
1679314482485,1679314482504
1679314482513,1679314482568
1679314482579,1679314482632
1679314482676,1679314482712
1679314482727,1679314482763
1679314482723,1679314482775
1679314482802,1679314482812
1679314482835,1679314482857
1679314482898,1679314482955
1679314483013,1679314483039
1679314483010,1679314483053
1679314482988,1679314483114
1679314483243,1679314483251
1679314483252,1679314483277
1679314483304,1679314483348
1679314483318,1679314483374
1679314483415,1679314483430
1679314483720,1679314483738
1679314483715,1679314483745
1679314483876,1679314483908
1679314483920,1679314483938
1679314483882,1679314483959
1679314483961,1679314483976
1679314483824,1679314483982
1679314483995,1679314484022
1679314483912,1679314484025
1679314483999,1679314484110
1679314484280,1679314484286
1679314484491,1679314484519
1679314484542,1679314484556
1679314484608,1679314484647
1679314484754,1679314484812
1679314484969,1679314484981
1679314484885,1679314485035
1679314485055,1679314485155
1679314485178,1679314485201
1679314485303,1679314485343
1679314485266,1679314485390
1679314485352,1679314485391
1679314485405,1679314485413
1679314485406,1679314485422
1679314485407,1679314485432
1679314485360,1679314485437
1679314485441,1679314485547
1679314485606,1679314485662
1679314485618,1679314485670
1679314485716,1679314485771
1679314485746,1679314485787
1679314485958,1679314486018
1679314486081,1679314486115
1679314486135,1679314486241
1679314486251,1679314486263
1679314486393,1679314486436
1679314486416,1679314486463
1679314486366,1679314486517
1679314486468,1679314486534
1679314486537,1679314486561
1679314486418,1679314486578
1679314486522,1679314486667
1679314486847,1679314486885
1679314486897,1679314486962
1679314486965,1679314486973
1679314487008,1679314487035
1679314487038,1679314487051
1679314487139,1679314487155
1679314487137,1679314487183
1679314487213,1679314487280
1679314487237,1679314487292
1679314487261,1679314487343
1679314487366,1679314487389
1679314487320,1679314487415
1679314487512,1679314487524
1679314487535,1679314487596
1679314487694,1679314487791
1679314487841,1679314487851
1679314487877,1679314487884
1679314488012,1679314488052
1679314488049,1679314488080
1679314488089,1679314488123
1679314488172,1679314488177
1679314488170,1679314488300
1679314488292,1679314488358
1679314488413,1679314488421
1679314488506,1679314488515
1679314488549,1679314488593
1679314488547,1679314488628
1679314488607,1679314488639
1679314488792,1679314488815
1679314488914,1679314488974
1679314488990,1679314489022
1679314489096,1679314489141
1679314489239,1679314489248
1679314489364,1679314489367
1679314489438,1679314489446
1679314489372,1679314489450
1679314489388,1679314489454
1679314489456,1679314489465
1679314489579,1679314489589
1679314489596,1679314489635
1679314489706,1679314489711
1679314489773,1679314489804
1679314489871,1679314489892
1679314489889,1679314489906
1679314489778,1679314489959
1679314489827,1679314489994
1679314489988,1679314490004
1679314489836,1679314490005
1679314490169,1679314490201
1679314490325,1679314490356
1679314490379,1679314490383
1679314490397,1679314490422
1679314490520,1679314490529
1679314490574,1679314490703
1679314490673,1679314490739
1679314490843,1679314490852
1679314490845,1679314490934
1679314490879,1679314490962
1679314490888,1679314490983
1679314490972,1679314491034
1679314491177,1679314491229
1679314491254,1679314491297
1679314491243,1679314491305
1679314491409,1679314491417
1679314491404,1679314491476
1679314491483,1679314491492
1679314491366,1679314491513
1679314491717,1679314491732
1679314491732,1679314491779
1679314491773,1679314491788
1679314491860,1679314491863
1679314491745,1679314491867
1679314491973,1679314491980
1679314491970,1679314492038
1679314492037,1679314492065
1679314492188,1679314492195
1679314492199,1679314492250
1679314492278,1679314492287
1679314492284,1679314492306
1679314492414,1679314492431
1679314492482,1679314492535
1679314492532,1679314492566
1679314492585,1679314492626
1679314492657,1679314492670
1679314492655,1679314492781
1679314492835,1679314492929
1679314492860,1679314492929
1679314492998,1679314493030
1679314493070,1679314493112
1679314493119,1679314493171
1679314493219,1679314493237
1679314493234,1679314493296
1679314493248,1679314493331
1679314493303,1679314493345
1679314493392,1679314493404
1679314493490,1679314493560
1679314493697,1679314493726
1679314493738,1679314493755
1679314493702,1679314493820
1679314493809,1679314493922
1679314493984,1679314494010
1679314493948,1679314494033
1679314493948,1679314494066
1679314494180,1679314494209
1679314494183,1679314494223
1679314494169,1679314494257
1679314494260,1679314494288
1679314494325,1679314494354
1679314494406,1679314494448
1679314494326,1679314494466
1679314494615,1679314494632
1679314494552,1679314494692
1679314494785,1679314494815
1679314494909,1679314494967
1679314494961,1679314495004
1679314494950,1679314495045
1679314495081,1679314495092
1679314495076,1679314495106
1679314495034,1679314495121
1679314495264,1679314495299
1679314495329,1679314495351
1679314495377,1679314495415
1679314495405,1679314495434
1679314495386,1679314495555
1679314495539,1679314495562
1679314495561,1679314495604
1679314495684,1679314495692
1679314495680,1679314495760
1679314495906,1679314495970
1679314496015,1679314496025
1679314495948,1679314496042
1679314496225,1679314496270
1679314496270,1679314496333
1679314496355,1679314496398
1679314496273,1679314496476
1679314496522,1679314496542
1679314496520,1679314496549
1679314496520,1679314496571
1679314496562,1679314496576
1679314496547,1679314496587
1679314496635,1679314496658
1679314496642,1679314496666
1679314496556,1679314496689
1679314496679,1679314496719
1679314496803,1679314496833
1679314497053,1679314497065
1679314497051,1679314497108
1679314497274,1679314497290
1679314497404,1679314497408
1679314497645,1679314497651
1679314497595,1679314497666
1679314497664,1679314497673
1679314497630,1679314497688
1679314497821,1679314497848
1679314497837,1679314497940
1679314497837,1679314497979
1679314497810,1679314497980
1679314497858,1679314497986
1679314497940,1679314498059
1679314498025,1679314498065
1679314498108,1679314498142
1679314498162,1679314498171
1679314498274,1679314498312
1679314498371,1679314498378
1679314498391,1679314498404
1679314498590,1679314498615
1679314498773,1679314498846
1679314498853,1679314498877
1679314498948,1679314498994
1679314499012,1679314499021
1679314499040,1679314499059
1679314499069,1679314499073
1679314499173,1679314499180
1679314499170,1679314499206
1679314499312,1679314499336
1679314499417,1679314499440
1679314499645,1679314499649
1679314499678,1679314499739
1679314499834,1679314499840
1679314499877,1679314499895
1679314499879,1679314499944
1679314499823,1679314499960
1679314500103,1679314500176
1679314500118,1679314500251
1679314500211,1679314500291
1679314500385,1679314500391
1679314500364,1679314500450
1679314500050,1679314500468
1679314500444,1679314500521
1679314500624,1679314500646
1679314500648,1679314500705
1679314500740,1679314500767
1679314500694,1679314500786
1679314500935,1679314500954
1679314500951,1679314500959
1679314500951,1679314501019
1679314500982,1679314501032
1679314500994,1679314501039
1679314501117,1679314501154
1679314501269,1679314501284
1679314501233,1679314501309
1679314501290,1679314501311
1679314501488,1679314501494
1679314501493,1679314501498
1679314501827,1679314501860
1679314501941,1679314501964
1679314501845,1679314502008
1679314502037,1679314502057
1679314502074,1679314502106
1679314502173,1679314502182
1679314502191,1679314502208
1679314502283,1679314502320
1679314502313,1679314502380
1679314502405,1679314502424
1679314502357,1679314502425
1679314502557,1679314502578
1679314502624,1679314502660
1679314502718,1679314502723
1679314502646,1679314502793
1679314502878,1679314502893
1679314502892,1679314502915
1679314503222,1679314503244
1679314503186,1679314503253
1679314503314,1679314503503
1679314503431,1679314503503
1679314503464,1679314503508
1679314503533,1679314503579
1679314503587,1679314503641
1679314503676,1679314503679
1679314503681,1679314503722
1679314503732,1679314503869
1679314503851,1679314503872
1679314503985,1679314503998
1679314504068,1679314504090
1679314504039,1679314504097
1679314504123,1679314504126
1679314504107,1679314504131
1679314504310,1679314504406
1679314504401,1679314504415
1679314504564,1679314504575
1679314504564,1679314504578
1679314504601,1679314504607
1679314504618,1679314504640
1679314504722,1679314504820
1679314504910,1679314504937
1679314505001,1679314505009
1679314504988,1679314505020
1679314504956,1679314505054
1679314505064,1679314505114
1679314505133,1679314505147
1679314505200,1679314505262
1679314505286,1679314505297
1679314505353,1679314505360
1679314505210,1679314505398
1679314505349,1679314505405
1679314505436,1679314505467
1679314505674,1679314505706
1679314505689,1679314505817
1679314505941,1679314506028
1679314506021,1679314506029
1679314505929,1679314506049
1679314506407,1679314506411
1679314506327,1679314506472
1679314506533,1679314506575
1679314506525,1679314506642
1679314506550,1679314506645
1679314506632,1679314506654
1679314506653,1679314506669
1679314506643,1679314506700
1679314506542,1679314506744
1679314506656,1679314506750
1679314506667,1679314506769
1679314506657,1679314506794
1679314506827,1679314506840
1679314506851,1679314506892
1679314506790,1679314506929
1679314507170,1679314507217
1679314507225,1679314507236
1679314507380,1679314507475
1679314507553,1679314507600
1679314507753,1679314507778
1679314507778,1679314507788
1679314507835,1679314507855
1679314507773,1679314507859
1679314507849,1679314507895
1679314507738,1679314507987
1679314507975,1679314508000
1679314508001,1679314508024
1679314508044,1679314508058
1679314507968,1679314508069
1679314508152,1679314508163
1679314508162,1679314508166
1679314508407,1679314508505
1679314508597,1679314508629
1679314508680,1679314508720
1679314508786,1679314508821
1679314508818,1679314508829
1679314508784,1679314508864
1679314509156,1679314509181
1679314509181,1679314509194
1679314509283,1679314509289
1679314509229,1679314509358
1679314509322,1679314509399
1679314509410,1679314509472
1679314509557,1679314509563
1679314509600,1679314509615
1679314509618,1679314509636
1679314509652,1679314509659
1679314509640,1679314509661
1679314509703,1679314509736
1679314509696,1679314509770
1679314509687,1679314509815
1679314509821,1679314509868
1679314509778,1679314509876
1679314509991,1679314509994
1679314509983,1679314510007
1679314509966,1679314510055
1679314510187,1679314510300
1679314510303,1679314510328
1679314510351,1679314510356
1679314510441,1679314510472
1679314510658,1679314510665
1679314510658,1679314510683
1679314510733,1679314510740
1679314510725,1679314510764
1679314510732,1679314510774
1679314510902,1679314510964
1679314511077,1679314511086
1679314511113,1679314511185
1679314511162,1679314511333
1679314511309,1679314511351
1679314511352,1679314511361
1679314511412,1679314511457
1679314511465,1679314511479
1679314511516,1679314511525
1679314511589,1679314511602
1679314511618,1679314511696
1679314511769,1679314511776
1679314511713,1679314511812
1679314511790,1679314511831
1679314511755,1679314511835
1679314511834,1679314511865
1679314511868,1679314511898
1679314511872,1679314512047
1679314512136,1679314512222
1679314512237,1679314512257
1679314512223,1679314512278
1679314512630,1679314512636
1679314512657,1679314512741
1679314512681,1679314512746
1679314512770,1679314512786
1679314512708,1679314512787
1679314512766,1679314512811
1679314512940,1679314512967
1679314512994,1679314513048
1679314513044,1679314513072
1679314513005,1679314513086
1679314513079,1679314513088
1679314513069,1679314513105
1679314513155,1679314513164
1679314513152,1679314513180
1679314513192,1679314513303
1679314513354,1679314513366
1679314513466,1679314513481
1679314513573,1679314513690
1679314513738,1679314513763
1679314513730,1679314513777
1679314513811,1679314513817
1679314513800,1679314513863
1679314513886,1679314513892
1679314513851,1679314513893
1679314513983,1679314513989
1679314514195,1679314514217
1679314514318,1679314514325
1679314514275,1679314514363
1679314514468,1679314514495
1679314514504,1679314514605
1679314514468,1679314514629
1679314514626,1679314514664
1679314514516,1679314514807
1679314514926,1679314514988
1679314515001,1679314515013
1679314515083,1679314515099
1679314515092,1679314515140
1679314515129,1679314515205
1679314515169,1679314515222
1679314515247,1679314515269
1679314515258,1679314515276
1679314515329,1679314515373
1679314515462,1679314515475
1679314515483,1679314515496
1679314515624,1679314515637
1679314515620,1679314515639
1679314515605,1679314515741
1679314515828,1679314515862
1679314515887,1679314515960
1679314515955,1679314515984
1679314515831,1679314515998
1679314516121,1679314516213
1679314516287,1679314516335
1679314516385,1679314516437
1679314516438,1679314516442
1679314516438,1679314516451
1679314516436,1679314516452
1679314516560,1679314516565
1679314516490,1679314516582
1679314516618,1679314516639
1679314516724,1679314516737
1679314516803,1679314516810
1679314516764,1679314516833
1679314516849,1679314516892
1679314516974,1679314516990
1679314517006,1679314517158
1679314517148,1679314517179
1679314517118,1679314517219
1679314517354,1679314517452
1679314517437,1679314517479
1679314517370,1679314517521
1679314517359,1679314517618
1679314517698,1679314517718
1679314517720,1679314517788
1679314517751,1679314517789
1679314517777,1679314517814
1679314517770,1679314517824
1679314517856,1679314517862
1679314518174,1679314518207
1679314518208,1679314518225
1679314518329,1679314518350
1679314518379,1679314518391
1679314518372,1679314518401
1679314518411,1679314518420
1679314518412,1679314518456
1679314518505,1679314518709
1679314518666,1679314518715
1679314518777,1679314518791
1679314518795,1679314518811
1679314518912,1679314518945
1679314518977,1679314519042
1679314518969,1679314519049
1679314519188,1679314519193
1679314519266,1679314519270
1679314519343,1679314519388
1679314519461,1679314519501
1679314519468,1679314519534
1679314519436,1679314519560
1679314519650,1679314519676
1679314519630,1679314519701
1679314519721,1679314519741
1679314519759,1679314519790
1679314519759,1679314519841
1679314519780,1679314519843
1679314519882,1679314519892
1679314519791,1679314519917
1679314519878,1679314519928
1679314520031,1679314520115
1679314520138,1679314520142
1679314520086,1679314520179
1679314520092,1679314520233
1679314520323,1679314520326
1679314520403,1679314520411
1679314520485,1679314520530
1679314520435,1679314520534
1679314520559,1679314520596
1679314520806,1679314520810
1679314520890,1679314520995
1679314520988,1679314521031
1679314521031,1679314521058
1679314521127,1679314521141
1679314521146,1679314521185
1679314521259,1679314521377
1679314521358,1679314521434
1679314521540,1679314521574
1679314521587,1679314521600
1679314521594,1679314521632
1679314521678,1679314521685
1679314521654,1679314521703
1679314521663,1679314521764
1679314521708,1679314521861
1679314521856,1679314521870
1679314521957,1679314522018
1679314521922,1679314522021
1679314522220,1679314522268
1679314522340,1679314522349
1679314522385,1679314522454
1679314522416,1679314522474
1679314522452,1679314522554
1679314522659,1679314522687
1679314522691,1679314522697
1679314522850,1679314522885
1679314522908,1679314522928
1679314522915,1679314522949
1679314522939,1679314522949
1679314522932,1679314522959
1679314522919,1679314522971
1679314523128,1679314523132
1679314523164,1679314523226
1679314523339,1679314523391
1679314523405,1679314523424
1679314523663,1679314523705
1679314523638,1679314523731
1679314523742,1679314523800
1679314523640,1679314523804
1679314523810,1679314523812
1679314523838,1679314523886
1679314523954,1679314523963
1679314523971,1679314523991
1679314524005,1679314524053
1679314523948,1679314524064
1679314524114,1679314524121
1679314523943,1679314524121
1679314524196,1679314524207
1679314524189,1679314524211
1679314524212,1679314524280
1679314524341,1679314524352
1679314524286,1679314524363
1679314524708,1679314524714
1679314524797,1679314524800
1679314524950,1679314524960
1679314524930,1679314524986
1679314524993,1679314525025
1679314525033,1679314525064
1679314524917,1679314525074
1679314525094,1679314525106
1679314525155,1679314525173
1679314525234,1679314525260
1679314525214,1679314525282
1679314525350,1679314525419
1679314525433,1679314525520
1679314525549,1679314525597
1679314525665,1679314525693
1679314525756,1679314525823
1679314525797,1679314525865
1679314525781,1679314525954
1679314526005,1679314526010
1679314526106,1679314526110
1679314526222,1679314526253
1679314526254,1679314526282
1679314526302,1679314526349
1679314526314,1679314526373
1679314526407,1679314526422
1679314526260,1679314526428
1679314526426,1679314526429
1679314526179,1679314526443
1679314526519,1679314526560
1679314526552,1679314526573
1679314526611,1679314526617
1679314526797,1679314526825
1679314526693,1679314526834
1679314526850,1679314526926
1679314526991,1679314526999
1679314527033,1679314527088
1679314527218,1679314527304
1679314527249,1679314527324
1679314527287,1679314527365
1679314527290,1679314527380
1679314527415,1679314527422
1679314527482,1679314527498
1679314527508,1679314527580
1679314527658,1679314527679
1679314527675,1679314527706
1679314527692,1679314527727
1679314527701,1679314527758
1679314527830,1679314527844
1679314528005,1679314528014
1679314528132,1679314528194
1679314528207,1679314528219
1679314528161,1679314528241
1679314528198,1679314528243
1679314528242,1679314528260
1679314528268,1679314528300
1679314528167,1679314528334
1679314528328,1679314528349
1679314528361,1679314528447
1679314528493,1679314528547
1679314528593,1679314528614
1679314528631,1679314528685
1679314528718,1679314528754
1679314528810,1679314528862
1679314528931,1679314528952
1679314528971,1679314529004
1679314529048,1679314529057
1679314529111,1679314529133
1679314529140,1679314529307
1679314529298,1679314529320
1679314529372,1679314529429
1679314529437,1679314529452
1679314529460,1679314529487
1679314529675,1679314529723
1679314529747,1679314529775
1679314529814,1679314529852
1679314529850,1679314529879
1679314529892,1679314529930
1679314529944,1679314529977
1679314530006,1679314530032
1679314529951,1679314530041
1679314530093,1679314530114
1679314530118,1679314530124
1679314530221,1679314530266
1679314530277,1679314530347
1679314530321,1679314530384
1679314530427,1679314530534
1679314530689,1679314530693
1679314530856,1679314530902
1679314531077,1679314531113
1679314531067,1679314531117
1679314531109,1679314531127
1679314531141,1679314531180
1679314531145,1679314531188
1679314531181,1679314531275
1679314531315,1679314531344
1679314531400,1679314531408
1679314531457,1679314531500
1679314531461,1679314531503
1679314531514,1679314531552
1679314531602,1679314531617
1679314531634,1679314531683
1679314531569,1679314531797
1679314531805,1679314531817
1679314531865,1679314531927
1679314531955,1679314531974
1679314532021,1679314532025
1679314532091,1679314532113
1679314532089,1679314532127
1679314532154,1679314532201
1679314532401,1679314532437
1679314532467,1679314532569
1679314532594,1679314532611
1679314532546,1679314532618
1679314532500,1679314532685
1679314532656,1679314532694
1679314532737,1679314532762
1679314532696,1679314532770
1679314532791,1679314532818
1679314532931,1679314532935
1679314533162,1679314533209
1679314533073,1679314533276
1679314533146,1679314533320
1679314533393,1679314533407
1679314533661,1679314533717
1679314533706,1679314533755
1679314533743,1679314533775
1679314533884,1679314533911
1679314533882,1679314533914
1679314533975,1679314534005
1679314533999,1679314534006
1679314533968,1679314534055
1679314534159,1679314534166
1679314534171,1679314534176
1679314534162,1679314534209
1679314534153,1679314534212
1679314534234,1679314534275
1679314534317,1679314534352
1679314534336,1679314534373
1679314534341,1679314534389
1679314534553,1679314534587
1679314534660,1679314534667
1679314534734,1679314534759
1679314534959,1679314534966
1679314534986,1679314534999
1679314534993,1679314535029
1679314535099,1679314535133
1679314535113,1679314535203
1679314535202,1679314535232
1679314535280,1679314535321
1679314535344,1679314535390
1679314535334,1679314535399
1679314535296,1679314535424
1679314535412,1679314535429
1679314535508,1679314535516
1679314535457,1679314535542
1679314535655,1679314535661
1679314535679,1679314535684
1679314535592,1679314535735
1679314535845,1679314535849
1679314535838,1679314535850
1679314536047,1679314536087
1679314536083,1679314536154
1679314536135,1679314536221
1679314536197,1679314536237
1679314536473,1679314536489
1679314536471,1679314536490
1679314536482,1679314536543
1679314536562,1679314536578
1679314536553,1679314536626
1679314536617,1679314536665
1679314536612,1679314536666
1679314536736,1679314536739
1679314536630,1679314536766
1679314536760,1679314536766
1679314536751,1679314536799
1679314536919,1679314536960
1679314537014,1679314537102
1679314537115,1679314537119
1679314537112,1679314537164
1679314537109,1679314537190
1679314537222,1679314537283
1679314537615,1679314537628
1679314537560,1679314537682
1679314537774,1679314537787
1679314537774,1679314537788
1679314537697,1679314537867
1679314537841,1679314537877
1679314537855,1679314537900
1679314537862,1679314537914
1679314538008,1679314538038
1679314538107,1679314538133
1679314538126,1679314538140
1679314538150,1679314538166
1679314538074,1679314538197
1679314538201,1679314538219
1679314538298,1679314538363
1679314538374,1679314538442
1679314538472,1679314538509
1679314538522,1679314538579
1679314538779,1679314538822
1679314538871,1679314538878
1679314538751,1679314538901
1679314538699,1679314538924
1679314538923,1679314538979
1679314538936,1679314539036
1679314538994,1679314539060
1679314539199,1679314539271
1679314539328,1679314539345
1679314539334,1679314539379
1679314539366,1679314539462
1679314539384,1679314539504
1679314539535,1679314539549
1679314539683,1679314539700
1679314539648,1679314539788
1679314539793,1679314539807
1679314539709,1679314539843
1679314539801,1679314539862
1679314539926,1679314539957
1679314539969,1679314540024
1679314540083,1679314540133
1679314540195,1679314540288
1679314540309,1679314540346
1679314540191,1679314540361
1679314540381,1679314540424
1679314540457,1679314540484
1679314540592,1679314540687
1679314540653,1679314540701
1679314540844,1679314540869
1679314541004,1679314541031
1679314541057,1679314541076
1679314541091,1679314541173
1679314541170,1679314541176
1679314541195,1679314541255
1679314541236,1679314541269
1679314541228,1679314541301
1679314541364,1679314541369
1679314541363,1679314541386
1679314541467,1679314541471
1679314541422,1679314541485
1679314541545,1679314541560
1679314541682,1679314541769
1679314541670,1679314541819
1679314541817,1679314541832
1679314541801,1679314541835
1679314541923,1679314542013
1679314542164,1679314542223
1679314542314,1679314542333
1679314542363,1679314542375
1679314542422,1679314542426
1679314542667,1679314542673
1679314542696,1679314542742
1679314542784,1679314542798
1679314542840,1679314542856
1679314542817,1679314542889
1679314542810,1679314542893
1679314542795,1679314542963
1679314542960,1679314542975
1679314542955,1679314542981
1679314542958,1679314542987
1679314542913,1679314543021
1679314543206,1679314543239
1679314543167,1679314543259
1679314543351,1679314543375
1679314543415,1679314543464
1679314543337,1679314543499
1679314543533,1679314543604
1679314543565,1679314543642
1679314543646,1679314543687
1679314543825,1679314543971
1679314544121,1679314544136
1679314544103,1679314544150
1679314544256,1679314544309
1679314544299,1679314544359
1679314544228,1679314544366
1679314544334,1679314544417
1679314544338,1679314544429
1679314544392,1679314544494
1679314544451,1679314544495
1679314544563,1679314544590
1679314544451,1679314544636
1679314544680,1679314544721
1679314544683,1679314544739
1679314544717,1679314544837
1679314544756,1679314544895
1679314544955,1679314544968
1679314544922,1679314544971
1679314545030,1679314545035
1679314545031,1679314545047
1679314545296,1679314545354
1679314545373,1679314545380
1679314545416,1679314545428
1679314545363,1679314545446
1679314545598,1679314545620
1679314545553,1679314545626
1679314545677,1679314545724
1679314545669,1679314545748
1679314545838,1679314545866
1679314545899,1679314545902
1679314545913,1679314545981
1679314546088,1679314546100
1679314546148,1679314546182
1679314546178,1679314546212
1679314546283,1679314546293
1679314546273,1679314546325
1679314546389,1679314546393
1679314546445,1679314546482
1679314546588,1679314546595
1679314546693,1679314546700
1679314546814,1679314546847
1679314546842,1679314546882
1679314546863,1679314546884
1679314546871,1679314547002
1679314546949,1679314547010
1679314547022,1679314547054
1679314547091,1679314547113
1679314547284,1679314547290
1679314547273,1679314547293
1679314547153,1679314547350
1679314547396,1679314547420
1679314547424,1679314547466
1679314547694,1679314547749
1679314547765,1679314547793
1679314547784,1679314547821
1679314547828,1679314547870
1679314547877,1679314547954
1679314547919,1679314547975
1679314548084,1679314548093
1679314548083,1679314548136
1679314548171,1679314548221
1679314548208,1679314548399
1679314548471,1679314548504
1679314548522,1679314548533
1679314548546,1679314548563
1679314548482,1679314548620
1679314548555,1679314548621
1679314548599,1679314548628
1679314548812,1679314548846
1679314548855,1679314548875
1679314548855,1679314548913
1679314549039,1679314549093
1679314549054,1679314549163
1679314549277,1679314549314
1679314549312,1679314549317
1679314549310,1679314549323
1679314549256,1679314549327
1679314549332,1679314549346
1679314549471,1679314549557
1679314549537,1679314549650
1679314549719,1679314549750
1679314549913,1679314549944
1679314549700,1679314549962
1679314550037,1679314550047
1679314549982,1679314550136
1679314550153,1679314550203
1679314550202,1679314550228
1679314550307,1679314550316
1679314550275,1679314550337
1679314550378,1679314550444
1679314550421,1679314550460
1679314550459,1679314550501
1679314550518,1679314550540
1679314550569,1679314550587
1679314550540,1679314550588
1679314550645,1679314550761
1679314550785,1679314550812
1679314550876,1679314550917
1679314550867,1679314550917
1679314551119,1679314551154
1679314551324,1679314551329
1679314551339,1679314551344
1679314551350,1679314551362
1679314551331,1679314551365
1679314551386,1679314551398
1679314551353,1679314551401
1679314551619,1679314551665
1679314551691,1679314551771
1679314551745,1679314551785
1679314551740,1679314551800
1679314551833,1679314551882
1679314551817,1679314551916
1679314551902,1679314551959
1679314551844,1679314551960
1679314551996,1679314552014
1679314552048,1679314552056
1679314552067,1679314552125
1679314552287,1679314552291
1679314552334,1679314552341
1679314552329,1679314552342
1679314552280,1679314552399
1679314552446,1679314552513
1679314552516,1679314552535
1679314552534,1679314552561
1679314552535,1679314552577
1679314552888,1679314552922
1679314552832,1679314552929
1679314553039,1679314553069
1679314553109,1679314553190
1679314553186,1679314553235
1679314553326,1679314553402
1679314553389,1679314553405
1679314553362,1679314553423
1679314553385,1679314553520
1679314553569,1679314553578
1679314553629,1679314553643
1679314553631,1679314553648
1679314553637,1679314553696
1679314553752,1679314553816
1679314553826,1679314553844
1679314553784,1679314553846
1679314553857,1679314553870
1679314554068,1679314554091
1679314554100,1679314554117
1679314554091,1679314554182
1679314554164,1679314554190
1679314554184,1679314554257
1679314554435,1679314554523
1679314554559,1679314554567
1679314554648,1679314554666
1679314554622,1679314554692
1679314554636,1679314554705
1679314554666,1679314554730
1679314554787,1679314554809
1679314554881,1679314554889
1679314554859,1679314554907
1679314554881,1679314554908
1679314555014,1679314555045
1679314555082,1679314555092
1679314555243,1679314555291
1679314555254,1679314555291
1679314555265,1679314555358
1679314555267,1679314555375
1679314555512,1679314555534
1679314555588,1679314555636
1679314555703,1679314555719
1679314555792,1679314555800
1679314555631,1679314555824
1679314555826,1679314555871
1679314555894,1679314555927
1679314555972,1679314556041
1679314556053,1679314556134
1679314556152,1679314556157
1679314556190,1679314556261
1679314556225,1679314556305
1679314556319,1679314556331
1679314556327,1679314556336
1679314556407,1679314556434
1679314556419,1679314556435
1679314556428,1679314556444
1679314556539,1679314556548
1679314556418,1679314556555
1679314556529,1679314556559
1679314556695,1679314556708
1679314556694,1679314556729
1679314556843,1679314556861
1679314556880,1679314556886
1679314556903,1679314556977
1679314557064,1679314557077
1679314557261,1679314557355
1679314557317,1679314557361
1679314557350,1679314557374
1679314557378,1679314557432
1679314557314,1679314557468
1679314557488,1679314557520
1679314557555,1679314557575
1679314557699,1679314557709
1679314557668,1679314557729
1679314557701,1679314557751
1679314557804,1679314557808
1679314557799,1679314557811
1679314557857,1679314557880
1679314557858,1679314557894
1679314558027,1679314558060
1679314558168,1679314558224
1679314558414,1679314558434
1679314558381,1679314558477
1679314558461,1679314558551
1679314558509,1679314558557
1679314558626,1679314558629
1679314558648,1679314558692
1679314558626,1679314558695
1679314558669,1679314558710
1679314559001,1679314559013
1679314559060,1679314559063
1679314559001,1679314559074
1679314559128,1679314559154
1679314559244,1679314559251
1679314559264,1679314559324
1679314559110,1679314559349
1679314559389,1679314559394
1679314559404,1679314559426
1679314559618,1679314559630
1679314559585,1679314559846
1679314559859,1679314559915
1679314559748,1679314559921
1679314559878,1679314559937
1679314559939,1679314559968
1679314559924,1679314559985
1679314559832,1679314560007
1679314560281,1679314560368
1679314560308,1679314560379
1679314560370,1679314560410
1679314560377,1679314560411
1679314560476,1679314560506
1679314560666,1679314560691
1679314560748,1679314560768
1679314561204,1679314561221
1679314561256,1679314561273
1679314561299,1679314561306
1679314561277,1679314561312
1679314561350,1679314561382
1679314561442,1679314561468
1679314561449,1679314561477
1679314561499,1679314561507
1679314561455,1679314561516
1679314561492,1679314561564
1679314561637,1679314561659
1679314561594,1679314561662
1679314561779,1679314561793
1679314561926,1679314561936
1679314562019,1679314562060
1679314562292,1679314562361
1679314562348,1679314562380
1679314562475,1679314562479
1679314562415,1679314562492
1679314562497,1679314562501
1679314562494,1679314562509
1679314562391,1679314562590
1679314562697,1679314562708
1679314562673,1679314562716
1679314562636,1679314562719
1679314562732,1679314562734
1679314562761,1679314562781
1679314562983,1679314563170
1679314563222,1679314563225
1679314563286,1679314563368
1679314563287,1679314563401
1679314563492,1679314563519
1679314563549,1679314563583
1679314563822,1679314563882
1679314563784,1679314563929
1679314563827,1679314563954
1679314564043,1679314564048
1679314564068,1679314564085
1679314564102,1679314564116
1679314564070,1679314564164
1679314563981,1679314564171
1679314564188,1679314564192
1679314564240,1679314564307
1679314564417,1679314564437
1679314564449,1679314564454
1679314564474,1679314564511
1679314564590,1679314564604
1679314564592,1679314564676
1679314564684,1679314564694
1679314564720,1679314564727
1679314564750,1679314564824
1679314564964,1679314565052
1679314565144,1679314565208
1679314565168,1679314565250
1679314565287,1679314565310
1679314565325,1679314565329
1679314565316,1679314565341
1679314565307,1679314565356
1679314565445,1679314565449
1679314565521,1679314565528
1679314565706,1679314565735
1679314565668,1679314565773
1679314565834,1679314565847
1679314565993,1679314565999
1679314565976,1679314566013
1679314566108,1679314566150
1679314566045,1679314566154
1679314566134,1679314566195
1679314566129,1679314566208
1679314566512,1679314566580
1679314566556,1679314566622
1679314566599,1679314566655
1679314566781,1679314566790
1679314566814,1679314566875
1679314566779,1679314566931
1679314567046,1679314567071
1679314567016,1679314567139
1679314567223,1679314567251
1679314567268,1679314567305
1679314567333,1679314567363
1679314567289,1679314567470
1679314567462,1679314567499
1679314567548,1679314567582
1679314567586,1679314567615
1679314567594,1679314567616
1679314567617,1679314567626
1679314567621,1679314567627
1679314567913,1679314567965
1679314568042,1679314568051
1679314568085,1679314568162
1679314568055,1679314568206
1679314568400,1679314568421
1679314568387,1679314568425
1679314568579,1679314568607
1679314568562,1679314568688
1679314568531,1679314568720
1679314568572,1679314568743
1679314568670,1679314568833
1679314568572,1679314568855
1679314568803,1679314568859
1679314568697,1679314568862
1679314568586,1679314568896
1679314568901,1679314568911
1679314568919,1679314568924
1679314568761,1679314568949
1679314568859,1679314568981
1679314569024,1679314569027
1679314569118,1679314569126
1679314569339,1679314569351
1679314569446,1679314569501
1679314569446,1679314569566
1679314569718,1679314569724
1679314569829,1679314569854
1679314569846,1679314569858
1679314569848,1679314569909
1679314569829,1679314569971
1679314569978,1679314569998
1679314569981,1679314570042
1679314570049,1679314570096
1679314570056,1679314570102
1679314570205,1679314570209
1679314570225,1679314570232
1679314570222,1679314570258
1679314570197,1679314570299
1679314570278,1679314570309
1679314570654,1679314570735
1679314570784,1679314570798
1679314570853,1679314570882
1679314570812,1679314570923
1679314570953,1679314570976
1679314570968,1679314571009
1679314571049,1679314571060
1679314571019,1679314571060
1679314571135,1679314571177
1679314571149,1679314571225
1679314571252,1679314571325
1679314571275,1679314571364
1679314571320,1679314571379
1679314571509,1679314571529
1679314571639,1679314571647
1679314571660,1679314571715
1679314571652,1679314571746
1679314571667,1679314571771
1679314571903,1679314571998
1679314572035,1679314572045
1679314572091,1679314572132
1679314572176,1679314572196
1679314572216,1679314572299
1679314572151,1679314572308
1679314572377,1679314572457
1679314572386,1679314572471
1679314572542,1679314572563
1679314572566,1679314572590
1679314572667,1679314572720
1679314572678,1679314572729
1679314572677,1679314572750
1679314572714,1679314572791
1679314572807,1679314572847
1679314572871,1679314572886
1679314572812,1679314572924
1679314572918,1679314572945
1679314572942,1679314572998
1679314573045,1679314573184
1679314573141,1679314573228
1679314573221,1679314573257
1679314573410,1679314573417
1679314573432,1679314573457
1679314573448,1679314573567
1679314573374,1679314573588
1679314573627,1679314573644
1679314573934,1679314573982
1679314573974,1679314574002
1679314574127,1679314574155
1679314574209,1679314574228
1679314574297,1679314574310
1679314574338,1679314574341
1679314574309,1679314574352
1679314574354,1679314574370
1679314574332,1679314574410
1679314574429,1679314574441
1679314574612,1679314574669
1679314574603,1679314574677
1679314574655,1679314574684
1679314574764,1679314574776
1679314574763,1679314574798
1679314574767,1679314574854
1679314574929,1679314574949
1679314575087,1679314575097
1679314575084,1679314575111
1679314575117,1679314575180
1679314575157,1679314575199
1679314575351,1679314575356
1679314575535,1679314575551
1679314575485,1679314575572
1679314575564,1679314575572
1679314575568,1679314575633
1679314575786,1679314575804
1679314575835,1679314575861
1679314575852,1679314575878
1679314575934,1679314575939
1679314575957,1679314575989
1679314576027,1679314576031
1679314576104,1679314576108
1679314576117,1679314576130
1679314576142,1679314576151
1679314576300,1679314576304
1679314576345,1679314576469
1679314576454,1679314576491
1679314576591,1679314576688
1679314576606,1679314576740
1679314576730,1679314576770
1679314576670,1679314576806
1679314576762,1679314576814
1679314576815,1679314576869
1679314576808,1679314576870
1679314576947,1679314577009
1679314577205,1679314577241
1679314577243,1679314577246
1679314577268,1679314577320
1679314577402,1679314577417
1679314577388,1679314577448
1679314577431,1679314577451
1679314577608,1679314577650
1679314577736,1679314577756
1679314577753,1679314577761
1679314577704,1679314577799
1679314577897,1679314577923
1679314577961,1679314577982
1679314577941,1679314578067
1679314578089,1679314578131
1679314578018,1679314578142
1679314578201,1679314578216
1679314578212,1679314578272
1679314578230,1679314578324
1679314578375,1679314578385
1679314578507,1679314578542
1679314578635,1679314578659
1679314578667,1679314578679
1679314579043,1679314579102
1679314579088,1679314579110
1679314579065,1679314579141
1679314579181,1679314579188
1679314579231,1679314579254
1679314579200,1679314579305
1679314579323,1679314579420
1679314579333,1679314579457
1679314579490,1679314579509
1679314579577,1679314579587
1679314579617,1679314579655
1679314579621,1679314579686
1679314579631,1679314579696
1679314579765,1679314579784
1679314579755,1679314579901
1679314580018,1679314580041
1679314579912,1679314580077
1679314580335,1679314580343
1679314580314,1679314580352
1679314580406,1679314580411
1679314580493,1679314580503
1679314580471,1679314580509
1679314580466,1679314580560
1679314580469,1679314580611
1679314580785,1679314580793
1679314580843,1679314580848
1679314580823,1679314580863
1679314580852,1679314580863
1679314580895,1679314580968
1679314581179,1679314581193
1679314581185,1679314581196
1679314581240,1679314581273
1679314581394,1679314581406
1679314581452,1679314581492
1679314581515,1679314581530
1679314581462,1679314581590
1679314581580,1679314581678
1679314581751,1679314581800
1679314581730,1679314581840
1679314581861,1679314581880
1679314581810,1679314581906
1679314582037,1679314582181
1679314582152,1679314582192
1679314582251,1679314582372
1679314582408,1679314582431
1679314582496,1679314582552
1679314582546,1679314582596
1679314582631,1679314582646
1679314582609,1679314582677
1679314582672,1679314582684
1679314582638,1679314582737
1679314582793,1679314582805
1679314582731,1679314582900
1679314582913,1679314582975
1679314582876,1679314582988
1679314583010,1679314583057
1679314583290,1679314583306
1679314583347,1679314583355
1679314583566,1679314583613
1679314583556,1679314583615
1679314583684,1679314583692
1679314583817,1679314583825
1679314583800,1679314583877
1679314583971,1679314583979
1679314583970,1679314583982
1679314584010,1679314584028
1679314584050,1679314584096
1679314584195,1679314584206
1679314584328,1679314584340
1679314584130,1679314584351
1679314584306,1679314584359
1679314584342,1679314584427
1679314584335,1679314584574
1679314584759,1679314584811
1679314584837,1679314584858
1679314584833,1679314584874
1679314584845,1679314584875
1679314584941,1679314584987
1679314584985,1679314585013
1679314585028,1679314585037
1679314584913,1679314585051
1679314585056,1679314585110
1679314585136,1679314585172
1679314585195,1679314585208
1679314585256,1679314585281
1679314585369,1679314585382
1679314585397,1679314585440
1679314585471,1679314585476
1679314585491,1679314585570
1679314585519,1679314585701
1679314585755,1679314585766
1679314585779,1679314585861
1679314586090,1679314586130
1679314586129,1679314586207
1679314586239,1679314586257
1679314586286,1679314586293
1679314586310,1679314586328
1679314586350,1679314586371
1679314586301,1679314586384
1679314586531,1679314586542
1679314586675,1679314586679
1679314586753,1679314586760
1679314586717,1679314586782
1679314586744,1679314586783
1679314586682,1679314586839
1679314586810,1679314586843
1679314586773,1679314586874
1679314586945,1679314586949
1679314587064,1679314587094
1679314587114,1679314587118
1679314587164,1679314587170
1679314587371,1679314587443
1679314587412,1679314587448
1679314587492,1679314587500
1679314587461,1679314587590
1679314587556,1679314587785
1679314587881,1679314587897
1679314587871,1679314587916
1679314587919,1679314587942
1679314587964,1679314588076
1679314588125,1679314588210
1679314588141,1679314588247
1679314588243,1679314588249
1679314588203,1679314588256
1679314588254,1679314588264
1679314588296,1679314588305
1679314588376,1679314588383
1679314588405,1679314588416
1679314588345,1679314588452
1679314588422,1679314588460
1679314588455,1679314588527
1679314588619,1679314588696
1679314588776,1679314588817
1679314588854,1679314588865
1679314589050,1679314589064
1679314589131,1679314589181
1679314589212,1679314589235
1679314589165,1679314589277
1679314589181,1679314589303
1679314589287,1679314589335
1679314589422,1679314589449
1679314589470,1679314589529
1679314589607,1679314589610
1679314589641,1679314589648
1679314589746,1679314589763
1679314589797,1679314589803
1679314589784,1679314589846
1679314589871,1679314589884
1679314589966,1679314590004
1679314589989,1679314590032
1679314590018,1679314590037
1679314590083,1679314590271
1679314590213,1679314590322
1679314590268,1679314590385
1679314590471,1679314590495
1679314590473,1679314590504
1679314590501,1679314590506
1679314590210,1679314590565
1679314590582,1679314590602
1679314590662,1679314590671
1679314590721,1679314590741
1679314590761,1679314590766
1679314590821,1679314590839
1679314590902,1679314590925
1679314590913,1679314590926
1679314590920,1679314590961
1679314591112,1679314591119
1679314591107,1679314591137
1679314591274,1679314591312
1679314591307,1679314591529
1679314591552,1679314591572
1679314591508,1679314591615
1679314591548,1679314591666
1679314591654,1679314591670
1679314591673,1679314591707
1679314591779,1679314591871
1679314591913,1679314591935
1679314591945,1679314591948
1679314591994,1679314592005
1679314591989,1679314592010
1679314591984,1679314592075
1679314592066,1679314592099
1679314592113,1679314592146
1679314592099,1679314592154
1679314592142,1679314592178
1679314592155,1679314592194
1679314592382,1679314592458
1679314592476,1679314592515
1679314592590,1679314592604
1679314592613,1679314592636
1679314592681,1679314592688
1679314592857,1679314592887
1679314592945,1679314592988
1679314592936,1679314593011
1679314593155,1679314593192
1679314593264,1679314593276
1679314593271,1679314593330
1679314593328,1679314593343
1679314593260,1679314593400
1679314593407,1679314593445
1679314593504,1679314593576
1679314593569,1679314593590
1679314593597,1679314593697
1679314593648,1679314593718
1679314593749,1679314593753
1679314593783,1679314593804
1679314593872,1679314593961
1679314594029,1679314594051
1679314594190,1679314594219
1679314594179,1679314594222
1679314594284,1679314594327
1679314594250,1679314594329
1679314594324,1679314594446
1679314594380,1679314594466
1679314594473,1679314594539
1679314594499,1679314594542
1679314594754,1679314594759
1679314594722,1679314594767
1679314594872,1679314594910
1679314594887,1679314594923
1679314594961,1679314595028
1679314595017,1679314595048
1679314595072,1679314595078
1679314595039,1679314595122
1679314595249,1679314595331
1679314595417,1679314595429
1679314595430,1679314595440
1679314595569,1679314595590
1679314595615,1679314595621
1679314595762,1679314595787
1679314595800,1679314595845
1679314595968,1679314595974
1679314595953,1679314595983
1679314596083,1679314596085
1679314596108,1679314596129
1679314595959,1679314596192
1679314596181,1679314596205
1679314596183,1679314596208
1679314596155,1679314596236
1679314596444,1679314596456
1679314596445,1679314596456
1679314596613,1679314596651
1679314596663,1679314596672
1679314596659,1679314596691
1679314596684,1679314596692
1679314596773,1679314596812
1679314596967,1679314596995
1679314597022,1679314597057
1679314597044,1679314597100
1679314597095,1679314597203
1679314597182,1679314597301
1679314597565,1679314597599
1679314597685,1679314597705
1679314597669,1679314597761
1679314597755,1679314597765
1679314597893,1679314597902
1679314597881,1679314597955
1679314597996,1679314598008
1679314597982,1679314598056
1679314598059,1679314598070
1679314598072,1679314598111
1679314598147,1679314598153
1679314598120,1679314598180
1679314598186,1679314598209
1679314598196,1679314598212
1679314598284,1679314598301
1679314598417,1679314598429
1679314598553,1679314598564
1679314598797,1679314598841
1679314598739,1679314598866
1679314598961,1679314598966
1679314599237,1679314599280
1679314599323,1679314599331
1679314599297,1679314599332
1679314599311,1679314599341
1679314599293,1679314599439
1679314599477,1679314599565
1679314599586,1679314599592
1679314599555,1679314599600
1679314599468,1679314599604
1679314599640,1679314599680
1679314599718,1679314599724
1679314599956,1679314599977
1679314599989,1679314600057
1679314600018,1679314600087
1679314600120,1679314600127
1679314600169,1679314600179
1679314600302,1679314600323
1679314600457,1679314600462
1679314600430,1679314600493
1679314600506,1679314600511
1679314600651,1679314600666
1679314600868,1679314600884
1679314600822,1679314600914
1679314600905,1679314600936
1679314601001,1679314601009
1679314601043,1679314601074
1679314601025,1679314601091
1679314601024,1679314601145
1679314601037,1679314601150
1679314601213,1679314601242
1679314601456,1679314601540
1679314601503,1679314601632
1679314601578,1679314601642
1679314601659,1679314601693
1679314601712,1679314601739
1679314601691,1679314601752
1679314601806,1679314601820
1679314601783,1679314601844
1679314601785,1679314601867
1679314601846,1679314601888
1679314601915,1679314601959
1679314601835,1679314601981
1679314602025,1679314602046
1679314601998,1679314602067
1679314602003,1679314602074
1679314602062,1679314602083
1679314602063,1679314602085
1679314602076,1679314602086
1679314602049,1679314602150
1679314602229,1679314602234
1679314602241,1679314602258
1679314602478,1679314602517
1679314602691,1679314602721
1679314602750,1679314602758
1679314602821,1679314602917
1679314602940,1679314602950
1679314602955,1679314602958
1679314602940,1679314602993
1679314602969,1679314603030
1679314603126,1679314603131
1679314603147,1679314603166
1679314603163,1679314603172
1679314603278,1679314603300
1679314603400,1679314603413
1679314603401,1679314603436
1679314603468,1679314603503
1679314603561,1679314603571
1679314603614,1679314603628
1679314603615,1679314603649
1679314603631,1679314603689
1679314603739,1679314603761
1679314603681,1679314603792
1679314604101,1679314604116
1679314604091,1679314604131
1679314604126,1679314604167
1679314604152,1679314604256
1679314604274,1679314604281
1679314604281,1679314604300
1679314604414,1679314604469
1679314604513,1679314604524
1679314604530,1679314604599
1679314604685,1679314604778
1679314604755,1679314604801
1679314604785,1679314604807
1679314604824,1679314604854
1679314604890,1679314604912
1679314604927,1679314605040
1679314605018,1679314605069
1679314605068,1679314605103
1679314605161,1679314605192
1679314605114,1679314605206
1679314605222,1679314605262
1679314605299,1679314605305
1679314605260,1679314605308
1679314605323,1679314605336
1679314605452,1679314605455
1679314605493,1679314605512
1679314605518,1679314605532
1679314605528,1679314605606
1679314605600,1679314605614
1679314605642,1679314605672
1679314605695,1679314605718
1679314605786,1679314605833
1679314605879,1679314605900
1679314605921,1679314606039
1679314606101,1679314606118
1679314606195,1679314606203
1679314606199,1679314606217
1679314606291,1679314606343
1679314606373,1679314606412
1679314606365,1679314606520
1679314606489,1679314606523
1679314606670,1679314606677
1679314606612,1679314606679
1679314606674,1679314606686
1679314606569,1679314606718
1679314606716,1679314606723
1679314606705,1679314606725
1679314606950,1679314606952
1679314606951,1679314606978
1679314606925,1679314607005
1679314607081,1679314607104
1679314607157,1679314607183
1679314607166,1679314607220
1679314607198,1679314607261
1679314607603,1679314607662
1679314607632,1679314607683
1679314607587,1679314607707
1679314607705,1679314607726
1679314607769,1679314607784
1679314607849,1679314607885
1679314607870,1679314607895
1679314607911,1679314607930
1679314607914,1679314607940
1679314608040,1679314608065
1679314607981,1679314608086
1679314607979,1679314608095
1679314608142,1679314608153
1679314608188,1679314608231
1679314608200,1679314608249
1679314608067,1679314608278
1679314608222,1679314608309
1679314608603,1679314608614
1679314608705,1679314608726
1679314608686,1679314608813
1679314608657,1679314608895
1679314608543,1679314608906
1679314609171,1679314609192
1679314609177,1679314609207
1679314609185,1679314609216
1679314609201,1679314609274
1679314609202,1679314609279
1679314609209,1679314609340
1679314609430,1679314609435
1679314609465,1679314609540
1679314609552,1679314609592
1679314609643,1679314609694
1679314609710,1679314609749
1679314609735,1679314609818
1679314609805,1679314609837
1679314609912,1679314609922
1679314609776,1679314609924
1679314609903,1679314609925
1679314610053,1679314610073
1679314610101,1679314610204
1679314610197,1679314610207
1679314610193,1679314610274
1679314610323,1679314610383
1679314610212,1679314610436
1679314610552,1679314610572
1679314610543,1679314610593
1679314610535,1679314610594
1679314610626,1679314610698
1679314610681,1679314610746
1679314610844,1679314610949
1679314610961,1679314611001
1679314610990,1679314611044
1679314611111,1679314611131
1679314611138,1679314611181
1679314611204,1679314611212
1679314611137,1679314611235
1679314611286,1679314611294
1679314611295,1679314611343
1679314611315,1679314611396
1679314611498,1679314611554
1679314611575,1679314611601
1679314611691,1679314611735
1679314611798,1679314611809
1679314611866,1679314611873
1679314611963,1679314612049
1679314611830,1679314612065
1679314612185,1679314612229
1679314611943,1679314612233
1679314612203,1679314612281
1679314612317,1679314612373
1679314612404,1679314612490
1679314612490,1679314612539
1679314612591,1679314612594
1679314612708,1679314612741
1679314612736,1679314612741
1679314612956,1679314612978
1679314612964,1679314613019
1679314613040,1679314613117
1679314613189,1679314613194
1679314613285,1679314613342
1679314613266,1679314613380
1679314613271,1679314613400
1679314613268,1679314613403
1679314613354,1679314613406
1679314613362,1679314613430
1679314613400,1679314613494
1679314613659,1679314613665
1679314613769,1679314613803
1679314613971,1679314614021
1679314614036,1679314614091
1679314614124,1679314614159
1679314614176,1679314614204
1679314614210,1679314614221
1679314614281,1679314614287
1679314614296,1679314614300
1679314614297,1679314614399
1679314614315,1679314614424
1679314614408,1679314614461
1679314614459,1679314614474
1679314614652,1679314614695
1679314614638,1679314614751
1679314614774,1679314614827
1679314614777,1679314614834
1679314614928,1679314614988
1679314614976,1679314615025
1679314615332,1679314615347
1679314615465,1679314615483
1679314615437,1679314615498
1679314615522,1679314615548
1679314615684,1679314615693
1679314615745,1679314615750
1679314615767,1679314615809
1679314615768,1679314615820
1679314615735,1679314615834
1679314615854,1679314615888
1679314615971,1679314616001
1679314616108,1679314616115
1679314616227,1679314616252
1679314616226,1679314616285
1679314616222,1679314616306
1679314616327,1679314616335
1679314616306,1679314616356
1679314616362,1679314616375
1679314616355,1679314616426
1679314616348,1679314616484
1679314616581,1679314616595
1679314616821,1679314616842
1679314616858,1679314616881
1679314616915,1679314616943
1679314616905,1679314617036
1679314617104,1679314617145
1679314617031,1679314617150
1679314617189,1679314617198
1679314617149,1679314617199
1679314617207,1679314617211
1679314617279,1679314617295
1679314617311,1679314617323
1679314617301,1679314617379
1679314617420,1679314617424
1679314617549,1679314617564
1679314617546,1679314617598
1679314617639,1679314617710
1679314617711,1679314617743
1679314617739,1679314617744
1679314617871,1679314617902
1679314618006,1679314618015
1679314618059,1679314618140
1679314618188,1679314618239
1679314618254,1679314618384
1679314618391,1679314618428
1679314618466,1679314618537
1679314618440,1679314618552
1679314618543,1679314618646
1679314618691,1679314618711
1679314618753,1679314618759
1679314618851,1679314618855
1679314618850,1679314618866
1679314618996,1679314619006
1679314618976,1679314619014
1679314619006,1679314619030
1679314618999,1679314619105
1679314619370,1679314619388
1679314619402,1679314619421
1679314619362,1679314619423
1679314619540,1679314619561
1679314619523,1679314619592
1679314619440,1679314619601
1679314619631,1679314619637
1679314619638,1679314619678
1679314619688,1679314619713
1679314619682,1679314619714
1679314619729,1679314619859
1679314619848,1679314619867
1679314619835,1679314619901
1679314619934,1679314620011
1679314620141,1679314620151
1679314620143,1679314620308
1679314620341,1679314620370
1679314620379,1679314620423
1679314620469,1679314620486
1679314620546,1679314620554
1679314620423,1679314620567
1679314620546,1679314620586
1679314620624,1679314620638
1679314620634,1679314620668
1679314620663,1679314620701
1679314620731,1679314620771
1679314620628,1679314620785
1679314620827,1679314620840
1679314620944,1679314620962
1679314620942,1679314620978
1679314621114,1679314621208
1679314621212,1679314621238
1679314621260,1679314621284
1679314621328,1679314621371
1679314621446,1679314621485
1679314621599,1679314621606
1679314621597,1679314621628
1679314621657,1679314621664
1679314621737,1679314621746
1679314621662,1679314621750
1679314621849,1679314622047
1679314621984,1679314622055
1679314621946,1679314622082
1679314622134,1679314622187
1679314622189,1679314622219
1679314622145,1679314622225
1679314622355,1679314622401
1679314622449,1679314622453
1679314622467,1679314622477
1679314622443,1679314622489
1679314622440,1679314622558
1679314622640,1679314622675
1679314622626,1679314622679
1679314622711,1679314622731
1679314622663,1679314622771
1679314622777,1679314622786
1679314622950,1679314622975
1679314622892,1679314622995
1679314623092,1679314623120
1679314623151,1679314623184
1679314623190,1679314623210
1679314623219,1679314623223
1679314623490,1679314623551
1679314623553,1679314623560
1679314623702,1679314623713
1679314623671,1679314623759
1679314623785,1679314623842
1679314623824,1679314623843
1679314623799,1679314623886
1679314623889,1679314623953
1679314623889,1679314623964
1679314624126,1679314624142
1679314624238,1679314624243
1679314624309,1679314624318
1679314624373,1679314624397
1679314624309,1679314624426
1679314624486,1679314624490
1679314624494,1679314624546
1679314624532,1679314624611
1679314624487,1679314624612
1679314624684,1679314624741
1679314624785,1679314624797
1679314624863,1679314624883
1679314624846,1679314624892
1679314625113,1679314625169
1679314625064,1679314625171
1679314625331,1679314625365
1679314625430,1679314625451
1679314625326,1679314625460
1679314625490,1679314625525
1679314625438,1679314625525
1679314625495,1679314625560
1679314625562,1679314625566
1679314625727,1679314625731
1679314625749,1679314625762
1679314625805,1679314625835
1679314625824,1679314625890
1679314625879,1679314625896
1679314626041,1679314626047
1679314626064,1679314626070
1679314626052,1679314626071
1679314626091,1679314626101
1679314626056,1679314626116
1679314626237,1679314626260
1679314626064,1679314626292
1679314626679,1679314626727
1679314626813,1679314626832
1679314626811,1679314626870
1679314626807,1679314626878
1679314626892,1679314626907
1679314626921,1679314626961
1679314626889,1679314626991
1679314627067,1679314627070
1679314627040,1679314627094
1679314627278,1679314627316
1679314627512,1679314627548
1679314627541,1679314627590
1679314627557,1679314627592
1679314627553,1679314627606
1679314627605,1679314627619
1679314627614,1679314627630
1679314627596,1679314627631
1679314627548,1679314627676
1679314627688,1679314627714
1679314627773,1679314627782
1679314627893,1679314627914
1679314627912,1679314628019
1679314628044,1679314628048
1679314628149,1679314628158
1679314628181,1679314628252
1679314628353,1679314628384
1679314628349,1679314628428
1679314628479,1679314628495
1679314628501,1679314628521
1679314628568,1679314628625
1679314628672,1679314628684
1679314628649,1679314628715
1679314628668,1679314628749
1679314628817,1679314628829
1679314628879,1679314628923
1679314628907,1679314628926
1679314628797,1679314628944
1679314629004,1679314629028
1679314629081,1679314629107
1679314629090,1679314629164
1679314629226,1679314629317
1679314629170,1679314629337
1679314629385,1679314629397
1679314629161,1679314629403
1679314629315,1679314629409
1679314629588,1679314629771
1679314629754,1679314629803
1679314629772,1679314629811
1679314629769,1679314629813
1679314629877,1679314629885
1679314629888,1679314629921
1679314630021,1679314630038
1679314630107,1679314630135
1679314630128,1679314630150
1679314630169,1679314630200
1679314630233,1679314630257
1679314630539,1679314630552
1679314630602,1679314630650
1679314630675,1679314630772
1679314630772,1679314630779
1679314630563,1679314630797
1679314630860,1679314630877
1679314630870,1679314630923
1679314630817,1679314630926
1679314630956,1679314630990
1679314631039,1679314631043
1679314631049,1679314631073
1679314631029,1679314631089
1679314631211,1679314631257
1679314631216,1679314631260
1679314631399,1679314631411
1679314631426,1679314631435
1679314631475,1679314631496
1679314631565,1679314631625
1679314631658,1679314631720
1679314631819,1679314631857
1679314631808,1679314631896
1679314631889,1679314631899
1679314632055,1679314632086
1679314632103,1679314632119
1679314632291,1679314632313
1679314632250,1679314632379
1679314632535,1679314632553
1679314632628,1679314632642
1679314632590,1679314632668
1679314632650,1679314632713
1679314632710,1679314632770
1679314632782,1679314632805
1679314632841,1679314632884
1679314632865,1679314632918
1679314632961,1679314632972
1679314632938,1679314632981
1679314633043,1679314633052
1679314633173,1679314633178
1679314633175,1679314633250
1679314633050,1679314633251
1679314633238,1679314633303
1679314633434,1679314633457
1679314633565,1679314633589
1679314633591,1679314633642
1679314633726,1679314633816
1679314633924,1679314633936
1679314633877,1679314633981
1679314633978,1679314634036
1679314633989,1679314634037
1679314634135,1679314634139
1679314634136,1679314634164
1679314634169,1679314634174
1679314634109,1679314634242
1679314634379,1679314634395
1679314634433,1679314634453
1679314634477,1679314634507
1679314634653,1679314634685
1679314634666,1679314634807
1679314634771,1679314634810
1679314634802,1679314634870
1679314634968,1679314634993
1679314635014,1679314635030
1679314635222,1679314635246
1679314635238,1679314635259
1679314635256,1679314635373
1679314635269,1679314635391
1679314635344,1679314635411
1679314635397,1679314635471
1679314635461,1679314635536
1679314635483,1679314635548
1679314635643,1679314635660
1679314635841,1679314635975
1679314635982,1679314636001
1679314635958,1679314636011
1679314636068,1679314636117
1679314636056,1679314636209
1679314636133,1679314636213
1679314636329,1679314636363
1679314636376,1679314636386
1679314636581,1679314636604
1679314636607,1679314636614
1679314636697,1679314636717
1679314636851,1679314636902
1679314636925,1679314636930
1679314636903,1679314636960
1679314636969,1679314636984
1679314636981,1679314636986
1679314636993,1679314637011
1679314637117,1679314637122
1679314637140,1679314637173
1679314637165,1679314637206
1679314637608,1679314637616
1679314637548,1679314637617
1679314637673,1679314637700
1679314637755,1679314637766
1679314637748,1679314637837
1679314637830,1679314637843
1679314637841,1679314637859
1679314637867,1679314637888
1679314637835,1679314637911
1679314637995,1679314638076
1679314638239,1679314638262
1679314638221,1679314638274
1679314638326,1679314638390
1679314638386,1679314638405
1679314638401,1679314638408
1679314638405,1679314638426
1679314638430,1679314638462
1679314638423,1679314638510
1679314638686,1679314638690
1679314638745,1679314638750
1679314638640,1679314638794
1679314638790,1679314638801
1679314638692,1679314638806
1679314638941,1679314639023
1679314639023,1679314639121
1679314639154,1679314639171
1679314639081,1679314639242
1679314639189,1679314639254
1679314639337,1679314639365
1679314639415,1679314639457
1679314639428,1679314639460
1679314639415,1679314639469
1679314639413,1679314639473
1679314639439,1679314639473
1679314639487,1679314639544
1679314639799,1679314639811
1679314639847,1679314639894
1679314639910,1679314639953
1679314639994,1679314640021
1679314640123,1679314640148
1679314640066,1679314640149
1679314640128,1679314640176
1679314640057,1679314640191
1679314640177,1679314640193
1679314640290,1679314640306
1679314640249,1679314640408
1679314640328,1679314640453
1679314640426,1679314640487
1679314640502,1679314640524
1679314640548,1679314640597
1679314640697,1679314640711
1679314640904,1679314640949
1679314640949,1679314640956
1679314640952,1679314640968
1679314641063,1679314641132
1679314641189,1679314641322
1679314641277,1679314641323
1679314641485,1679314641517
1679314641547,1679314641553
1679314641532,1679314641556
1679314641592,1679314641634
1679314641620,1679314641643
1679314641765,1679314641831
1679314641887,1679314641904
1679314641874,1679314641913
1679314641764,1679314641928
1679314641991,1679314642003
1679314641920,1679314642036
1679314642023,1679314642144
1679314642146,1679314642160
1679314642006,1679314642168
1679314642202,1679314642271
1679314642424,1679314642442
1679314642503,1679314642655
1679314642706,1679314642715
1679314642687,1679314642720
1679314642706,1679314642764
1679314642950,1679314642970
1679314643056,1679314643104
1679314643160,1679314643207
1679314643153,1679314643212
1679314643204,1679314643220
1679314643255,1679314643294
1679314643381,1679314643408
1679314643345,1679314643417
1679314643443,1679314643487
1679314643328,1679314643543
1679314643542,1679314643584
1679314643444,1679314643599
1679314643591,1679314643636
1679314643708,1679314643726
1679314643667,1679314643737
1679314643755,1679314643838
1679314643798,1679314643850
1679314644027,1679314644043
1679314644083,1679314644106
1679314644167,1679314644184
1679314644214,1679314644286
1679314644416,1679314644425
1679314644487,1679314644515
1679314644530,1679314644558
1679314644462,1679314644569
1679314644577,1679314644602
1679314644668,1679314644675
1679314644617,1679314644682
1679314644754,1679314644774
1679314644745,1679314644840
1679314644959,1679314645030
1679314645051,1679314645078
1679314645077,1679314645103
1679314645027,1679314645109
1679314645188,1679314645344
1679314645415,1679314645426
1679314645291,1679314645429
1679314645587,1679314645664
1679314645571,1679314645678
1679314645661,1679314645690
1679314645806,1679314645848
1679314645901,1679314645914
1679314645882,1679314645924
1679314645992,1679314646030
1679314645984,1679314646059
1679314646058,1679314646066
1679314646090,1679314646096
1679314646282,1679314646322
1679314646404,1679314646492
1679314646551,1679314646604
1679314646675,1679314646770
1679314646721,1679314646773
1679314646696,1679314646805
1679314646806,1679314646881
1679314646814,1679314646912
1679314646907,1679314646972
1679314646846,1679314646978
1679314646983,1679314646988
1679314647013,1679314647161
1679314647180,1679314647231
1679314647204,1679314647273
1679314647289,1679314647313
1679314647308,1679314647334
1679314647352,1679314647393
1679314647436,1679314647491
1679314647714,1679314647784
1679314647723,1679314647798
1679314647831,1679314647841
1679314647823,1679314647883
1679314647817,1679314647982
1679314648078,1679314648089
1679314648229,1679314648275
1679314648290,1679314648293
1679314648401,1679314648442
1679314648455,1679314648475
1679314648580,1679314648587
1679314648589,1679314648676
1679314648582,1679314648689
1679314648782,1679314648800
1679314648809,1679314648813
1679314648847,1679314648854
1679314648847,1679314648879
1679314648872,1679314648910
1679314648881,1679314648950
1679314649019,1679314649052
1679314648853,1679314649053
1679314649115,1679314649121
1679314648798,1679314649121
1679314649236,1679314649244
1679314649266,1679314649281
1679314649310,1679314649388
1679314649425,1679314649482
1679314649465,1679314649489
1679314649665,1679314649676
1679314649814,1679314649827
1679314649998,1679314650002
1679314650022,1679314650046
1679314650135,1679314650138
1679314650028,1679314650139
1679314650040,1679314650219
1679314650235,1679314650299
1679314650302,1679314650330
1679314650249,1679314650358
1679314650287,1679314650375
1679314650388,1679314650409
1679314650423,1679314650481
1679314650293,1679314650496
1679314650565,1679314650604
1679314650626,1679314650638
1679314650657,1679314650720
1679314650944,1679314650953
1679314650929,1679314650953
1679314650895,1679314650984
1679314651028,1679314651089
1679314651100,1679314651106
1679314651211,1679314651220
1679314651289,1679314651310
1679314651305,1679314651327
1679314651308,1679314651351
1679314651469,1679314651541
1679314651692,1679314651716
1679314651726,1679314651729
1679314651700,1679314651734
1679314651618,1679314651753
1679314651819,1679314651842
1679314651734,1679314651858
1679314651894,1679314651953
1679314651948,1679314651970
1679314652101,1679314652118
1679314652178,1679314652184
1679314652218,1679314652255
1679314652228,1679314652295
1679314652280,1679314652340
1679314652399,1679314652422
1679314652488,1679314652501
1679314652586,1679314652642
1679314652845,1679314652853
1679314652818,1679314652858
1679314652919,1679314652929
1679314653001,1679314653050
1679314653084,1679314653091
1679314653240,1679314653254
1679314653266,1679314653335
1679314653354,1679314653389
1679314653377,1679314653428
1679314653351,1679314653435
1679314653392,1679314653465
1679314653359,1679314653518
1679314653560,1679314653581
1679314653668,1679314653772
1679314653687,1679314653788
1679314653811,1679314653840
1679314653781,1679314653861
1679314653912,1679314653923
1679314653910,1679314653981
1679314653968,1679314654044
1679314654144,1679314654175
1679314654384,1679314654422
1679314654327,1679314654488
1679314654476,1679314654512
1679314654514,1679314654547
1679314654598,1679314654605
1679314654609,1679314654626
1679314654664,1679314654699
1679314654758,1679314654779
1679314654627,1679314654779
1679314654769,1679314654812
1679314654914,1679314654943
1679314654871,1679314655017
1679314655133,1679314655183
1679314655173,1679314655192
1679314655164,1679314655275
1679314655250,1679314655309
1679314655432,1679314655437
1679314655346,1679314655456
1679314655538,1679314655552
1679314655601,1679314655639
1679314655607,1679314655680
1679314655787,1679314655822
1679314655868,1679314655876
1679314655870,1679314655876
1679314655769,1679314655887
1679314655907,1679314655911
1679314655881,1679314655926
1679314655953,1679314656042
1679314656162,1679314656208
1679314656431,1679314656444
1679314656520,1679314656574
1679314656581,1679314656610
1679314656694,1679314656719
1679314656691,1679314656729
1679314656813,1679314656824
1679314656868,1679314656900
1679314656912,1679314656969
1679314657050,1679314657075
1679314657178,1679314657223
1679314657183,1679314657243
1679314657177,1679314657257
1679314657290,1679314657298
1679314656943,1679314657308
1679314657326,1679314657379
1679314657406,1679314657417
1679314657425,1679314657516
1679314657571,1679314657623
1679314657686,1679314657690
1679314657703,1679314657721
1679314658091,1679314658112
1679314658107,1679314658121
1679314658004,1679314658125
1679314658162,1679314658169
1679314658171,1679314658229
1679314658372,1679314658381
1679314658398,1679314658438
1679314658412,1679314658458
1679314658515,1679314658563
1679314658563,1679314658598
1679314658636,1679314658645
1679314658705,1679314658790
1679314658890,1679314658907
1679314658981,1679314659032
1679314659054,1679314659131
1679314659220,1679314659231
1679314659241,1679314659256
1679314659247,1679314659283
1679314659261,1679314659306
1679314659282,1679314659315
1679314659389,1679314659426
1679314659540,1679314659634
1679314659741,1679314659791
1679314659771,1679314659792
1679314659697,1679314659816
1679314659696,1679314659818
1679314659878,1679314659938
1679314659915,1679314659954
1679314659961,1679314660002
1679314660057,1679314660134
1679314660153,1679314660196
1679314660271,1679314660290
1679314660521,1679314660526
1679314660456,1679314660543
1679314660566,1679314660596
1679314660457,1679314660654
1679314660684,1679314660693
1679314660720,1679314660778
1679314660832,1679314660834
1679314660855,1679314660882
1679314660911,1679314660919
1679314660906,1679314660967
1679314661002,1679314661008
1679314661009,1679314661049
1679314660965,1679314661049
1679314661224,1679314661237
1679314661214,1679314661252
1679314661273,1679314661336
1679314661341,1679314661357
1679314661360,1679314661429
1679314661457,1679314661519
1679314661808,1679314661817
1679314661793,1679314662005
1679314662046,1679314662081
1679314662115,1679314662142
1679314662158,1679314662178
1679314662119,1679314662203
1679314662183,1679314662256
1679314662248,1679314662269
1679314662297,1679314662315
1679314662360,1679314662363
1679314662358,1679314662420
1679314662335,1679314662438
1679314662406,1679314662451
1679314662492,1679314662505
1679314662561,1679314662579
1679314662692,1679314662762
1679314663219,1679314663222
1679314663232,1679314663239
1679314663086,1679314663264
1679314663322,1679314663375
1679314663530,1679314663559
1679314663436,1679314663571
1679314663559,1679314663588
1679314663510,1679314663609
1679314663565,1679314663644
1679314663539,1679314663655
1679314663645,1679314663690
1679314663802,1679314663860
1679314663860,1679314663875
1679314663834,1679314663900
1679314664034,1679314664051
1679314664050,1679314664053
1679314664037,1679314664152
1679314664194,1679314664232
1679314664510,1679314664520
1679314664508,1679314664648
1679314664546,1679314664674
1679314664638,1679314664726
1679314664739,1679314664765
1679314664770,1679314664783
1679314664805,1679314664816
1679314664826,1679314664843
1679314665007,1679314665015
1679314665123,1679314665133
1679314665097,1679314665159
1679314665118,1679314665176
1679314665173,1679314665198
1679314665080,1679314665301
1679314665230,1679314665303
1679314665267,1679314665328
1679314665371,1679314665391
1679314665221,1679314665396
1679314665508,1679314665620
1679314665737,1679314665773
1679314665781,1679314665793
1679314665803,1679314665830
1679314665856,1679314665918
1679314666025,1679314666050
1679314666094,1679314666135
1679314666053,1679314666139
1679314666131,1679314666162
1679314666176,1679314666291
1679314666257,1679314666316
1679314666318,1679314666356
1679314666326,1679314666368
1679314666489,1679314666495
1679314666471,1679314666530
1679314666596,1679314666628
1679314666775,1679314666798
1679314666785,1679314666835
1679314666850,1679314666899
1679314666892,1679314666950
1679314666954,1679314666975
1679314667045,1679314667070
1679314667093,1679314667117
1679314667117,1679314667124
1679314667157,1679314667212
1679314667259,1679314667346
1679314667411,1679314667459
1679314667603,1679314667619
1679314667867,1679314667885
1679314667876,1679314667956
1679314668091,1679314668095
1679314668085,1679314668099
1679314668082,1679314668118
1679314668100,1679314668121
1679314668094,1679314668135
1679314668122,1679314668156
1679314668185,1679314668192
1679314668201,1679314668245
1679314668227,1679314668252
1679314668220,1679314668321
1679314668399,1679314668419
1679314668417,1679314668439
1679314668456,1679314668480
1679314668526,1679314668547
1679314668561,1679314668635
1679314668651,1679314668655
1679314668697,1679314668762
1679314669061,1679314669089
1679314669094,1679314669119
1679314669117,1679314669142
1679314669076,1679314669180
1679314669281,1679314669361
1679314669326,1679314669397
1679314669462,1679314669485
1679314669560,1679314669604
1679314669576,1679314669619
1679314669560,1679314669633
1679314669690,1679314669717
1679314669774,1679314669800
1679314669878,1679314669892
1679314669903,1679314669925
1679314669928,1679314669979
1679314670013,1679314670034
1679314670220,1679314670232
1679314670261,1679314670281
1679314670272,1679314670337
1679314670369,1679314670425
1679314670392,1679314670464
1679314670517,1679314670624
1679314670705,1679314670724
1679314670709,1679314670831
1679314670813,1679314670856
1679314670762,1679314670936
1679314670972,1679314670977
1679314671079,1679314671097
1679314671143,1679314671154
1679314671279,1679314671335
1679314671240,1679314671341
1679314671359,1679314671390
1679314671408,1679314671430
1679314671434,1679314671443
1679314671217,1679314671471
1679314671483,1679314671510
1679314671527,1679314671568
1679314671425,1679314671622
1679314671806,1679314671875
1679314671885,1679314671890
1679314671936,1679314672018
1679314671818,1679314672040
1679314672245,1679314672268
1679314672263,1679314672273
1679314672326,1679314672342
1679314672458,1679314672501
1679314672602,1679314672629
1679314672618,1679314672649
1679314672851,1679314672856
1679314672685,1679314672857
1679314672773,1679314672858
1679314672858,1679314672860
1679314673007,1679314673018
1679314672987,1679314673060
1679314673045,1679314673065
1679314673116,1679314673177
1679314673142,1679314673185
1679314673189,1679314673307
1679314673500,1679314673596
1679314673554,1679314673598
1679314673713,1679314673759
1679314673676,1679314673790
1679314673837,1679314673861
1679314673866,1679314673931
1679314673810,1679314673957
1679314673986,1679314674088
1679314674059,1679314674117
1679314674120,1679314674131
1679314674172,1679314674188
1679314674199,1679314674203
1679314674289,1679314674305
1679314674603,1679314674647
1679314674620,1679314674657
1679314674514,1679314674778
1679314674918,1679314674956
1679314674980,1679314674985
1679314674962,1679314675009
1679314675046,1679314675062
1679314675107,1679314675113
1679314675117,1679314675140
1679314675113,1679314675159
1679314675165,1679314675215
1679314675215,1679314675226
1679314675227,1679314675319
1679314675480,1679314675510
1679314675543,1679314675556
1679314675565,1679314675598
1679314675636,1679314675778
1679314675806,1679314675818
1679314675914,1679314676023
1679314675957,1679314676033
1679314675884,1679314676052
1679314675975,1679314676082
1679314675991,1679314676084
1679314676197,1679314676264
1679314676249,1679314676334
1679314676305,1679314676352
1679314676342,1679314676367
1679314676481,1679314676567
1679314676594,1679314676608
1679314676562,1679314676636
1679314676713,1679314676740
1679314676867,1679314677021
1679314677122,1679314677130
1679314677149,1679314677294
1679314677270,1679314677307
1679314677262,1679314677310
1679314677255,1679314677350
1679314677406,1679314677423
1679314677411,1679314677445
1679314677305,1679314677454
1679314677513,1679314677534
1679314677473,1679314677588
1679314677558,1679314677620
1679314677651,1679314677723
1679314677757,1679314677886
1679314677941,1679314678006
1679314678074,1679314678105
1679314678023,1679314678113
1679314678060,1679314678165
1679314678244,1679314678262
1679314678252,1679314678281
1679314678483,1679314678537
1679314678584,1679314678640
1679314678529,1679314678669
1679314678735,1679314678802
1679314678777,1679314678877
1679314678795,1679314678890
1679314678865,1679314678924
1679314678864,1679314678940
1679314678929,1679314678943
1679314678969,1679314678977
1679314678854,1679314679019
1679314679125,1679314679171
1679314679194,1679314679252
1679314679328,1679314679363
1679314679351,1679314679417
1679314679346,1679314679499
1679314679608,1679314679616
1679314679517,1679314679620
1679314679709,1679314679757
1679314679809,1679314679811
1679314679936,1679314679965
1679314679974,1679314680031
1679314680045,1679314680066
1679314680111,1679314680141
1679314680136,1679314680150
1679314680150,1679314680153
1679314680148,1679314680237
1679314680253,1679314680270
1679314680312,1679314680317
1679314680163,1679314680324
1679314680319,1679314680344
1679314680285,1679314680439
1679314680307,1679314680459
1679314680575,1679314680594
1679314680773,1679314680777
1679314680807,1679314680822
1679314680734,1679314680855
1679314680776,1679314680876
1679314680831,1679314680963
1679314681044,1679314681069
1679314681017,1679314681100
1679314681189,1679314681192
1679314681277,1679314681303
1679314681289,1679314681323
1679314681399,1679314681414
1679314681382,1679314681459
1679314681446,1679314681461
1679314681591,1679314681610
1679314681520,1679314681662
1679314681632,1679314681691
1679314681737,1679314681759
1679314681711,1679314681781
1679314681817,1679314681839
1679314681956,1679314681961
1679314681979,1679314681994
1679314682098,1679314682120
1679314682209,1679314682231
1679314682202,1679314682296
1679314682164,1679314682374
1679314682342,1679314682389
1679314682496,1679314682545
1679314682586,1679314682612
1679314682758,1679314682767
1679314682772,1679314682809
1679314682788,1679314682814
1679314682828,1679314682856
1679314683031,1679314683140
1679314683151,1679314683206
1679314683253,1679314683261
1679314683193,1679314683264
1679314683245,1679314683307
1679314683169,1679314683336
1679314683298,1679314683339
1679314683496,1679314683501
1679314683781,1679314683848
1679314683746,1679314683851
1679314683842,1679314683864
1679314683840,1679314683869
1679314683841,1679314683875
1679314683921,1679314683941
1679314684103,1679314684129
1679314684139,1679314684173
1679314684144,1679314684193
1679314684242,1679314684280
1679314684271,1679314684304
1679314684305,1679314684365
1679314684329,1679314684382
1679314684377,1679314684387
1679314684389,1679314684407
1679314684380,1679314684410
1679314684383,1679314684437
1679314684370,1679314684451
1679314684555,1679314684562
1679314684482,1679314684641
1679314684819,1679314684821
1679314684708,1679314684844
1679314684800,1679314684846
1679314684834,1679314684861
1679314684966,1679314685034
1679314685310,1679314685360
1679314685322,1679314685387
1679314685384,1679314685435
1679314685581,1679314685595
1679314685544,1679314685626
1679314685687,1679314685689
1679314685722,1679314685789
1679314685764,1679314685874
1679314685880,1679314685899
1679314685907,1679314686004
1679314685993,1679314686007
1679314685959,1679314686011
1679314686094,1679314686105
1679314686062,1679314686137
1679314686104,1679314686169
1679314686093,1679314686211
1679314686161,1679314686249
1679314686410,1679314686483
1679314686728,1679314686735
1679314687108,1679314687125
1679314687067,1679314687142
1679314687102,1679314687146
1679314687117,1679314687188
1679314687189,1679314687229
1679314687275,1679314687301
1679314687271,1679314687310
1679314687152,1679314687335
1679314687341,1679314687362
1679314687413,1679314687448
1679314687471,1679314687485
1679314687451,1679314687548
1679314687548,1679314687553
1679314687481,1679314687562
1679314687459,1679314687612
1679314687599,1679314687631
1679314687846,1679314687938
1679314688149,1679314688285
1679314688291,1679314688318
1679314688389,1679314688406
1679314688364,1679314688406
1679314688394,1679314688433
1679314688624,1679314688631
1679314688599,1679314688638
1679314688679,1679314688684
1679314688735,1679314688744
1679314688759,1679314688793
1679314688898,1679314688926
1679314688945,1679314688962
1679314688907,1679314688969
1679314689149,1679314689216
1679314689244,1679314689331
1679314689255,1679314689354
1679314689220,1679314689366
1679314689343,1679314689387
1679314689465,1679314689487
1679314689485,1679314689493
1679314689567,1679314689604
1679314689663,1679314689668
1679314689733,1679314689738
1679314689773,1679314689802
1679314689846,1679314689915
1679314690007,1679314690077
1679314690173,1679314690189
1679314690086,1679314690218
1679314690137,1679314690226
1679314690029,1679314690242
1679314690429,1679314690459
1679314690500,1679314690526
1679314690617,1679314690659
1679314690692,1679314690749
1679314690686,1679314690773
1679314690807,1679314690816
1679314690783,1679314690834
1679314690857,1679314690887
1679314690787,1679314690919
1679314690895,1679314690964
1679314690873,1679314690990
1679314691007,1679314691041
1679314690957,1679314691100
1679314690980,1679314691151
1679314691156,1679314691281
1679314691311,1679314691333
1679314691435,1679314691469
1679314691466,1679314691552
1679314691497,1679314691576
1679314691801,1679314691808
1679314691872,1679314691892
1679314691842,1679314691905
1679314691930,1679314692009
1679314691941,1679314692016
1679314691958,1679314692027
1679314692034,1679314692041
1679314692037,1679314692044
1679314692143,1679314692179
1679314692299,1679314692349
1679314692344,1679314692349
1679314692321,1679314692365
1679314692257,1679314692374
1679314692391,1679314692448
1679314692430,1679314692473
1679314692478,1679314692482
1679314692514,1679314692652
1679314692658,1679314692674
1679314692861,1679314692864
1679314692783,1679314692892
1679314692790,1679314692997
1679314693195,1679314693217
1679314693308,1679314693348
1679314693328,1679314693373
1679314693439,1679314693446
1679314693595,1679314693639
1679314693528,1679314693641
1679314693542,1679314693673
1679314693645,1679314693697
1679314693792,1679314693800
1679314693741,1679314693808
1679314693839,1679314693851
1679314693834,1679314693858
1679314693659,1679314693879
1679314693900,1679314693909
1679314693885,1679314693920
1679314693999,1679314694014
1679314694170,1679314694185
1679314694206,1679314694224
1679314694282,1679314694299
1679314694340,1679314694535
1679314694522,1679314694536
1679314694532,1679314694560
1679314694650,1679314694804
1679314694766,1679314694807
1679314694957,1679314694986
1679314695143,1679314695194
1679314695280,1679314695291
1679314695286,1679314695312
1679314695330,1679314695389
1679314695423,1679314695440
1679314695468,1679314695517
1679314695486,1679314695551
1679314695569,1679314695579
1679314695607,1679314695629
1679314695641,1679314695659
1679314695651,1679314695708
1679314695753,1679314695772
1679314695755,1679314695804
1679314695560,1679314695921
1679314695823,1679314695975
1679314695981,1679314696015
1679314696093,1679314696099
1679314696121,1679314696126
1679314696134,1679314696206
1679314696401,1679314696423
1679314696295,1679314696443
1679314696646,1679314696697
1679314696615,1679314696715
1679314696755,1679314696768
1679314696863,1679314696897
1679314696929,1679314696955
1679314697053,1679314697060
1679314697062,1679314697064
1679314697249,1679314697254
1679314697305,1679314697310
1679314697335,1679314697348
1679314697412,1679314697454
1679314697609,1679314697613
1679314697617,1679314697640
1679314697576,1679314697700
1679314697706,1679314697718
1679314697850,1679314697858
1679314697802,1679314697860
1679314697893,1679314697909
1679314697908,1679314697928
1679314697957,1679314698000
1679314697974,1679314698008
1679314698156,1679314698183
1679314698184,1679314698187
1679314698432,1679314698505
1679314698413,1679314698530
1679314698479,1679314698586
1679314698574,1679314698625
1679314698630,1679314698747
1679314698745,1679314698763
1679314698925,1679314698950
1679314698942,1679314699052
1679314699191,1679314699202
1679314699226,1679314699251
1679314699290,1679314699334
1679314699346,1679314699399
1679314699382,1679314699417
1679314699425,1679314699517
1679314699503,1679314699536
1679314699532,1679314699545
1679314699540,1679314699609
1679314699532,1679314699662
1679314699644,1679314699669
1679314699626,1679314699699
1679314699770,1679314699815
1679314700045,1679314700059
1679314700035,1679314700072
1679314700084,1679314700088
1679314700063,1679314700191
1679314700060,1679314700199
1679314700342,1679314700348
1679314700309,1679314700411
1679314700379,1679314700415
1679314700373,1679314700436
1679314700527,1679314700551
1679314700741,1679314700753
1679314700751,1679314700759
1679314700724,1679314700779
1679314700796,1679314700805
1679314700869,1679314700897
1679314700858,1679314700926
1679314701074,1679314701128
1679314700984,1679314701131
1679314701197,1679314701201
1679314701246,1679314701285
1679314701384,1679314701449
1679314701361,1679314701463
1679314701473,1679314701719
1679314701703,1679314701723
1679314701660,1679314701739
1679314701688,1679314701755
1679314701694,1679314701757
1679314701674,1679314701777
1679314701686,1679314701812
1679314701954,1679314702006
1679314702093,1679314702112
1679314702059,1679314702113
1679314702109,1679314702131
1679314702102,1679314702142
1679314702139,1679314702147
1679314702093,1679314702148
1679314702304,1679314702341
1679314702441,1679314702457
1679314702495,1679314702516
1679314702345,1679314702554
1679314702725,1679314702736
1679314702667,1679314702742
1679314702830,1679314702873
1679314702914,1679314702921
1679314702915,1679314702937
1679314702928,1679314703103
1679314703034,1679314703104
1679314703038,1679314703120
1679314703202,1679314703220
1679314703258,1679314703284
1679314703312,1679314703322
1679314703311,1679314703418
1679314703444,1679314703489
1679314703562,1679314703730
1679314703678,1679314703731
1679314703601,1679314703744
1679314703733,1679314703850
1679314703956,1679314703980
1679314703950,1679314704003
1679314703988,1679314704088
1679314704014,1679314704108
1679314704122,1679314704196
1679314704128,1679314704213
1679314704286,1679314704302
1679314704401,1679314704411
1679314704424,1679314704460
1679314704444,1679314704505
1679314704643,1679314704647
1679314704644,1679314704665
1679314704609,1679314704709
1679314704686,1679314704735
1679314704737,1679314704748
1679314704745,1679314704755
1679314704817,1679314704823
1679314704840,1679314704929
1679314704914,1679314704949
1679314704986,1679314705005
1679314704970,1679314705075
1679314705101,1679314705121
1679314705126,1679314705156
1679314705223,1679314705275
1679314705314,1679314705326
1679314705230,1679314705341
1679314705496,1679314705540
1679314705582,1679314705613
1679314705705,1679314705712
1679314705760,1679314705764
1679314705795,1679314705816
1679314705742,1679314705829
1679314705946,1679314705951
1679314706003,1679314706046
1679314705992,1679314706091
1679314706118,1679314706133
1679314706101,1679314706133
1679314706231,1679314706252
1679314706307,1679314706350
1679314706326,1679314706356
1679314706407,1679314706430
1679314706611,1679314706670
1679314706662,1679314706706
1679314706579,1679314706759
1679314706835,1679314706883
1679314706976,1679314706993
1679314706956,1679314707007
1679314707005,1679314707015
1679314706905,1679314707069
1679314707064,1679314707077
1679314707238,1679314707250
1679314707229,1679314707271
1679314707353,1679314707364
1679314707321,1679314707380
1679314707433,1679314707503
1679314707493,1679314707606
1679314707734,1679314707739
1679314707789,1679314707805
1679314707725,1679314707817
1679314707782,1679314707823
1679314707839,1679314707844
1679314707864,1679314707919
1679314707869,1679314707999
1679314707995,1679314708006
1679314707835,1679314708016
1679314708052,1679314708149
1679314708179,1679314708209
1679314708413,1679314708501
1679314708574,1679314708579
1679314708646,1679314708670
1679314708755,1679314708791
1679314708814,1679314708826
1679314708799,1679314708831
1679314708808,1679314708844
1679314708792,1679314708854
1679314708749,1679314708860
1679314708851,1679314708878
1679314708961,1679314708965
1679314709079,1679314709100
1679314709043,1679314709107
1679314709097,1679314709117
1679314709288,1679314709323
1679314709348,1679314709354
1679314709338,1679314709376
1679314709426,1679314709475
1679314709389,1679314709485
1679314709538,1679314709608
1679314709821,1679314709824
1679314709944,1679314710095
1679314710121,1679314710132
1679314710217,1679314710240
1679314710191,1679314710309
1679314710316,1679314710346
1679314710261,1679314710413
1679314710415,1679314710469
1679314710435,1679314710474
1679314710443,1679314710488
1679314710504,1679314710548
1679314710565,1679314710601
1679314710605,1679314710650
1679314710708,1679314710753
1679314710783,1679314710818
1679314710834,1679314710840
1679314710934,1679314710941
1679314710933,1679314710971
1679314710966,1679314710976
1679314711123,1679314711182
1679314711183,1679314711271
1679314711513,1679314711531
1679314711553,1679314711573
1679314711573,1679314711604
1679314711686,1679314711733
1679314711756,1679314711774
1679314711785,1679314711812
1679314711836,1679314711861
1679314711978,1679314712032
1679314712141,1679314712151
1679314712031,1679314712151
1679314712215,1679314712228
1679314712197,1679314712295
1679314712209,1679314712301
1679314712335,1679314712371
1679314712298,1679314712401
1679314712458,1679314712582
1679314712552,1679314712642
1679314712526,1679314712642
1679314712662,1679314712708
1679314712787,1679314712796
1679314712827,1679314712850
1679314712822,1679314712901
1679314712938,1679314712962
1679314712991,1679314713006
1679314712980,1679314713021
1679314713188,1679314713277
1679314713200,1679314713310
1679314713372,1679314713427
1679314713575,1679314713631
1679314713617,1679314713631
1679314713582,1679314713670
1679314713723,1679314713741
1679314713697,1679314713825
1679314713807,1679314713853
1679314713802,1679314713862
1679314713870,1679314713876
1679314713795,1679314713881
1679314713909,1679314713966
1679314713996,1679314714000
1679314714059,1679314714065
1679314713991,1679314714069
1679314714218,1679314714232
1679314714265,1679314714296
1679314714302,1679314714351
1679314714263,1679314714403
1679314714593,1679314714669
1679314714668,1679314714713
1679314714737,1679314714805
1679314714954,1679314714968
1679314714983,1679314714989
1679314714885,1679314715000
1679314714892,1679314715023
1679314715020,1679314715107
1679314715106,1679314715121
1679314715034,1679314715125
1679314715137,1679314715146
1679314715262,1679314715279
1679314715417,1679314715423
1679314715294,1679314715460
1679314715336,1679314715463
1679314715433,1679314715552
1679314715575,1679314715659
1679314715816,1679314715925
1679314715878,1679314715968
1679314715890,1679314715972
1679314716028,1679314716031
1679314715982,1679314716105
1679314716119,1679314716176
1679314716287,1679314716294
1679314716385,1679314716394
1679314716430,1679314716439
1679314716385,1679314716450
1679314716495,1679314716575
1679314716571,1679314716576
1679314716580,1679314716602
1679314716575,1679314716620
1679314716641,1679314716651
1679314716661,1679314716777
1679314716976,1679314717003
1679314716997,1679314717023
1679314717153,1679314717185
1679314717177,1679314717189
1679314717114,1679314717204
1679314717198,1679314717206
1679314717282,1679314717408
1679314717505,1679314717511
1679314717411,1679314717522
1679314717531,1679314717540
1679314717468,1679314717550
1679314717528,1679314717562
1679314717629,1679314717700
1679314717694,1679314717710
1679314717657,1679314717784
1679314717841,1679314717900
1679314717890,1679314717954
1679314717874,1679314717977
1679314717912,1679314718066
1679314717979,1679314718084
1679314718184,1679314718209
1679314718285,1679314718314
1679314718389,1679314718399
1679314718389,1679314718482
1679314718737,1679314718755
1679314718825,1679314718875
1679314718981,1679314718997
1679314718873,1679314718999
1679314718998,1679314719047
1679314719080,1679314719101
1679314719110,1679314719117
1679314719205,1679314719231
1679314719201,1679314719245
1679314719022,1679314719265
1679314719489,1679314719496
1679314719515,1679314719583
1679314719585,1679314719607
1679314719455,1679314719616
1679314719546,1679314719616
1679314719714,1679314719719
1679314719750,1679314719789
1679314719780,1679314719808
1679314719902,1679314719922
1679314719881,1679314719925
1679314719934,1679314719939
1679314719933,1679314719951
1679314720144,1679314720167
1679314720466,1679314720486
1679314720545,1679314720557
1679314720627,1679314720645
1679314720583,1679314720673
1679314720638,1679314720697
1679314720696,1679314720771
1679314720755,1679314720796
1679314720850,1679314720939
1679314720955,1679314720971
1679314720921,1679314721009
1679314720869,1679314721020
1679314721033,1679314721074
1679314721066,1679314721084
1679314721326,1679314721352
1679314721361,1679314721375
1679314721543,1679314721618
1679314721516,1679314721649
1679314721577,1679314721679
1679314721689,1679314721741
1679314721764,1679314721768
1679314721713,1679314721783
1679314721806,1679314721880
1679314721884,1679314721927
1679314721935,1679314721945
1679314721878,1679314721956
1679314721945,1679314721962
1679314721940,1679314721993
1679314722124,1679314722175
1679314722251,1679314722343
1679314722392,1679314722412
1679314722378,1679314722425
1679314722389,1679314722507
1679314722554,1679314722567
1679314722614,1679314722674
1679314722673,1679314722736
1679314722638,1679314722768
1679314722850,1679314722925
1679314722962,1679314722989
1679314723076,1679314723137
1679314723134,1679314723144
1679314723186,1679314723192
1679314723082,1679314723262
1679314723184,1679314723296
1679314723199,1679314723300
1679314723254,1679314723355
1679314723296,1679314723419
1679314723415,1679314723435
1679314723457,1679314723490
1679314723544,1679314723552
1679314723765,1679314723771
1679314723833,1679314723865
1679314723914,1679314723918
1679314723733,1679314723926
1679314723983,1679314724005
1679314723990,1679314724007
1679314724001,1679314724026
1679314724029,1679314724046
1679314724133,1679314724177
1679314724332,1679314724341
1679314724344,1679314724362
1679314724421,1679314724426
1679314724520,1679314724528
1679314724572,1679314724590
1679314724560,1679314724605
1679314724615,1679314724648
1679314724714,1679314724747
1679314724887,1679314724898
1679314724978,1679314724984
1679314724916,1679314725007
1679314725025,1679314725108
1679314725073,1679314725112
1679314725144,1679314725149
1679314725087,1679314725178
1679314725191,1679314725217
1679314725307,1679314725349
1679314725415,1679314725550
1679314725474,1679314725551
1679314725466,1679314725615
1679314725612,1679314725631
1679314725772,1679314725827
1679314725978,1679314726014
1679314726028,1679314726034
1679314726014,1679314726038
1679314725945,1679314726054
1679314726095,1679314726104
1679314726002,1679314726112
1679314726028,1679314726125
1679314726261,1679314726302
1679314726326,1679314726336
1679314726312,1679314726341
1679314726451,1679314726477
1679314726326,1679314726502
1679314726491,1679314726537
1679314726542,1679314726590
1679314726478,1679314726608
1679314726836,1679314726889
1679314726871,1679314726928
1679314726995,1679314727003
1679314727069,1679314727076
1679314727380,1679314727406
1679314727450,1679314727459
1679314727464,1679314727469
1679314727503,1679314727507
1679314727473,1679314727561
1679314727542,1679314727561
1679314727665,1679314727714
1679314727697,1679314727736
1679314727778,1679314727832
1679314727812,1679314727839
1679314727878,1679314727892
1679314727870,1679314727894
1679314727881,1679314727899
1679314727933,1679314727964
1679314728039,1679314728046
1679314728050,1679314728075
1679314728054,1679314728092
1679314728107,1679314728147
1679314728161,1679314728188
1679314728223,1679314728324
1679314728186,1679314728339
1679314728446,1679314728474
1679314728767,1679314728837
1679314728673,1679314728937
1679314728908,1679314728971
1679314728976,1679314728985
1679314728979,1679314729016
1679314728973,1679314729066
1679314729033,1679314729076
1679314729077,1679314729083
1679314729023,1679314729101
1679314728872,1679314729166
1679314729221,1679314729231
1679314729283,1679314729361
1679314729348,1679314729385
1679314729345,1679314729386
1679314729447,1679314729530
1679314729512,1679314729537
1679314729494,1679314729583
1679314729579,1679314729642
1679314729911,1679314729919
1679314730017,1679314730025
1679314730017,1679314730050
1679314730024,1679314730100
1679314730121,1679314730131
1679314730333,1679314730337
1679314730365,1679314730403
1679314730400,1679314730422
1679314730222,1679314730518
1679314730525,1679314730573
1679314730488,1679314730581
1679314730561,1679314730626
1679314730809,1679314730900
1679314731021,1679314731095
1679314731106,1679314731128
1679314731055,1679314731145
1679314731100,1679314731163
1679314731107,1679314731234
1679314731191,1679314731244
1679314731347,1679314731354
1679314731307,1679314731395
1679314731421,1679314731439
1679314731471,1679314731475
1679314731397,1679314731507
1679314731596,1679314731629
1679314731688,1679314731716
1679314731678,1679314731759
1679314731976,1679314731978
1679314732121,1679314732128
1679314732123,1679314732214
1679314732202,1679314732218
1679314732078,1679314732248
1679314732288,1679314732301
1679314732299,1679314732321
1679314732466,1679314732485
1679314732481,1679314732512
1679314732460,1679314732523
1679314732429,1679314732596
1679314732717,1679314732728
1679314732692,1679314732752
1679314732931,1679314732997
1679314732943,1679314733011
1679314732946,1679314733024
1679314733104,1679314733109
1679314733168,1679314733196
1679314733175,1679314733211
1679314733258,1679314733277
1679314733276,1679314733334
1679314733349,1679314733376
1679314733470,1679314733506
1679314733524,1679314733530
1679314733662,1679314733687
1679314733698,1679314733702
1679314733753,1679314733861
1679314733799,1679314733970
1679314734112,1679314734121
1679314734084,1679314734124
1679314734146,1679314734164
1679314734141,1679314734182
1679314734151,1679314734184
1679314734156,1679314734186
1679314734196,1679314734207
1679314734158,1679314734235
1679314734213,1679314734282
1679314734258,1679314734334
1679314734210,1679314734378
1679314734498,1679314734583
1679314734531,1679314734605
1679314734527,1679314734636
1679314734588,1679314734660
1679314734649,1679314734719
1679314734711,1679314734788
1679314734793,1679314734797
1679314735150,1679314735164
1679314735114,1679314735198
1679314735182,1679314735247
1679314735226,1679314735281
1679314735349,1679314735385
1679314735420,1679314735450
1679314735579,1679314735614
1679314735664,1679314735704
1679314735693,1679314735711
1679314735878,1679314735894
1679314735867,1679314735925
1679314735539,1679314735943
1679314735968,1679314736046
1679314736059,1679314736109
1679314736118,1679314736144
1679314736121,1679314736168
1679314736338,1679314736362
1679314736206,1679314736432
1679314736385,1679314736455
1679314736389,1679314736495
1679314736480,1679314736522
1679314736636,1679314736648
1679314736664,1679314736677
1679314736613,1679314736705
1679314736744,1679314736752
1679314736752,1679314736882
1679314736972,1679314736989
1679314736955,1679314737002
1679314737002,1679314737095
1679314737121,1679314737126
1679314737003,1679314737134
1679314737270,1679314737292
1679314737269,1679314737305
1679314737286,1679314737306
1679314737395,1679314737589
1679314737643,1679314737648
1679314737635,1679314737763
1679314737758,1679314737785
1679314737755,1679314737816
1679314737892,1679314737931
1679314737911,1679314738039
1679314737944,1679314738063
1679314738081,1679314738101
1679314738079,1679314738127
1679314737970,1679314738155
1679314738199,1679314738203
1679314738151,1679314738207
1679314738124,1679314738236
1679314738227,1679314738305
1679314738235,1679314738306
1679314738377,1679314738489
1679314738404,1679314738522
1679314738498,1679314738597
1679314738848,1679314738871
1679314738970,1679314739000
1679314739065,1679314739125
1679314739132,1679314739147
1679314739270,1679314739310
1679314739272,1679314739332
1679314739317,1679314739343
1679314739349,1679314739359
1679314739374,1679314739413
1679314739407,1679314739417
1679314739454,1679314739501
1679314739475,1679314739519
1679314739510,1679314739527
1679314739672,1679314739695
1679314739678,1679314739851
1679314739802,1679314739876
1679314739887,1679314740013
1679314740081,1679314740085
1679314740172,1679314740251
1679314740281,1679314740309
1679314740246,1679314740335
1679314740257,1679314740355
1679314740427,1679314740454
1679314740258,1679314740482
1679314740473,1679314740508
1679314740485,1679314740516
1679314740445,1679314740547
1679314740657,1679314740691
1679314740711,1679314740735
1679314740862,1679314740878
1679314740999,1679314741092
1679314741166,1679314741174
1679314741205,1679314741251
1679314741230,1679314741276
1679314741249,1679314741293
1679314741311,1679314741318
1679314741332,1679314741354
1679314741377,1679314741428
1679314741421,1679314741433
1679314741430,1679314741483
1679314741640,1679314741739
1679314741766,1679314741781
1679314741665,1679314741792
1679314741840,1679314741852
1679314741817,1679314741881
1679314742048,1679314742124
1679314742106,1679314742126
1679314742201,1679314742214
1679314742291,1679314742297
1679314742316,1679314742324
1679314742304,1679314742342
1679314742307,1679314742398
1679314742595,1679314742636
1679314742595,1679314742640
1679314742628,1679314742680
1679314742772,1679314742793
1679314742810,1679314742841
1679314742883,1679314742926
1679314742882,1679314742939
1679314742958,1679314743011
1679314743003,1679314743021
1679314743078,1679314743118
1679314743223,1679314743247
1679314743188,1679314743250
1679314743073,1679314743254
1679314743249,1679314743353
1679314743348,1679314743411
1679314743319,1679314743413
1679314743629,1679314743647
1679314743435,1679314743703
1679314743682,1679314743715
1679314743995,1679314744009
1679314744062,1679314744135
1679314744141,1679314744169
1679314744293,1679314744369
1679314744296,1679314744381
1679314744323,1679314744416
1679314744449,1679314744461
1679314744454,1679314744462
1679314744249,1679314744475
1679314744502,1679314744540
1679314744598,1679314744627
1679314744655,1679314744708
1679314744698,1679314744756
1679314744917,1679314744953
1679314744894,1679314745009
1679314745068,1679314745076
1679314745028,1679314745117
1679314745198,1679314745234
1679314745148,1679314745264
1679314745276,1679314745279
1679314745251,1679314745290
1679314745362,1679314745370
1679314745358,1679314745410
1679314745372,1679314745465
1679314745538,1679314745567
1679314745530,1679314745595
1679314745673,1679314745686
1679314745714,1679314745725
1679314745755,1679314745802
1679314745789,1679314745814
1679314745864,1679314745891
1679314745920,1679314745927
1679314745951,1679314745993
1679314745991,1679314746084
1679314746197,1679314746228
1679314746272,1679314746306
1679314746312,1679314746353
1679314746319,1679314746379
1679314746388,1679314746439
1679314746462,1679314746494
1679314746499,1679314746518
1679314746541,1679314746558
1679314746549,1679314746648
1679314746763,1679314746892
1679314746955,1679314747062
1679314747065,1679314747116
1679314747107,1679314747138
1679314747040,1679314747140
1679314747151,1679314747162
1679314747362,1679314747385
1679314747426,1679314747434
1679314747420,1679314747436
1679314747442,1679314747490
1679314747473,1679314747558
1679314747549,1679314747560
1679314747672,1679314747688
1679314747714,1679314747737
1679314747826,1679314747842
1679314747816,1679314747866
1679314747788,1679314747892
1679314747904,1679314747909
1679314747996,1679314748006
1679314748244,1679314748250
1679314748312,1679314748329
1679314748362,1679314748367
1679314748429,1679314748470
1679314748445,1679314748492
1679314748603,1679314748626
1679314748641,1679314748651
1679314748599,1679314748689
1679314748665,1679314748695
1679314748688,1679314748778
1679314748834,1679314748872
1679314748900,1679314748927
1679314748938,1679314749023
1679314749045,1679314749054
1679314749053,1679314749099
1679314749132,1679314749161
1679314749135,1679314749232
1679314749253,1679314749289
1679314749387,1679314749442
1679314749459,1679314749471
1679314749467,1679314749503
1679314749486,1679314749596
1679314749590,1679314749667
1679314749678,1679314749701
1679314749997,1679314750108
1679314749871,1679314750146
1679314750159,1679314750176
1679314750185,1679314750193
1679314750151,1679314750248
1679314750074,1679314750273
1679314750112,1679314750276
1679314750507,1679314750611
1679314750640,1679314750645
1679314750531,1679314750649
1679314750640,1679314750660
1679314750651,1679314750669
1679314750699,1679314750711
1679314750878,1679314750898
1679314750898,1679314750928
1679314751109,1679314751164
1679314751259,1679314751277
1679314751221,1679314751290
1679314751375,1679314751386
1679314751364,1679314751386
1679314751468,1679314751476
1679314751478,1679314751489
1679314751539,1679314751565
1679314751611,1679314751628
1679314751600,1679314751629
1679314751589,1679314751664
1679314751661,1679314751697
1679314751766,1679314751783
1679314751773,1679314751932
1679314751944,1679314751979
1679314751930,1679314751987
1679314752089,1679314752127
1679314752186,1679314752242
1679314752306,1679314752324
1679314752407,1679314752459
1679314752453,1679314752460
1679314752687,1679314752695
1679314752686,1679314752728
1679314752769,1679314752818
1679314752917,1679314752930
1679314752887,1679314752983
1679314753067,1679314753085
1679314753036,1679314753110
1679314753131,1679314753149
1679314753192,1679314753222
1679314753200,1679314753225
1679314753199,1679314753230
1679314753211,1679314753254
1679314753299,1679314753428
1679314753511,1679314753539
1679314753539,1679314753541
1679314753528,1679314753551
1679314753544,1679314753561
1679314753545,1679314753596
1679314753526,1679314753611
1679314753639,1679314753675
1679314753747,1679314753754
1679314753909,1679314753970
1679314753949,1679314753974
1679314754101,1679314754160
1679314754152,1679314754162
1679314754132,1679314754231
1679314754266,1679314754271
1679314754335,1679314754343
1679314754344,1679314754348
1679314754457,1679314754530
1679314754532,1679314754536
1679314754584,1679314754605
1679314754678,1679314754697
1679314754799,1679314754832
1679314754832,1679314754946
1679314755004,1679314755012
1679314755002,1679314755110
1679314755115,1679314755157
1679314755123,1679314755171
1679314755149,1679314755172
1679314755079,1679314755228
1679314755226,1679314755254
1679314755373,1679314755406
1679314755440,1679314755469
1679314755435,1679314755484
1679314755572,1679314755578
1679314755563,1679314755602
1679314755499,1679314755662
1679314755634,1679314755730
1679314755814,1679314755901
1679314755886,1679314755960
1679314755949,1679314755979
1679314756089,1679314756107
1679314756166,1679314756195
1679314756320,1679314756340
1679314756328,1679314756361
1679314756345,1679314756465
1679314756616,1679314756629
1679314756635,1679314756719
1679314756705,1679314756721
1679314756694,1679314756783
1679314756775,1679314756807
1679314756756,1679314756855
1679314756868,1679314756898
1679314756854,1679314756908
1679314756930,1679314756975
1679314756865,1679314756991
1679314756975,1679314757078
1679314757088,1679314757116
1679314757083,1679314757152
1679314757132,1679314757153
1679314756986,1679314757257
1679314757555,1679314757562
1679314757625,1679314757655
1679314757493,1679314757682
1679314757717,1679314757743
1679314757839,1679314757843
1679314757932,1679314757944
1679314757952,1679314757961
1679314757927,1679314757966
1679314757993,1679314758005
1679314757983,1679314758036
1679314758044,1679314758056
1679314758050,1679314758074
1679314757913,1679314758174
1679314758289,1679314758391
1679314758331,1679314758467
1679314758479,1679314758540
1679314758560,1679314758580
1679314758609,1679314758612
1679314758467,1679314758624
1679314758639,1679314758750
1679314758769,1679314758807
1679314758944,1679314758989
1679314759090,1679314759130
1679314759154,1679314759158
1679314759130,1679314759172
1679314759253,1679314759264
1679314759192,1679314759268
1679314759310,1679314759341
1679314759536,1679314759561
1679314759565,1679314759583
1679314759596,1679314759599
1679314759735,1679314759750
1679314759766,1679314759771
1679314759768,1679314759813
1679314759801,1679314759817
1679314759862,1679314759961
1679314760031,1679314760050
1679314760042,1679314760075
1679314760119,1679314760142
1679314760114,1679314760261
1679314760361,1679314760408
1679314760377,1679314760453
1679314760482,1679314760491
1679314760421,1679314760565
1679314760583,1679314760683
1679314760677,1679314760711
1679314760719,1679314760749
1679314760838,1679314760851
1679314760816,1679314760862
1679314760863,1679314760875
1679314760823,1679314760879
1679314760900,1679314760914
1679314760922,1679314761011
1679314760955,1679314761028
1679314761256,1679314761279
1679314761178,1679314761304
1679314761429,1679314761443
1679314761427,1679314761445
1679314761409,1679314761446
1679314761469,1679314761498
1679314761556,1679314761563
1679314761609,1679314761648
1679314761754,1679314761862
1679314761978,1679314762038
1679314762241,1679314762303
1679314762323,1679314762347
1679314762230,1679314762363
1679314762251,1679314762444
1679314762438,1679314762446
1679314762444,1679314762478
1679314762413,1679314762480
1679314762529,1679314762575
1679314762640,1679314762646
1679314762654,1679314762659
1679314762668,1679314762669
1679314762650,1679314762680
1679314762671,1679314762703
1679314762657,1679314762704
1679314762648,1679314762731
1679314762655,1679314762786
1679314762778,1679314762800
1679314762765,1679314762824
1679314762944,1679314762954
1679314762957,1679314762962
1679314762961,1679314762966
1679314762986,1679314763010
1679314763097,1679314763123
1679314763112,1679314763141
1679314763439,1679314763449
1679314763515,1679314763556
1679314763380,1679314763565
1679314763493,1679314763579
1679314763690,1679314763716
1679314763698,1679314763723
1679314763712,1679314763727
1679314763695,1679314763746
1679314763728,1679314763751
1679314763712,1679314763765
1679314763716,1679314763849
1679314763838,1679314763862
1679314763819,1679314763880
1679314763918,1679314763931
1679314763905,1679314763950
1679314764026,1679314764034
1679314764054,1679314764058
1679314763973,1679314764061
1679314764121,1679314764135
1679314764130,1679314764150
1679314764109,1679314764194
1679314764270,1679314764279
1679314764280,1679314764292
1679314764367,1679314764376
1679314764437,1679314764442
1679314764533,1679314764545
1679314764552,1679314764563
1679314764581,1679314764609
1679314764609,1679314764704
1679314764778,1679314764782
1679314764837,1679314764869
1679314764862,1679314764897
1679314764850,1679314764977
1679314764967,1679314765001
1679314764945,1679314765016
1679314764988,1679314765020
1679314765088,1679314765151
1679314765178,1679314765199
1679314765133,1679314765204
1679314765173,1679314765212
1679314765352,1679314765429
1679314765452,1679314765462
1679314765544,1679314765565
1679314765450,1679314765594
1679314765580,1679314765609
1679314765574,1679314765624
1679314765637,1679314765654
1679314765652,1679314765669
1679314765706,1679314765716
1679314765709,1679314765749
1679314765796,1679314765798
1679314765791,1679314765815
1679314765810,1679314765834
1679314765852,1679314765872
1679314766000,1679314766022
1679314766025,1679314766047
1679314766057,1679314766070
1679314766114,1679314766117
1679314766078,1679314766137
1679314766101,1679314766169
1679314766205,1679314766223
1679314766172,1679314766223
1679314766185,1679314766260
1679314766208,1679314766279
1679314766127,1679314766284
1679314766251,1679314766312
1679314766332,1679314766354
1679314766382,1679314766453
1679314766410,1679314766492
1679314766526,1679314766545
1679314766596,1679314766605
1679314766608,1679314766613
1679314766732,1679314766786
1679314766811,1679314766838
1679314766889,1679314766954
1679314766875,1679314766960
1679314766864,1679314766986
1679314766933,1679314766999
1679314767067,1679314767092
1679314766963,1679314767102
1679314766975,1679314767103
1679314767131,1679314767144
1679314767280,1679314767303
1679314767343,1679314767399
1679314767398,1679314767412
1679314767396,1679314767414
1679314767398,1679314767475
1679314767489,1679314767545
1679314767485,1679314767590
1679314767605,1679314767651
1679314767631,1679314767652
1679314767615,1679314767653
1679314767652,1679314767697
1679314767649,1679314767698
1679314767600,1679314767726
1679314767503,1679314767737
1679314767704,1679314767748
1679314767746,1679314767781
1679314767772,1679314767857
1679314767761,1679314767879
1679314767788,1679314767903
1679314767757,1679314767941
1679314767770,1679314767948
1679314767779,1679314767980
1679314767974,1679314768001
1679314767870,1679314768008
1679314767807,1679314768013
1679314767963,1679314768015
1679314768102,1679314768114
1679314768037,1679314768150
1679314768178,1679314768188
1679314768155,1679314768219
1679314768150,1679314768236
1679314768146,1679314768264
1679314768269,1679314768314
1679314768358,1679314768427
1679314768470,1679314768517
1679314768559,1679314768564
1679314768556,1679314768574
1679314768583,1679314768594
1679314768622,1679314768634
1679314768688,1679314768711
1679314768712,1679314768719
1679314768699,1679314768721
1679314768773,1679314768781
1679314768801,1679314768833
1679314768798,1679314768852
1679314768819,1679314768901
1679314768911,1679314768916
1679314768890,1679314768929
1679314768808,1679314768937
1679314768811,1679314768956
1679314768834,1679314768969
1679314768972,1679314769010
1679314768825,1679314769028
1679314768923,1679314769029
1679314768816,1679314769044
1679314768761,1679314769116
1679314769142,1679314769179
1679314769180,1679314769234
1679314769168,1679314769251
1679314769258,1679314769271
1679314769239,1679314769318
1679314769269,1679314769324
1679314769316,1679314769337
1679314769312,1679314769351
1679314769364,1679314769384
1679314769316,1679314769387
1679314769353,1679314769391
1679314769389,1679314769396
1679314769429,1679314769440
1679314769466,1679314769471
1679314769480,1679314769510
1679314769465,1679314769514
1679314769504,1679314769532
1679314769622,1679314769680
1679314769764,1679314769773
1679314769765,1679314769811
1679314769762,1679314769837
1679314769815,1679314769890
1679314769820,1679314769913
1679314769856,1679314769917
1679314769937,1679314769947
1679314769960,1679314769971
1679314769969,1679314769974
1679314769967,1679314769979
1679314770036,1679314770046
1679314770052,1679314770062
1679314770058,1679314770117
1679314770129,1679314770156
1679314770167,1679314770226
1679314770318,1679314770355
1679314770365,1679314770369
1679314770198,1679314770369
1679314770441,1679314770447
1679314770444,1679314770479
1679314770437,1679314770486
1679314770441,1679314770518
1679314770473,1679314770583
1679314770533,1679314770584
1679314770516,1679314770590
1679314770501,1679314770689
1679314770685,1679314770696
1679314770710,1679314770718
1679314770700,1679314770725
1679314770716,1679314770802
1679314770736,1679314770838
1679314770847,1679314770854
1679314770733,1679314770869
1679314770800,1679314770881
1679314770838,1679314770887
1679314770907,1679314770954
1679314770919,1679314770961
1679314770913,1679314770979
1679314770984,1679314770998
1679314770734,1679314771009
1679314770938,1679314771046
1679314771037,1679314771069
1679314771026,1679314771073
1679314771048,1679314771089
1679314771092,1679314771104
1679314771088,1679314771105
1679314771210,1679314771237
1679314771215,1679314771263
1679314771240,1679314771282
1679314771181,1679314771307
1679314771267,1679314771311
1679314771360,1679314771421
1679314771424,1679314771438
1679314771399,1679314771444
1679314771420,1679314771458
1679314771452,1679314771474
1679314771460,1679314771507
1679314771448,1679314771517
1679314771508,1679314771564
1679314771568,1679314771711
1679314771710,1679314771725
1679314771727,1679314771753
1679314771717,1679314771791
1679314771918,1679314771959
1679314771877,1679314771978
1679314771867,1679314771983
1679314772043,1679314772083
1679314772084,1679314772117
1679314772120,1679314772123
1679314772161,1679314772165
1679314772173,1679314772210
1679314772216,1679314772224
1679314772311,1679314772354
1679314772324,1679314772370
1679314772473,1679314772575
1679314772557,1679314772581
1679314772508,1679314772607
1679314772675,1679314772711
1679314772726,1679314772731
1679314772703,1679314772747
1679314772711,1679314772753
1679314772646,1679314772766
1679314772825,1679314772912
1679314772890,1679314772924
1679314772921,1679314772953
1679314772762,1679314772959
1679314772955,1679314772968
1679314772934,1679314773006
1679314772876,1679314773035
1679314773008,1679314773056
1679314773019,1679314773096
1679314773013,1679314773126
1679314773099,1679314773145
1679314773056,1679314773148
1679314772949,1679314773178
1679314773171,1679314773195
1679314773081,1679314773200
1679314772975,1679314773203
1679314773236,1679314773243
1679314773104,1679314773280
1679314773000,1679314773286
1679314773002,1679314773311
1679314772936,1679314773322
1679314772911,1679314773324
1679314773005,1679314773369
1679314773370,1679314773389
1679314773355,1679314773421
1679314773524,1679314773572
1679314773476,1679314773587
1679314773603,1679314773625
1679314773437,1679314773628
1679314773622,1679314773649
1679314773604,1679314773650
1679314773659,1679314773662
1679314773659,1679314773758
1679314773771,1679314773777
1679314773725,1679314773790
1679314773813,1679314773839
1679314773883,1679314773917
1679314773931,1679314773949
1679314773938,1679314773958
1679314774074,1679314774098
1679314774073,1679314774112
1679314774061,1679314774118
1679314774166,1679314774172
1679314774234,1679314774294
1679314774330,1679314774369
1679314774294,1679314774381
1679314774390,1679314774404
1679314774380,1679314774408
1679314774441,1679314774457
1679314774441,1679314774467
1679314774300,1679314774489
1679314774484,1679314774513
1679314774613,1679314774634
1679314774613,1679314774643
1679314774737,1679314774752
1679314774734,1679314774770
1679314774796,1679314774803
1679314774807,1679314774811
1679314774796,1679314774866
1679314774855,1679314774884
1679314774811,1679314774894
1679314774948,1679314774974
1679314774954,1679314774983
1679314775035,1679314775048
1679314775039,1679314775091
1679314775073,1679314775118
1679314775082,1679314775119
1679314775064,1679314775129
1679314775088,1679314775148
1679314775095,1679314775152
1679314775053,1679314775155
1679314775111,1679314775171
1679314775140,1679314775171
1679314775071,1679314775206
1679314775160,1679314775265
1679314775092,1679314775317
1679314775197,1679314775335
1679314775066,1679314775335
1679314775329,1679314775355
1679314775365,1679314775379
1679314775395,1679314775420
1679314775481,1679314775498
1679314775541,1679314775547
1679314775481,1679314775562
1679314775563,1679314775621
1679314775621,1679314775679
1679314775663,1679314775681
1679314775656,1679314775691
1679314775707,1679314775716
1679314775705,1679314775722
1679314775524,1679314775738
1679314775767,1679314775796
1679314775812,1679314775832
1679314775829,1679314775919
1679314775921,1679314775942
1679314775926,1679314775973
1679314775942,1679314775998
1679314775923,1679314776044
1679314776054,1679314776061
1679314776028,1679314776084
1679314775999,1679314776087
1679314776096,1679314776120
1679314776106,1679314776124
1679314776151,1679314776203
1679314776164,1679314776203
1679314776181,1679314776276
1679314776228,1679314776276
1679314776266,1679314776282
1679314776299,1679314776320
1679314776402,1679314776416
1679314776365,1679314776480
1679314776538,1679314776573
1679314776548,1679314776596
1679314776615,1679314776628
1679314776599,1679314776629
1679314776641,1679314776670
1679314776664,1679314776697
1679314776697,1679314776707
1679314776851,1679314776887
1679314776839,1679314776897
1679314776886,1679314776911
1679314776695,1679314776935
1679314776887,1679314776942
1679314776848,1679314776988
1679314776866,1679314776988
1679314776956,1679314776999
1679314776864,1679314777000
1679314776891,1679314777023
1679314776945,1679314777067
1679314777057,1679314777121
1679314777038,1679314777146
1679314777136,1679314777181
1679314777235,1679314777256
1679314777259,1679314777300
1679314777305,1679314777316
1679314777287,1679314777396
1679314777435,1679314777469
1679314777449,1679314777469
1679314777488,1679314777509
1679314777452,1679314777555
1679314777553,1679314777635
1679314777703,1679314777734
1679314777720,1679314777755
1679314777758,1679314777766
1679314777753,1679314777769
1679314777768,1679314777775
1679314777681,1679314777791
1679314777784,1679314777804
1679314777855,1679314777870
1679314777851,1679314777923
1679314777836,1679314777964
1679314777949,1679314777976
1679314777964,1679314778025
1679314778041,1679314778045
1679314778044,1679314778052
1679314778190,1679314778214
1679314778177,1679314778222
1679314778211,1679314778286
1679314778427,1679314778435
1679314778386,1679314778458
1679314778457,1679314778477
1679314778524,1679314778538
1679314778359,1679314778543
1679314778523,1679314778552
1679314778301,1679314778555
1679314778603,1679314778643
1679314778356,1679314778651
1679314778750,1679314778782
1679314778788,1679314778895
1679314778801,1679314778909
1679314778908,1679314778965
1679314778996,1679314779014
1679314779009,1679314779035
1679314779043,1679314779054
1679314779064,1679314779081
1679314779107,1679314779119
1679314779119,1679314779156
1679314779165,1679314779175
1679314779158,1679314779181
1679314779147,1679314779193
1679314779167,1679314779222
1679314779235,1679314779263
1679314779240,1679314779295
1679314779286,1679314779331
1679314779293,1679314779344
1679314779371,1679314779388
1679314779374,1679314779401
1679314779412,1679314779419
1679314779404,1679314779421
1679314779450,1679314779481
1679314779436,1679314779549
1679314779537,1679314779571
1679314779549,1679314779575
1679314779564,1679314779589
1679314779567,1679314779619
1679314779615,1679314779633
1679314779565,1679314779637
1679314779628,1679314779661
1679314779685,1679314779746
1679314779803,1679314779828
1679314779760,1679314779836
1679314779837,1679314779848
1679314779857,1679314779877
1679314779721,1679314779892
1679314779915,1679314779922
1679314779723,1679314780049
1679314780187,1679314780204
1679314780202,1679314780255
1679314780190,1679314780281
1679314780270,1679314780313
1679314780199,1679314780317
1679314780227,1679314780317
1679314780218,1679314780335
1679314780254,1679314780347
1679314780208,1679314780375
1679314780381,1679314780388
1679314780207,1679314780392
1679314780322,1679314780425
1679314780280,1679314780427
1679314780236,1679314780429
1679314780458,1679314780468
1679314780495,1679314780509
1679314780502,1679314780535
1679314780423,1679314780582
1679314780570,1679314780586
1679314780612,1679314780673
1679314780604,1679314780705
1679314780655,1679314780711
1679314780659,1679314780733
1679314780791,1679314780798
1679314780706,1679314780815
1679314780687,1679314780817
1679314780698,1679314780840
1679314780665,1679314780846
1679314780843,1679314780866
1679314780890,1679314780913
1679314780902,1679314780917
1679314780949,1679314780959
1679314780691,1679314780967
1679314780966,1679314781001
1679314780975,1679314781028
1679314780943,1679314781065
1679314781033,1679314781088
1679314780966,1679314781096
1679314781088,1679314781101
1679314781093,1679314781107
1679314781145,1679314781148
1679314781208,1679314781253
1679314781291,1679314781298
1679314781322,1679314781329
1679314781281,1679314781335
1679314781359,1679314781414
1679314781481,1679314781494
1679314781503,1679314781633
1679314781581,1679314781635
1679314781570,1679314781637
1679314781633,1679314781664
1679314781653,1679314781668
1679314781737,1679314781761
1679314781749,1679314781818
1679314781851,1679314781871
1679314781900,1679314781921
1679314781993,1679314781996
1679314782034,1679314782074
1679314782100,1679314782121
1679314782028,1679314782123
1679314782041,1679314782125
1679314782095,1679314782152
1679314782161,1679314782208
1679314782204,1679314782210
1679314782240,1679314782301
1679314782315,1679314782323
1679314782335,1679314782345
1679314782347,1679314782360
1679314782486,1679314782525
1679314782452,1679314782535
1679314782559,1679314782583
1679314782438,1679314782586
1679314782644,1679314782699
1679314782669,1679314782702
1679314782624,1679314782751
1679314782784,1679314782789
1679314782784,1679314782790
1679314782753,1679314782849
1679314782947,1679314782971
1679314782833,1679314783004
1679314783003,1679314783008
1679314783046,1679314783052
1679314783056,1679314783081
1679314783101,1679314783175
1679314783012,1679314783189
1679314783198,1679314783228
1679314783074,1679314783231
1679314783148,1679314783232
1679314783151,1679314783241
1679314783266,1679314783322
1679314783257,1679314783329
1679314783261,1679314783332
1679314783318,1679314783347
1679314783296,1679314783371
1679314783384,1679314783387
1679314783372,1679314783395
1679314783416,1679314783428
1679314783525,1679314783540
1679314783377,1679314783550
1679314783472,1679314783604
1679314783467,1679314783606
1679314783538,1679314783636
1679314783444,1679314783654
1679314783459,1679314783672
1679314783479,1679314783705
1679314783710,1679314783722
1679314783750,1679314783892
1679314783773,1679314783921
1679314783991,1679314784028
1679314784027,1679314784031
1679314784019,1679314784071
1679314783981,1679314784144
1679314784131,1679314784163
1679314784156,1679314784223
1679314784189,1679314784225
1679314784173,1679314784240
1679314784239,1679314784270
1679314784218,1679314784300
1679314784232,1679314784325
1679314784333,1679314784337
1679314784349,1679314784360
1679314784394,1679314784443
1679314784406,1679314784456
1679314784364,1679314784460
1679314784441,1679314784514
1679314784472,1679314784517
1679314784494,1679314784519
1679314784517,1679314784524
1679314784492,1679314784567
1679314784491,1679314784578
1679314784664,1679314784786
1679314784621,1679314784796
1679314784732,1679314784825
1679314784688,1679314784837
1679314784815,1679314784858
1679314784699,1679314784866
1679314784563,1679314784868
1679314784863,1679314784908
1679314784907,1679314784917
1679314784938,1679314784950
1679314784967,1679314785043
1679314784940,1679314785075
1679314784888,1679314785093
1679314785116,1679314785133
1679314785069,1679314785162
1679314784910,1679314785182
1679314785167,1679314785187
1679314785098,1679314785199
1679314785158,1679314785206
1679314785198,1679314785234
1679314785288,1679314785292
1679314785221,1679314785300
1679314785303,1679314785333
1679314785300,1679314785342
1679314785315,1679314785404
1679314785307,1679314785440
1679314785439,1679314785454
1679314785469,1679314785518
1679314785459,1679314785528
1679314785525,1679314785565
1679314785292,1679314785588
1679314785569,1679314785594
1679314785617,1679314785687
1679314785661,1679314785699
1679314785616,1679314785715
1679314785624,1679314785725
1679314785734,1679314785745
1679314785698,1679314785749
1679314785783,1679314785801
1679314785855,1679314785865
1679314785867,1679314785877
1679314785922,1679314785965
1679314785918,1679314785973
1679314786022,1679314786032
1679314785976,1679314786035
1679314785918,1679314786059
1679314786095,1679314786202
1679314786157,1679314786204
1679314786166,1679314786251
1679314786142,1679314786272
1679314786248,1679314786309
1679314786312,1679314786354
1679314786343,1679314786378
1679314786349,1679314786378
1679314786273,1679314786399
1679314786366,1679314786410
1679314786406,1679314786427
1679314786441,1679314786469
1679314786462,1679314786472
1679314786438,1679314786500
1679314786528,1679314786653
1679314786686,1679314786717
1679314786622,1679314786718
1679314786728,1679314786743
1679314786698,1679314786756
1679314786747,1679314786757
1679314786752,1679314786906
1679314786880,1679314786915
1679314786925,1679314786936
1679314786739,1679314786953
1679314786969,1679314786984
1679314786891,1679314786992
1679314786983,1679314787019
1679314787035,1679314787054
1679314787038,1679314787084
1679314787075,1679314787101
1679314787112,1679314787138
1679314787149,1679314787177
1679314787161,1679314787181
1679314787198,1679314787245
1679314787201,1679314787295
1679314787298,1679314787343
1679314787369,1679314787377
1679314787354,1679314787418
1679314787422,1679314787432
1679314787491,1679314787505
1679314787434,1679314787513
1679314787411,1679314787517
1679314787468,1679314787525
1679314787501,1679314787532
1679314787449,1679314787544
1679314787480,1679314787547
1679314787570,1679314787576
1679314787596,1679314787649
1679314787641,1679314787653
1679314787651,1679314787669
1679314787717,1679314787727
1679314787661,1679314787750
1679314787732,1679314787783
1679314787785,1679314787798
1679314787803,1679314787807
1679314787834,1679314787846
1679314787790,1679314787848
1679314787783,1679314787849
1679314787848,1679314787860
1679314787941,1679314787979
1679314787936,1679314788007
1679314788024,1679314788034
1679314788057,1679314788079
1679314788006,1679314788079
1679314788061,1679314788079
1679314788040,1679314788087
1679314788116,1679314788146
1679314788180,1679314788273
1679314788306,1679314788313
1679314788253,1679314788320
1679314788349,1679314788360
1679314788359,1679314788362
1679314788336,1679314788364
1679314788364,1679314788370
1679314788380,1679314788411
1679314788402,1679314788412
1679314788396,1679314788413
1679314788404,1679314788451
1679314788458,1679314788505
1679314788395,1679314788538
1679314788410,1679314788557
1679314788381,1679314788578
1679314788550,1679314788601
1679314788440,1679314788633
1679314788570,1679314788635
1679314788386,1679314788646
1679314788390,1679314788646
1679314788662,1679314788724
1679314788788,1679314788853
1679314788863,1679314788900
1679314788891,1679314788923
1679314788933,1679314788940
1679314788949,1679314788962
1679314788996,1679314789005
1679314789072,1679314789084
1679314788981,1679314789100
1679314789035,1679314789108
1679314789102,1679314789152
1679314789144,1679314789207
1679314789189,1679314789227
1679314789185,1679314789228
1679314789203,1679314789229
1679314789285,1679314789313
1679314789336,1679314789351
1679314789335,1679314789374
1679314789388,1679314789424
1679314789368,1679314789457
1679314789442,1679314789458
1679314789456,1679314789488
1679314789493,1679314789500
1679314789506,1679314789517
1679314789548,1679314789555
1679314789555,1679314789576
1679314789568,1679314789693
1679314789775,1679314789795
1679314789744,1679314789801
1679314789788,1679314789819
1679314789779,1679314789868
1679314789800,1679314789871
1679314789894,1679314789928
1679314789957,1679314789961
1679314789960,1679314789966
1679314790011,1679314790050
1679314790103,1679314790123
1679314790063,1679314790142
1679314790141,1679314790145
1679314790104,1679314790168
1679314790162,1679314790173
1679314790163,1679314790183
1679314790197,1679314790215
1679314790087,1679314790216
1679314790194,1679314790240
1679314790174,1679314790251
1679314790273,1679314790293
1679314790358,1679314790392
1679314790452,1679314790459
1679314790498,1679314790555
1679314790482,1679314790565
1679314790553,1679314790587
1679314790515,1679314790591
1679314790585,1679314790593
1679314790596,1679314790616
1679314790545,1679314790622
1679314790624,1679314790630
1679314790639,1679314790665
1679314790604,1679314790668
1679314790686,1679314790729
1679314790830,1679314790885
1679314790767,1679314790933
1679314791125,1679314791167
1679314791091,1679314791167
1679314791098,1679314791183
1679314791163,1679314791188
1679314791121,1679314791189
1679314791201,1679314791220
1679314791209,1679314791233
1679314791079,1679314791251
1679314791246,1679314791272
1679314791145,1679314791277
1679314791279,1679314791306
1679314791363,1679314791370
1679314791388,1679314791392
1679314791409,1679314791431
1679314791327,1679314791474
1679314791388,1679314791488
1679314791497,1679314791515
1679314791495,1679314791532
1679314791512,1679314791536
1679314791546,1679314791555
1679314791535,1679314791557
1679314791574,1679314791615
1679314791618,1679314791639
1679314791424,1679314791667
1679314791663,1679314791688
1679314791725,1679314791736
1679314791750,1679314791779
1679314791808,1679314791848
1679314791856,1679314791859
1679314791869,1679314791877
1679314791811,1679314791877
1679314791779,1679314791894
1679314791855,1679314791916
1679314791956,1679314791990
1679314792003,1679314792011
1679314791986,1679314792025
1679314791786,1679314792085
1679314792094,1679314792098
1679314792029,1679314792112
1679314792091,1679314792122
1679314792140,1679314792158
1679314792026,1679314792167
1679314792149,1679314792215
1679314792216,1679314792227
1679314792135,1679314792238
1679314792139,1679314792243
1679314792235,1679314792278
1679314792292,1679314792350
1679314792361,1679314792383
1679314792372,1679314792390
1679314792511,1679314792526
1679314792518,1679314792544
1679314792492,1679314792562
1679314792547,1679314792584
1679314792524,1679314792601
1679314792631,1679314792636
1679314792568,1679314792649
1679314792574,1679314792657
1679314792582,1679314792659
1679314792772,1679314792787
1679314792784,1679314792790
1679314792777,1679314792790
1679314792784,1679314792841
1679314792742,1679314792850
1679314792710,1679314792874
1679314792859,1679314792926
1679314792894,1679314792938
1679314792874,1679314792964
1679314792966,1679314793001
1679314793055,1679314793064
1679314793016,1679314793065
1679314793046,1679314793078
1679314793060,1679314793110
1679314793126,1679314793130
1679314793015,1679314793138
1679314793037,1679314793202
1679314793150,1679314793236
1679314793119,1679314793247
1679314792999,1679314793253
1679314793266,1679314793285
1679314793264,1679314793323
1679314793285,1679314793333
1679314793081,1679314793345
1679314793381,1679314793403
1679314793362,1679314793445
1679314793250,1679314793457
1679314793426,1679314793507
1679314793528,1679314793532
1679314793522,1679314793572
1679314793614,1679314793624
1679314793641,1679314793647
1679314793632,1679314793677
1679314793645,1679314793723
1679314793609,1679314793744
1679314793698,1679314793773
1679314793796,1679314793847
1679314793843,1679314793924
1679314793925,1679314793940
1679314793930,1679314793967
1679314793957,1679314794000
1679314794032,1679314794044
1679314794051,1679314794096
1679314793998,1679314794118
1679314794118,1679314794130
1679314794172,1679314794275
1679314794090,1679314794319
1679314794338,1679314794349
1679314794345,1679314794360
1679314794335,1679314794395
1679314794306,1679314794411
1679314794383,1679314794419
1679314794411,1679314794443
1679314794382,1679314794457
1679314794414,1679314794473
1679314794462,1679314794490
1679314794499,1679314794511
1679314794374,1679314794539
1679314794540,1679314794545
1679314794551,1679314794558
1679314794562,1679314794565
1679314794557,1679314794573
1679314794591,1679314794595
1679314794589,1679314794630
1679314794587,1679314794630
1679314794584,1679314794643
1679314794627,1679314794715
1679314794594,1679314794716
1679314794594,1679314794717
1679314794652,1679314794732
1679314794766,1679314794781
1679314794678,1679314794796
1679314794642,1679314794797
1679314794597,1679314794801
1679314794764,1679314794824
1679314794700,1679314794836
1679314794801,1679314794846
1679314794813,1679314794847
1679314794824,1679314794848
1679314794847,1679314794860
1679314794836,1679314794869
1679314794860,1679314794891
1679314794850,1679314794897
1679314794904,1679314794913
1679314794717,1679314794946
1679314795007,1679314795016
1679314795010,1679314795022
1679314795080,1679314795180
1679314795191,1679314795287
1679314795233,1679314795295
1679314795283,1679314795321
1679314795398,1679314795404
1679314795416,1679314795439
1679314795385,1679314795488
1679314795476,1679314795506
1679314795524,1679314795572
1679314795473,1679314795573
1679314795541,1679314795598
1679314795533,1679314795620
1679314795596,1679314795677
1679314795727,1679314795779
1679314795717,1679314795786
1679314795762,1679314795789
1679314795834,1679314795851
1679314795889,1679314795918
1679314796054,1679314796123
1679314796123,1679314796142
1679314796136,1679314796159
1679314796146,1679314796197
1679314796162,1679314796207
1679314796144,1679314796213
1679314796230,1679314796285
1679314796296,1679314796338
1679314796338,1679314796368
1679314796362,1679314796395
1679314796362,1679314796420
1679314796429,1679314796449
1679314796406,1679314796482
1679314796473,1679314796484
1679314796428,1679314796491
1679314796541,1679314796545
1679314796457,1679314796559
1679314796549,1679314796565
1679314796489,1679314796567
1679314796554,1679314796593
1679314796621,1679314796640
1679314796611,1679314796641
1679314796635,1679314796692
1679314796619,1679314796699
1679314796644,1679314796725
1679314796708,1679314796728
1679314796646,1679314796730
1679314796627,1679314796740
1679314796740,1679314796767
1679314796940,1679314796968
1679314796986,1679314797030
1679314796953,1679314797036
1679314796986,1679314797052
1679314797077,1679314797080
1679314797067,1679314797082
1679314797041,1679314797128
1679314797178,1679314797185
1679314797105,1679314797203
1679314797302,1679314797324
1679314797293,1679314797324
1679314797375,1679314797393
1679314797404,1679314797415
1679314797321,1679314797424
1679314797442,1679314797452
1679314797455,1679314797465
1679314797470,1679314797474
1679314797458,1679314797488
1679314797504,1679314797526
1679314797555,1679314797586
1679314797612,1679314797702
1679314797710,1679314797764
1679314797669,1679314797765
1679314797803,1679314797816
1679314797795,1679314797821
1679314797855,1679314797895
1679314797815,1679314797957
1679314798018,1679314798063
1679314798060,1679314798081
1679314798087,1679314798092
1679314798103,1679314798181
1679314798184,1679314798215
1679314798186,1679314798237
1679314798230,1679314798252
1679314798219,1679314798266
1679314798258,1679314798280
1679314798278,1679314798296
1679314798277,1679314798304
1679314798356,1679314798371
1679314798302,1679314798409
1679314798352,1679314798476
1679314798442,1679314798496
1679314798508,1679314798513
1679314798520,1679314798531
1679314798537,1679314798560
1679314798481,1679314798565
1679314798575,1679314798610
1679314798667,1679314798700
1679314798657,1679314798726
1679314798855,1679314798875
1679314798810,1679314798876
1679314798879,1679314798906
1679314798904,1679314798908
1679314798911,1679314798947
1679314798936,1679314798948
1679314798948,1679314798976
1679314798908,1679314798978
1679314798924,1679314798982
1679314798865,1679314798990
1679314799011,1679314799018
1679314798755,1679314799036
1679314799009,1679314799046
1679314798980,1679314799047
1679314798810,1679314799083
1679314799146,1679314799178
1679314799140,1679314799196
1679314799158,1679314799199
1679314799189,1679314799207
1679314799206,1679314799211
1679314799238,1679314799250
1679314799229,1679314799251
1679314799350,1679314799379
1679314799271,1679314799384
1679314799339,1679314799475
1679314799458,1679314799516
1679314799487,1679314799539
1679314799518,1679314799676
1679314799644,1679314799696
1679314799736,1679314799855
1679314799916,1679314799940
1679314799778,1679314799949
1679314799944,1679314800028
1679314799999,1679314800035
1679314800032,1679314800081
1679314800090,1679314800119
1679314799984,1679314800140
1679314800120,1679314800165
1679314800135,1679314800169
1679314800153,1679314800191
1679314800176,1679314800197
1679314800042,1679314800204
1679314800225,1679314800230
1679314800163,1679314800251
1679314800259,1679314800332
1679314800310,1679314800352
1679314800356,1679314800364
1679314800362,1679314800382
1679314800288,1679314800429
1679314800415,1679314800437
1679314800413,1679314800484
1679314800415,1679314800488
1679314800278,1679314800493
1679314800483,1679314800495
1679314800518,1679314800556
1679314800287,1679314800558
1679314800533,1679314800595
1679314800591,1679314800608
1679314800663,1679314800667
1679314800639,1679314800706
1679314800733,1679314800739
1679314800737,1679314800753
1679314800732,1679314800753
1679314800739,1679314800801
1679314800730,1679314800819
1679314800790,1679314800840
1679314800748,1679314800876
1679314800839,1679314800884
1679314800738,1679314800896
1679314800886,1679314800921
1679314800966,1679314800984
1679314800992,1679314800995
1679314801036,1679314801047
1679314801028,1679314801047
1679314800994,1679314801050
1679314800998,1679314801076
1679314801070,1679314801079
1679314801056,1679314801099
1679314801110,1679314801144
1679314801155,1679314801182
1679314801125,1679314801191
1679314801290,1679314801342
1679314801319,1679314801397
1679314801436,1679314801452
1679314801446,1679314801501
1679314801543,1679314801550
1679314801305,1679314801558
1679314801579,1679314801583
1679314801579,1679314801584
1679314801596,1679314801604
1679314801631,1679314801636
1679314801606,1679314801661
1679314801615,1679314801709
1679314801693,1679314801710
1679314801780,1679314801797
1679314801801,1679314801829
1679314801809,1679314801834
1679314801904,1679314801947
1679314801993,1679314802001
1679314802119,1679314802124
1679314802062,1679314802139
1679314802125,1679314802144
1679314802127,1679314802154
1679314802161,1679314802167
1679314802156,1679314802173
1679314802177,1679314802181
1679314802252,1679314802272
1679314802258,1679314802296
1679314802296,1679314802301
1679314802332,1679314802345
1679314802357,1679314802452
1679314802434,1679314802488
1679314802470,1679314802494
1679314802481,1679314802536
1679314802414,1679314802579
1679314802580,1679314802594
1679314802598,1679314802646
1679314802657,1679314802668
1679314802672,1679314802691
1679314802658,1679314802719
1679314802658,1679314802720
1679314802684,1679314802732
1679314802699,1679314802755
1679314802814,1679314802866
1679314802854,1679314802872
1679314802829,1679314802884
1679314802879,1679314802906
1679314802862,1679314802908
1679314803084,1679314803096
1679314803100,1679314803106
1679314803134,1679314803150
1679314802946,1679314803190
1679314803255,1679314803293
1679314803277,1679314803300
1679314803279,1679314803308
1679314803276,1679314803324
1679314803320,1679314803327
1679314803358,1679314803365
1679314803344,1679314803368
1679314803351,1679314803407
1679314803404,1679314803438
1679314803461,1679314803478
1679314803445,1679314803509
1679314803482,1679314803521
1679314803500,1679314803568
1679314803569,1679314803578
1679314803602,1679314803652
1679314803600,1679314803689
1679314803720,1679314803750
1679314803684,1679314803761
1679314803692,1679314803786
1679314803803,1679314803833
1679314803740,1679314803836
1679314803816,1679314803840
1679314803827,1679314803852
1679314803846,1679314803854
1679314803843,1679314803877
1679314803831,1679314803897
1679314803864,1679314803915
1679314803960,1679314803977
1679314803834,1679314803989
1679314804017,1679314804028
1679314803953,1679314804044
1679314803831,1679314804092
1679314804136,1679314804148
1679314804125,1679314804153
1679314804208,1679314804214
1679314804240,1679314804253
1679314804314,1679314804369
1679314804332,1679314804371
1679314804313,1679314804375
1679314804318,1679314804377
1679314804400,1679314804403
1679314804400,1679314804412
1679314804364,1679314804486
1679314804587,1679314804625
1679314804648,1679314804685
1679314804690,1679314804713
1679314804686,1679314804755
1679314804753,1679314804782
1679314804821,1679314804834
1679314804855,1679314804862
1679314804820,1679314804864
1679314804838,1679314804903
1679314804813,1679314804918
1679314804863,1679314804970
1679314804911,1679314804975
1679314804982,1679314805004
1679314804959,1679314805026
1679314805034,1679314805041
1679314804995,1679314805065
1679314805059,1679314805077
1679314804926,1679314805094
1679314805084,1679314805096
1679314805026,1679314805099
1679314805064,1679314805137
1679314805068,1679314805148
1679314805138,1679314805152
1679314805137,1679314805161
1679314805130,1679314805165
1679314805025,1679314805171
1679314805249,1679314805253
1679314805272,1679314805283
1679314805237,1679314805288
1679314805328,1679314805385
1679314805349,1679314805469
1679314805302,1679314805486
1679314805429,1679314805504
1679314805507,1679314805520
1679314805475,1679314805534
1679314805527,1679314805549
1679314805508,1679314805560
1679314805620,1679314805672
1679314805518,1679314805672
1679314805619,1679314805673
1679314805640,1679314805692
1679314805610,1679314805721
1679314805726,1679314805751
1679314805790,1679314805795
1679314805778,1679314805797
1679314805831,1679314805837
1679314805914,1679314805954
1679314805957,1679314805976
1679314805906,1679314805978
1679314805918,1679314806002
1679314805992,1679314806041
1679314806014,1679314806064
1679314805900,1679314806074
1679314806081,1679314806134
1679314806230,1679314806244
1679314806244,1679314806300
1679314806290,1679314806342
1679314806392,1679314806397
1679314806415,1679314806454
1679314806335,1679314806477
1679314806392,1679314806573
1679314806586,1679314806608
1679314806599,1679314806615
1679314806625,1679314806632
1679314806602,1679314806640
1679314806681,1679314806686
1679314806718,1679314806735
1679314806781,1679314806789
1679314806780,1679314806800
1679314806790,1679314806850
1679314806832,1679314806864
1679314806876,1679314806903
1679314806935,1679314806943
1679314806948,1679314806978
1679314807004,1679314807011
1679314806892,1679314807013
1679314806988,1679314807035
1679314807035,1679314807046
1679314806942,1679314807122
1679314807147,1679314807161
1679314807080,1679314807165
1679314807115,1679314807184
1679314807074,1679314807190
1679314807127,1679314807220
1679314807218,1679314807226
1679314807208,1679314807229
1679314807217,1679314807262
1679314807251,1679314807307
1679314807279,1679314807312
1679314807375,1679314807382
1679314807332,1679314807410
1679314807349,1679314807420
1679314807371,1679314807436
1679314807486,1679314807509
1679314807551,1679314807585
1679314807555,1679314807599
1679314807656,1679314807674
1679314807663,1679314807679
1679314807603,1679314807687
1679314807697,1679314807728
1679314807668,1679314807762
1679314807698,1679314807771
1679314807669,1679314807776
1679314807663,1679314807776
1679314807629,1679314807777
1679314807789,1679314807803
1679314807662,1679314807861
1679314807812,1679314807885
1679314807824,1679314807895
1679314807899,1679314807913
1679314807905,1679314807926
1679314807947,1679314807949
1679314807977,1679314807980
1679314807934,1679314807987
1679314807953,1679314808005
1679314807949,1679314808044
1679314807958,1679314808048
1679314808125,1679314808142
1679314808142,1679314808163
1679314808126,1679314808172
1679314808159,1679314808174
1679314808140,1679314808195
1679314808200,1679314808235
1679314808233,1679314808238
1679314808361,1679314808368
1679314808333,1679314808425
1679314808431,1679314808446
1679314808481,1679314808564
1679314808528,1679314808564
1679314808566,1679314808574
1679314808563,1679314808576
1679314808528,1679314808687
1679314808549,1679314808695
1679314808656,1679314808736
1679314808756,1679314808764
1679314808582,1679314808785
1679314808776,1679314808787
1679314808802,1679314808856
1679314808870,1679314808888
1679314808883,1679314808911
1679314808788,1679314808944
1679314808918,1679314808990
1679314809011,1679314809045
1679314809040,1679314809054
1679314809063,1679314809112
1679314809050,1679314809185
1679314809223,1679314809257
1679314809297,1679314809305
1679314809137,1679314809314
1679314809186,1679314809328
1679314809282,1679314809341
1679314808866,1679314809350
1679314809099,1679314809359
1679314809393,1679314809401
1679314809368,1679314809424
1679314809472,1679314809501
1679314809494,1679314809545
1679314809547,1679314809595
1679314809558,1679314809605
1679314809582,1679314809608
1679314809594,1679314809635
1679314809656,1679314809697
1679314809644,1679314809723
1679314809745,1679314809749
1679314809797,1679314809814
1679314809728,1679314809838
1679314809830,1679314809856
1679314809957,1679314809980
1679314809797,1679314809982
1679314810010,1679314810027
1679314810023,1679314810044
1679314810012,1679314810045
1679314810070,1679314810100
1679314810028,1679314810135
1679314810141,1679314810172
1679314810049,1679314810178
1679314810034,1679314810186
1679314810039,1679314810199
1679314810038,1679314810231
1679314810032,1679314810240
1679314810165,1679314810287
1679314810255,1679314810303
1679314810336,1679314810366
1679314810387,1679314810461
1679314810462,1679314810494
1679314810361,1679314810549
1679314810580,1679314810590
1679314810428,1679314810602
1679314810569,1679314810611
1679314810605,1679314810629
1679314810575,1679314810636
1679314810711,1679314810741
1679314810740,1679314810753
1679314810749,1679314810791
1679314810732,1679314810799
1679314810794,1679314810815
1679314810778,1679314810831
1679314810754,1679314810832
1679314810826,1679314810853
1679314810788,1679314810881
1679314810877,1679314810895
1679314810872,1679314810900
1679314810895,1679314810925
1679314810946,1679314810955
1679314810989,1679314810997
1679314810994,1679314811005
1679314811032,1679314811070
1679314810989,1679314811078
1679314811070,1679314811129
1679314811067,1679314811159
1679314811164,1679314811199
1679314811189,1679314811258
1679314811322,1679314811376
1679314811499,1679314811529
1679314811530,1679314811579
1679314811586,1679314811589
1679314811582,1679314811606
1679314811596,1679314811614
1679314811658,1679314811674
1679314811695,1679314811704
1679314811694,1679314811733
1679314811717,1679314811746
1679314811662,1679314811781
1679314811733,1679314811785
1679314811761,1679314811831
1679314811866,1679314811881
1679314811923,1679314811936
1679314811923,1679314811967
1679314812026,1679314812041
1679314812029,1679314812047
1679314812032,1679314812056
1679314812057,1679314812063
1679314812064,1679314812077
1679314812057,1679314812098
1679314812101,1679314812108
1679314811965,1679314812108
1679314812140,1679314812180
1679314812183,1679314812212
1679314812138,1679314812218
1679314812177,1679314812223
1679314812254,1679314812264
1679314812268,1679314812358
1679314812257,1679314812370
1679314812338,1679314812405
1679314812308,1679314812442
1679314812474,1679314812490
1679314812500,1679314812543
1679314812615,1679314812652
1679314812646,1679314812668
1679314812649,1679314812690
1679314812685,1679314812697
1679314812697,1679314812702
1679314812682,1679314812721
1679314812681,1679314812733
1679314812718,1679314812766
1679314812787,1679314812805
1679314812696,1679314812814
1679314812783,1679314812825
1679314812803,1679314812852
1679314812773,1679314812878
1679314812734,1679314812924
1679314812886,1679314813007
1679314813129,1679314813137
1679314813152,1679314813158
1679314813138,1679314813178
1679314813137,1679314813197
1679314813137,1679314813199
1679314813226,1679314813236
1679314813159,1679314813237
1679314813154,1679314813240
1679314813165,1679314813321
1679314813255,1679314813335
1679314813355,1679314813369
1679314813166,1679314813418
1679314813356,1679314813464
1679314813402,1679314813491
1679314813351,1679314813500
1679314813424,1679314813603
1679314813317,1679314813625
1679314813487,1679314813626
1679314813517,1679314813631
1679314813392,1679314813651
1679314813428,1679314813663
1679314813477,1679314813666
1679314813634,1679314813687
1679314813494,1679314813707
1679314813674,1679314813719
1679314813533,1679314813730
1679314813550,1679314813737
1679314813480,1679314813766
1679314813590,1679314813809
1679314813674,1679314813819
1679314813771,1679314813827
1679314813766,1679314813835
1679314813828,1679314813838
1679314813778,1679314813862
1679314813729,1679314813868
1679314813752,1679314813893
1679314813870,1679314813927
1679314814023,1679314814037
1679314813945,1679314814061
1679314814047,1679314814105
1679314814048,1679314814113
1679314814109,1679314814136
1679314814087,1679314814268
1679314814265,1679314814268
1679314814230,1679314814299
1679314814289,1679314814309
1679314814296,1679314814314
1679314814296,1679314814325
1679314814311,1679314814329
1679314814341,1679314814367
1679314814320,1679314814375
1679314814382,1679314814475
1679314814448,1679314814548
1679314814500,1679314814562
1679314814558,1679314814613
1679314814618,1679314814626
1679314814625,1679314814647
1679314814517,1679314814657
1679314814585,1679314814661
1679314814662,1679314814678
1679314814666,1679314814713
1679314814503,1679314814713
1679314814723,1679314814734
1679314814729,1679314814756
1679314814628,1679314814757
1679314814774,1679314814814
1679314814824,1679314814829
1679314814817,1679314814860
1679314814843,1679314814880
1679314814912,1679314814916
1679314814956,1679314814969
1679314814906,1679314814985
1679314815027,1679314815056
1679314814988,1679314815082
1679314815071,1679314815146
1679314815129,1679314815159
1679314815102,1679314815183
1679314815186,1679314815196
1679314815186,1679314815265
1679314815334,1679314815366
1679314815395,1679314815430
1679314815346,1679314815452
1679314815134,1679314815455
1679314815438,1679314815478
1679314815479,1679314815525
1679314815554,1679314815600
1679314815634,1679314815685
1679314815729,1679314815756
1679314815749,1679314815779
1679314815826,1679314815845
1679314815831,1679314815847
1679314815894,1679314815987
1679314815903,1679314815992
1679314815938,1679314816025
1679314816023,1679314816026
1679314816020,1679314816029
1679314816037,1679314816067
1679314816082,1679314816113
1679314816089,1679314816123
1679314816121,1679314816193
1679314816124,1679314816209
1679314816168,1679314816213
1679314816188,1679314816250
1679314816220,1679314816252
1679314816256,1679314816274
1679314816244,1679314816276
1679314816244,1679314816289
1679314816283,1679314816298
1679314816312,1679314816327
1679314816375,1679314816378
1679314816378,1679314816398
1679314816344,1679314816430
1679314816410,1679314816465
1679314816293,1679314816477
1679314816406,1679314816478
1679314816478,1679314816502
1679314816495,1679314816516
1679314816515,1679314816544
1679314816498,1679314816554
1679314816476,1679314816569
1679314816601,1679314816608
1679314816598,1679314816666
1679314816611,1679314816790
1679314816660,1679314816792
1679314816842,1679314816862
1679314816853,1679314816879
1679314816852,1679314816906
1679314816885,1679314816916
1679314816971,1679314816980
1679314816872,1679314816982
1679314816975,1679314817012
1679314817032,1679314817036
1679314816876,1679314817040
1679314816996,1679314817057
1679314817060,1679314817116
1679314817101,1679314817141
1679314816996,1679314817148
1679314817152,1679314817164
1679314817182,1679314817211
1679314817268,1679314817272
1679314817268,1679314817276
1679314817259,1679314817284
1679314817200,1679314817297
1679314817399,1679314817407
1679314817411,1679314817429
1679314817455,1679314817457
1679314817437,1679314817489
1679314817275,1679314817493
1679314817366,1679314817505
1679314817499,1679314817526
1679314817529,1679314817544
1679314817612,1679314817626
1679314817612,1679314817648
1679314817613,1679314817656
1679314817574,1679314817706
1679314817683,1679314817715
1679314817706,1679314817722
1679314817747,1679314817800
1679314817765,1679314817818
1679314817777,1679314817822
1679314817764,1679314817845
1679314817877,1679314817884
1679314817883,1679314817903
1679314817892,1679314817912
1679314817934,1679314817942
1679314817858,1679314817959
1679314817974,1679314817981
1679314818050,1679314818060
1679314817941,1679314818063
1679314818060,1679314818067
1679314818036,1679314818110
1679314818182,1679314818187
1679314818099,1679314818232
1679314818096,1679314818333
1679314818389,1679314818396
1679314818446,1679314818449
1679314818510,1679314818554
1679314818493,1679314818631
1679314818657,1679314818675
1679314818698,1679314818710
1679314818709,1679314818718
1679314818682,1679314818736
1679314818745,1679314818755
1679314818804,1679314818808
1679314818893,1679314818932
1679314818914,1679314818962
1679314818952,1679314818972
1679314818890,1679314818973
1679314818984,1679314818997
1679314818959,1679314819044
1679314818929,1679314819049
1679314818849,1679314819051
1679314818923,1679314819078
1679314818983,1679314819127
1679314819102,1679314819135
1679314819133,1679314819151
1679314819113,1679314819155
1679314819271,1679314819294
1679314819196,1679314819351
1679314819323,1679314819353
1679314819338,1679314819362
1679314819340,1679314819364
1679314819347,1679314819365
1679314819355,1679314819433
1679314819403,1679314819452
1679314819476,1679314819495
1679314819476,1679314819509
1679314819461,1679314819526
1679314819497,1679314819526
1679314819610,1679314819617
1679314819610,1679314819655
1679314819637,1679314819691
1679314819598,1679314819698
1679314819723,1679314819735
1679314819532,1679314819744
1679314819809,1679314819815
1679314819799,1679314819815
1679314819743,1679314819854
1679314819860,1679314819912
1679314819797,1679314819953
1679314819958,1679314819980
1679314820017,1679314820039
1679314820075,1679314820079
1679314820121,1679314820128
1679314820135,1679314820154
1679314820138,1679314820249
1679314820272,1679314820276
1679314820270,1679314820337
1679314820259,1679314820354
1679314820347,1679314820354
1679314820333,1679314820380
1679314820350,1679314820391
1679314820416,1679314820424
1679314820452,1679314820487
1679314820433,1679314820514
1679314820554,1679314820640
1679314820676,1679314820692
1679314820656,1679314820708
1679314820659,1679314820752
1679314820720,1679314820771
1679314820898,1679314820929
1679314820840,1679314820947
1679314820900,1679314820971
1679314820933,1679314820975
1679314821003,1679314821048
1679314821013,1679314821060
1679314821056,1679314821114
1679314821091,1679314821118
1679314821033,1679314821142
1679314821131,1679314821174
1679314821168,1679314821210
1679314821277,1679314821305
1679314821316,1679314821345
1679314821365,1679314821412
1679314821368,1679314821414
1679314821421,1679314821512
1679314821380,1679314821526
1679314821458,1679314821529
1679314821535,1679314821557
1679314821601,1679314821610
1679314821616,1679314821641
1679314821633,1679314821650
1679314821593,1679314821729
1679314821713,1679314821775
1679314821679,1679314821775
1679314821762,1679314821788
1679314821693,1679314821804
1679314821776,1679314821835
1679314821844,1679314821877
1679314821860,1679314821899
1679314821939,1679314821955
1679314821743,1679314821979
1679314821859,1679314821996
1679314821952,1679314822033
1679314822086,1679314822090
1679314822078,1679314822090
1679314821923,1679314822159
1679314822061,1679314822175
1679314822185,1679314822197
1679314822212,1679314822242
1679314822252,1679314822268
1679314822225,1679314822312
1679314822392,1679314822407
1679314822398,1679314822411
1679314822352,1679314822439
1679314822437,1679314822488
1679314822366,1679314822494
1679314822509,1679314822513
1679314822473,1679314822515
1679314822507,1679314822517
1679314822589,1679314822652
1679314822565,1679314822698
1679314822644,1679314822727
1679314822629,1679314822797
1679314822810,1679314822816
1679314822802,1679314822855
1679314822869,1679314822885
1679314822888,1679314822905
1679314822869,1679314822939
1679314822844,1679314822960
1679314822932,1679314822981
1679314823005,1679314823014
1679314823039,1679314823049
1679314823061,1679314823089
1679314823039,1679314823090
1679314823103,1679314823112
1679314823143,1679314823157
1679314823142,1679314823166
1679314823192,1679314823199
1679314823129,1679314823222
1679314823200,1679314823304
1679314823276,1679314823309
1679314823343,1679314823395
1679314823336,1679314823407
1679314823502,1679314823514
1679314823532,1679314823540
1679314823483,1679314823554
1679314823556,1679314823561
1679314823620,1679314823629
1679314823632,1679314823638
1679314823526,1679314823651
1679314823472,1679314823674
1679314823586,1679314823720
1679314823665,1679314823736
1679314823704,1679314823758
1679314823681,1679314823768
1679314823645,1679314823769
1679314823707,1679314823777
1679314823677,1679314823796
1679314823814,1679314823833
1679314823704,1679314823846
1679314823584,1679314823889
1679314823863,1679314823909
1679314823924,1679314823976
1679314823934,1679314824026
1679314823964,1679314824028
1679314823974,1679314824074
1679314824024,1679314824074
1679314824080,1679314824095
1679314824038,1679314824100
1679314824090,1679314824121
1679314824065,1679314824123
1679314824058,1679314824128
1679314824172,1679314824224
1679314824215,1679314824238
1679314824171,1679314824278
1679314824205,1679314824283
1679314824266,1679314824290
1679314824192,1679314824306
1679314824180,1679314824313
1679314824111,1679314824334
1679314824325,1679314824334
1679314824240,1679314824369
1679314824344,1679314824393
1679314824376,1679314824408
1679314824404,1679314824428
1679314824483,1679314824515
1679314824506,1679314824571
1679314824551,1679314824667
1679314824648,1679314824668
1679314824694,1679314824710
1679314824725,1679314824741
1679314824334,1679314824758
1679314824822,1679314824899
1679314824807,1679314824907
1679314824908,1679314824912
1679314824890,1679314824927
1679314824940,1679314824969
1679314824893,1679314824972
1679314824979,1679314824991
1679314824990,1679314825034
1679314825032,1679314825053
1679314824969,1679314825058
1679314825062,1679314825110
1679314825188,1679314825233
1679314825213,1679314825309
1679314825327,1679314825351
1679314825323,1679314825363
1679314825304,1679314825409
1679314825287,1679314825419
1679314825411,1679314825421
1679314825402,1679314825439
1679314825296,1679314825446
1679314825332,1679314825452
1679314825377,1679314825466
1679314825522,1679314825527
1679314825487,1679314825549
1679314825388,1679314825556
1679314825583,1679314825620
1679314825579,1679314825644
1679314825599,1679314825654
1679314825666,1679314825676
1679314825672,1679314825676
1679314825736,1679314825757
1679314825747,1679314825799
1679314825772,1679314825848
1679314825836,1679314825857
1679314825849,1679314825906
1679314825961,1679314825988
1679314826011,1679314826016
1679314825985,1679314826027
1679314825958,1679314826031
1679314826063,1679314826088
1679314826086,1679314826117
1679314826117,1679314826140
1679314826185,1679314826193
1679314826122,1679314826203
1679314826208,1679314826211
1679314826230,1679314826237
1679314826198,1679314826271
1679314826165,1679314826290
1679314826239,1679314826299
1679314826300,1679314826312
1679314826280,1679314826359
1679314826355,1679314826373
1679314826397,1679314826421
1679314826420,1679314826436
1679314826355,1679314826457
1679314826439,1679314826465
1679314826423,1679314826480
1679314826458,1679314826517
1679314826454,1679314826539
1679314826466,1679314826542
1679314826445,1679314826556
1679314826454,1679314826560
1679314826464,1679314826563
1679314826563,1679314826569
1679314826439,1679314826587
1679314826616,1679314826620
1679314826449,1679314826621
1679314826653,1679314826680
1679314826656,1679314826685
1679314826679,1679314826685
1679314826659,1679314826699
1679314826472,1679314826771
1679314826797,1679314826839
1679314826837,1679314826865
1679314826893,1679314826918
1679314826893,1679314826933
1679314826938,1679314826940
1679314826974,1679314826981
1679314826918,1679314826997
1679314826882,1679314827012
1679314826996,1679314827014
1679314826995,1679314827057
1679314826833,1679314827067
1679314826954,1679314827097
1679314826858,1679314827143
1679314827123,1679314827144
1679314827209,1679314827212
1679314827215,1679314827242
1679314827236,1679314827282
1679314827213,1679314827319
1679314827181,1679314827327
1679314827465,1679314827559
1679314827463,1679314827610
1679314827620,1679314827631
1679314827522,1679314827653
1679314827625,1679314827654
1679314827637,1679314827687
1679314827736,1679314827780
1679314827669,1679314827821
1679314827823,1679314827875
1679314827896,1679314827937
1679314827923,1679314827966
1679314827850,1679314827994
1679314827961,1679314828014
1679314827969,1679314828031
1679314828019,1679314828041
1679314827984,1679314828060
1679314828026,1679314828087
1679314828056,1679314828088
1679314827704,1679314828088
1679314828141,1679314828162
1679314828157,1679314828175
1679314828294,1679314828334
1679314828345,1679314828352
1679314828256,1679314828367
1679314828367,1679314828418
1679314828246,1679314828454
1679314828517,1679314828533
1679314828537,1679314828550
1679314828473,1679314828576
1679314828576,1679314828580
1679314828318,1679314828617
1679314828580,1679314828622
1679314828679,1679314828685
1679314828688,1679314828702
1679314828708,1679314828727
1679314828674,1679314828764
1679314828768,1679314828798
1679314828844,1679314828850
1679314828749,1679314828894
1679314828942,1679314828953
1679314828973,1679314828996
1679314829074,1679314829082
1679314829142,1679314829250
1679314829218,1679314829283
1679314828997,1679314829283
1679314829291,1679314829293
1679314829299,1679314829302
1679314829315,1679314829351
1679314829349,1679314829387
1679314829379,1679314829391
1679314829396,1679314829442
1679314829481,1679314829490
1679314829511,1679314829523
1679314829453,1679314829542
1679314829501,1679314829559
1679314829462,1679314829603
1679314829584,1679314829604
1679314829556,1679314829626
1679314829712,1679314829719
1679314829600,1679314829741
1679314829746,1679314829749
1679314829712,1679314829754
1679314829670,1679314829786
1679314829789,1679314829797
1679314829696,1679314829809
1679314829774,1679314829817
1679314829676,1679314829862
1679314829865,1679314829869
1679314829864,1679314829879
1679314829888,1679314829995
1679314829977,1679314830045
1679314830032,1679314830051
1679314830052,1679314830079
1679314830120,1679314830125
1679314830072,1679314830155
1679314830160,1679314830181
1679314830094,1679314830182
1679314830129,1679314830184
1679314830167,1679314830269
1679314830352,1679314830383
1679314830339,1679314830385
1679314830361,1679314830407
1679314830570,1679314830577
1679314830538,1679314830585
1679314830642,1679314830663
1679314830609,1679314830684
1679314830683,1679314830686
1679314830637,1679314830699
1679314830689,1679314830724
1679314830597,1679314830765
1679314830616,1679314830775
1679314830704,1679314830777
1679314830558,1679314830787
1679314830820,1679314830828
1679314830587,1679314830970
1679314830930,1679314830975
1679314830963,1679314830975
1679314830844,1679314830994
1679314831039,1679314831066
1679314831086,1679314831141
1679314831138,1679314831143
1679314831157,1679314831165
1679314831106,1679314831206
1679314831212,1679314831234
1679314831240,1679314831297
1679314831266,1679314831348
1679314831259,1679314831355
1679314831314,1679314831382
1679314831325,1679314831388
1679314831307,1679314831395
1679314831383,1679314831398
1679314831197,1679314831400
1679314831432,1679314831445
1679314831414,1679314831450
1679314831325,1679314831451
1679314831493,1679314831518
1679314831531,1679314831537
1679314831483,1679314831559
1679314831568,1679314831572
1679314831627,1679314831657
1679314831663,1679314831677
1679314831680,1679314831691
1679314831534,1679314831698
1679314831801,1679314831847
1679314831912,1679314831923
1679314831946,1679314831954
1679314831921,1679314831965
1679314831970,1679314831989
1679314831908,1679314832060
1679314832066,1679314832074
1679314832007,1679314832079
1679314832063,1679314832098
1679314832117,1679314832172
1679314831953,1679314832226
1679314832186,1679314832257
1679314832297,1679314832315
1679314832280,1679314832329
1679314832327,1679314832362
1679314832405,1679314832414
1679314832284,1679314832428
1679314832410,1679314832479
1679314832470,1679314832482
1679314832543,1679314832571
1679314832590,1679314832611
1679314832570,1679314832615
1679314832378,1679314832637
1679314832614,1679314832637
1679314832611,1679314832653
1679314832645,1679314832687
1679314832793,1679314832803
1679314832895,1679314832898
1679314832911,1679314832918
1679314832843,1679314832930
1679314832989,1679314833004
1679314832996,1679314833010
1679314832982,1679314833050
1679314833039,1679314833071
1679314833099,1679314833111
1679314833145,1679314833157
1679314832986,1679314833185
1679314833194,1679314833207
1679314833190,1679314833217
1679314833184,1679314833234
1679314833181,1679314833263
1679314833247,1679314833267
1679314833190,1679314833333
1679314833316,1679314833346
1679314833353,1679314833359
1679314833427,1679314833430
1679314833466,1679314833476
1679314833449,1679314833478
1679314833482,1679314833489
1679314833500,1679314833533
1679314833595,1679314833605
1679314833601,1679314833662
1679314833711,1679314833722
1679314833691,1679314833730
1679314833731,1679314833735
1679314833683,1679314833749
1679314833743,1679314833769
1679314833750,1679314833774
1679314833680,1679314833819
1679314833823,1679314833832
1679314833765,1679314833836
1679314833848,1679314833857
1679314833828,1679314833865
1679314833831,1679314833880
1679314833870,1679314833907
1679314833938,1679314833943
1679314833926,1679314833983
1679314833844,1679314833996
1679314833992,1679314834010
1679314833974,1679314834020
1679314834046,1679314834068
1679314834109,1679314834129
1679314834108,1679314834148
1679314833982,1679314834185
1679314834174,1679314834186
1679314834140,1679314834238
1679314834195,1679314834272
1679314834129,1679314834275
1679314834173,1679314834295
1679314834123,1679314834312
1679314834129,1679314834409
1679314834397,1679314834428
1679314834185,1679314834466
1679314834400,1679314834494
1679314834441,1679314834501
1679314834501,1679314834538
1679314834508,1679314834557
1679314834550,1679314834612
1679314834628,1679314834638
1679314834633,1679314834653
1679314834652,1679314834687
1679314834684,1679314834737
1679314834797,1679314834844
1679314834792,1679314834846
1679314834910,1679314834925
1679314834966,1679314835027
1679314835022,1679314835042
1679314835023,1679314835052
1679314835064,1679314835083
1679314835016,1679314835101
1679314835070,1679314835112
1679314835069,1679314835143
1679314835193,1679314835201
1679314835174,1679314835222
1679314835120,1679314835225
1679314835243,1679314835247
1679314835223,1679314835296
1679314835307,1679314835325
1679314835295,1679314835375
1679314835304,1679314835384
1679314835307,1679314835389
1679314835319,1679314835403
1679314835411,1679314835428
1679314835263,1679314835450
1679314835468,1679314835475
1679314835397,1679314835523
1679314835527,1679314835531
1679314835150,1679314835540
1679314835390,1679314835550
1679314835239,1679314835574
1679314835449,1679314835580
1679314835539,1679314835589
1679314835507,1679314835603
1679314835577,1679314835632
1679314835631,1679314835670
1679314835665,1679314835707
1679314835735,1679314835763
1679314835730,1679314835804
1679314835801,1679314835827
1679314835804,1679314835859
1679314835885,1679314835904
1679314835937,1679314835951
1679314835966,1679314835970
1679314836018,1679314836028
1679314836029,1679314836037
1679314836022,1679314836037
1679314836039,1679314836080
1679314836054,1679314836100
1679314836048,1679314836100
1679314836166,1679314836195
1679314836147,1679314836228
1679314836265,1679314836284
1679314836310,1679314836324
1679314836311,1679314836396
1679314836394,1679314836402
1679314836331,1679314836402
1679314836428,1679314836432
1679314836300,1679314836444
1679314836395,1679314836473
1679314836517,1679314836525
1679314836500,1679314836527
1679314836511,1679314836537
1679314836568,1679314836585
1679314836553,1679314836590
1679314836537,1679314836613
1679314836565,1679314836637
1679314836657,1679314836672
1679314836677,1679314836688
1679314836673,1679314836710
1679314836665,1679314836719
1679314836706,1679314836755
1679314836701,1679314836790
1679314836680,1679314836792
1679314836758,1679314836792
1679314836850,1679314836891
1679314837037,1679314837039
1679314837043,1679314837053
1679314837031,1679314837078
1679314837013,1679314837086
1679314837053,1679314837088
1679314837070,1679314837092
1679314836894,1679314837115
1679314837129,1679314837222
1679314837284,1679314837324
1679314837288,1679314837331
1679314837257,1679314837333
1679314837320,1679314837337
1679314837329,1679314837345
1679314837331,1679314837361
1679314837372,1679314837382
1679314837394,1679314837396
1679314837449,1679314837473
1679314837447,1679314837496
1679314837472,1679314837507
1679314837496,1679314837508
1679314837432,1679314837541
1679314837497,1679314837548
1679314837441,1679314837555
1679314837572,1679314837582
1679314837412,1679314837602
1679314837616,1679314837658
1679314837677,1679314837688
1679314837671,1679314837688
1679314837791,1679314837825
1679314837693,1679314837851
1679314837631,1679314837859
1679314837892,1679314837897
1679314837763,1679314837905
1679314837893,1679314837912
1679314837927,1679314837934
1679314837960,1679314837968
1679314837932,1679314837995
1679314837982,1679314838012
1679314837984,1679314838053
1679314838068,1679314838097
1679314838059,1679314838113
1679314838083,1679314838126
1679314838148,1679314838161
1679314838113,1679314838180
1679314837985,1679314838194
1679314838175,1679314838224
1679314838158,1679314838286
1679314838266,1679314838308
1679314838237,1679314838334
1679314838282,1679314838341
1679314838423,1679314838439
1679314838436,1679314838461
1679314838449,1679314838464
1679314838486,1679314838510
1679314838552,1679314838557
1679314838588,1679314838619
1679314838593,1679314838628
1679314838538,1679314838652
1679314838625,1679314838661
1679314838595,1679314838693
1679314838777,1679314838784
1679314838781,1679314838790
1679314838748,1679314838795
1679314838779,1679314838810
1679314838847,1679314838877
1679314838915,1679314838949
1679314838907,1679314838962
1679314839008,1679314839013
1679314839003,1679314839029
1679314839009,1679314839033
1679314838929,1679314839037
1679314838887,1679314839082
1679314839089,1679314839124
1679314839119,1679314839125
1679314839148,1679314839167
1679314839195,1679314839200
1679314839195,1679314839222
1679314839242,1679314839250
1679314839327,1679314839381
1679314839377,1679314839387
1679314839428,1679314839440
1679314839422,1679314839442
1679314839450,1679314839469
1679314839437,1679314839475
1679314839503,1679314839571
1679314839580,1679314839607
1679314839596,1679314839614
1679314839655,1679314839679
1679314839746,1679314839759
1679314839765,1679314839826
1679314839759,1679314839845
1679314839801,1679314839852
1679314839735,1679314839869
1679314839767,1679314839876
1679314839722,1679314839878
1679314839744,1679314839897
1679314839746,1679314839899
1679314839878,1679314839937
1679314839757,1679314839951
1679314839863,1679314839966
1679314839957,1679314839972
1679314839972,1679314840016
1679314839823,1679314840023
1679314839638,1679314840029
1679314839956,1679314840070
1679314840033,1679314840081
1679314840083,1679314840090
1679314840061,1679314840151
1679314840134,1679314840159
1679314840185,1679314840251
1679314840273,1679314840276
1679314840240,1679314840278
1679314840415,1679314840420
1679314840395,1679314840432
1679314840492,1679314840541
1679314840533,1679314840573
1679314840445,1679314840580
1679314840638,1679314840646
1679314840625,1679314840656
1679314840693,1679314840707
1679314840658,1679314840712
1679314840635,1679314840765
1679314840734,1679314840776
1679314840712,1679314840791
1679314840768,1679314840797
1679314840795,1679314840802
1679314840683,1679314840804
1679314840849,1679314840908
1679314840957,1679314840972
1679314840848,1679314840997
1679314841043,1679314841068
1679314840835,1679314841069
1679314841030,1679314841098
1679314841113,1679314841119
1679314841072,1679314841127
1679314841064,1679314841161
1679314841165,1679314841182
1679314841167,1679314841198
1679314841188,1679314841227
1679314841255,1679314841265
1679314841302,1679314841316
1679314841333,1679314841352
1679314841375,1679314841417
1679314841414,1679314841432
1679314841461,1679314841583
1679314841481,1679314841608
1679314841509,1679314841621
1679314841581,1679314841627
1679314841560,1679314841651
1679314841625,1679314841670
1679314841670,1679314841676
1679314841563,1679314841682
1679314841689,1679314841693
1679314841641,1679314841707
1679314841726,1679314841731
1679314841712,1679314841748
1679314841727,1679314841750
1679314841857,1679314841884
1679314842011,1679314842019
1679314842046,1679314842073
1679314842066,1679314842080
1679314842083,1679314842103
1679314842070,1679314842164
1679314842030,1679314842178
1679314842187,1679314842196
1679314842177,1679314842202
1679314842203,1679314842223
1679314842281,1679314842324
1679314842400,1679314842413
1679314842301,1679314842423
1679314842370,1679314842500
1679314842504,1679314842510
1679314842529,1679314842536
1679314842403,1679314842540
1679314842599,1679314842622
1679314842632,1679314842676
1679314842522,1679314842680
1679314842701,1679314842717
1679314842698,1679314842742
1679314842728,1679314842750
1679314842707,1679314842771
1679314842702,1679314842775
1679314842765,1679314842793
1679314842691,1679314842848
1679314842847,1679314842859
1679314842857,1679314842869
1679314842853,1679314842875
1679314842845,1679314842881
1679314842919,1679314842946
1679314842899,1679314842960
1679314842828,1679314842983
1679314842978,1679314843034
1679314842995,1679314843175
1679314843181,1679314843211
1679314843161,1679314843299
1679314843221,1679314843302
1679314843107,1679314843334
1679314843348,1679314843357
1679314843229,1679314843367
1679314843026,1679314843370
1679314843377,1679314843394
1679314843389,1679314843407
1679314843415,1679314843489
1679314843476,1679314843490
1679314843429,1679314843538
1679314843445,1679314843567
1679314843623,1679314843646
1679314843600,1679314843656
1679314843588,1679314843662
1679314843648,1679314843674
1679314843730,1679314843742
1679314843698,1679314843747
1679314843788,1679314843809
1679314843809,1679314843849
1679314843828,1679314843855
1679314843855,1679314843876
1679314844013,1679314844030
1679314844056,1679314844065
1679314844122,1679314844140
1679314844131,1679314844149
1679314844059,1679314844154
1679314844046,1679314844174
1679314844144,1679314844224
1679314844189,1679314844260
1679314844231,1679314844271
1679314844225,1679314844279
1679314844092,1679314844315
1679314844336,1679314844355
1679314844362,1679314844373
1679314844384,1679314844408
1679314844422,1679314844457
1679314844329,1679314844458
1679314844374,1679314844534
1679314844470,1679314844543
1679314844555,1679314844568
1679314844574,1679314844587
1679314844586,1679314844670
1679314844451,1679314844685
1679314844690,1679314844741
1679314844687,1679314844754
1679314844749,1679314844764
1679314844773,1679314844890
1679314844873,1679314844900
1679314844785,1679314844910
1679314844840,1679314844927
1679314844750,1679314844944
1679314844936,1679314844948
1679314844954,1679314844986
1679314844947,1679314845038
1679314845033,1679314845137
1679314845118,1679314845138
1679314845113,1679314845148
1679314845161,1679314845182
1679314845144,1679314845187
1679314845041,1679314845196
1679314845186,1679314845220
1679314845171,1679314845220
1679314845247,1679314845268
1679314845253,1679314845326
1679314845284,1679314845330
1679314845332,1679314845340
1679314845321,1679314845342
1679314845283,1679314845356
1679314845384,1679314845392
1679314845377,1679314845416
1679314845410,1679314845444
1679314845408,1679314845446
1679314845368,1679314845510
1679314845463,1679314845521
1679314845532,1679314845576
1679314845537,1679314845579
1679314845432,1679314845585
1679314845646,1679314845708
1679314845857,1679314845916
1679314845955,1679314845960
1679314845947,1679314845985
1679314845976,1679314846001
1679314845976,1679314846024
1679314845952,1679314846070
1679314846013,1679314846095
1679314845962,1679314846121
1679314846120,1679314846137
1679314846083,1679314846181
1679314846065,1679314846199
1679314846133,1679314846216
1679314846110,1679314846226
1679314845980,1679314846232
1679314846227,1679314846242
1679314845968,1679314846252
1679314846242,1679314846275
1679314846029,1679314846295
1679314846319,1679314846346
1679314846352,1679314846358
1679314846279,1679314846363
1679314846334,1679314846376
1679314846385,1679314846407
1679314846408,1679314846428
1679314846424,1679314846449
1679314846478,1679314846488
1679314846559,1679314846620
1679314846562,1679314846622
1679314846670,1679314846736
1679314846677,1679314846737
1679314846790,1679314846807
1679314846876,1679314846900
1679314846865,1679314846917
1679314846888,1679314846940
1679314846893,1679314846951
1679314846956,1679314847014
1679314846883,1679314847058
1679314846928,1679314847080
1679314847077,1679314847098
1679314847114,1679314847120
1679314847128,1679314847162
1679314847144,1679314847163
1679314847115,1679314847165
1679314846962,1679314847168
1679314847161,1679314847174
1679314847114,1679314847205
1679314847185,1679314847227
1679314847158,1679314847232
1679314847235,1679314847258
1679314847200,1679314847321
1679314847240,1679314847329
1679314847293,1679314847357
1679314847242,1679314847361
1679314847190,1679314847365
1679314847207,1679314847366
1679314847358,1679314847390
1679314847424,1679314847430
1679314847381,1679314847452
1679314847333,1679314847456
1679314847366,1679314847459
1679314847220,1679314847473
1679314847481,1679314847496
1679314847483,1679314847508
1679314847497,1679314847520
1679314847494,1679314847531
1679314847537,1679314847593
1679314847554,1679314847597
1679314847530,1679314847642
1679314847581,1679314847658
1679314847720,1679314847736
1679314847747,1679314847758
1679314847748,1679314847771
1679314847700,1679314847792
1679314847753,1679314847814
1679314847749,1679314847840
1679314847806,1679314847895
1679314847875,1679314847897
1679314847885,1679314847902
1679314848008,1679314848037
1679314847986,1679314848062
1679314847935,1679314848111
1679314848018,1679314848129
1679314848116,1679314848158
1679314848157,1679314848193
1679314848201,1679314848209
1679314848184,1679314848227
1679314848250,1679314848267
1679314848208,1679314848304
1679314848264,1679314848358
1679314848369,1679314848458
1679314848455,1679314848481
1679314848558,1679314848588
1679314848586,1679314848594
1679314848518,1679314848625
1679314848650,1679314848660
1679314848608,1679314848670
1679314848650,1679314848672
1679314848658,1679314848721
1679314848688,1679314848759
1679314848734,1679314848766
1679314848771,1679314848779
1679314848626,1679314848779
1679314848696,1679314848788
1679314848788,1679314848799
1679314848801,1679314848838
1679314848775,1679314848907
1679314848925,1679314848975
1679314849015,1679314849056
1679314849035,1679314849081
1679314849042,1679314849126
1679314849028,1679314849133
1679314849027,1679314849176
1679314849052,1679314849179
1679314849034,1679314849245
1679314849185,1679314849252
1679314849245,1679314849252
1679314849284,1679314849291
1679314849290,1679314849294
1679314849367,1679314849392
1679314849400,1679314849420
1679314849322,1679314849425
1679314849433,1679314849504
1679314849665,1679314849707
1679314849630,1679314849728
1679314849713,1679314849752
1679314849723,1679314849777
1679314849738,1679314849812
1679314849808,1679314849855
1679314849818,1679314849888
1679314849962,1679314849987
1679314850072,1679314850108
1679314850087,1679314850110
1679314850035,1679314850150
1679314850148,1679314850164
1679314850154,1679314850165
1679314850135,1679314850202
1679314850193,1679314850215
1679314850222,1679314850245
1679314850185,1679314850251
1679314850261,1679314850310
1679314850302,1679314850315
1679314850306,1679314850326
1679314850313,1679314850349
1679314850308,1679314850357
1679314850395,1679314850402
1679314850467,1679314850541
1679314850518,1679314850542
1679314850548,1679314850557
1679314850542,1679314850562
1679314850570,1679314850599
1679314850564,1679314850611
1679314850588,1679314850625
1679314850630,1679314850645
1679314850667,1679314850677
1679314850578,1679314850696
1679314850525,1679314850701
1679314850474,1679314850710
1679314850705,1679314850712
1679314850661,1679314850715
1679314850723,1679314850750
1679314850704,1679314850763
1679314850772,1679314850780
1679314850634,1679314850792
1679314850807,1679314850837
1679314850809,1679314850838
1679314850598,1679314850840
1679314850801,1679314850873
1679314850934,1679314850958
1679314851047,1679314851062
1679314851059,1679314851070
1679314851140,1679314851166
1679314851162,1679314851172
1679314851134,1679314851182
1679314851103,1679314851182
1679314851154,1679314851183
1679314851157,1679314851203
1679314851143,1679314851248
1679314851285,1679314851297
1679314851282,1679314851299
1679314851259,1679314851327
1679314851349,1679314851376
1679314851318,1679314851392
1679314851314,1679314851435
1679314851376,1679314851471
1679314851408,1679314851521
1679314851411,1679314851545
1679314851552,1679314851556
1679314851460,1679314851565
1679314851463,1679314851568
1679314851552,1679314851581
1679314851500,1679314851610
1679314851640,1679314851655
1679314851646,1679314851763
1679314851465,1679314851777
1679314851790,1679314851828
1679314851746,1679314851842
1679314851849,1679314851858
1679314851815,1679314851873
1679314851887,1679314851896
1679314851961,1679314852017
1679314852092,1679314852096
1679314852105,1679314852140
1679314852078,1679314852143
1679314852258,1679314852290
1679314852361,1679314852398
1679314852364,1679314852429
1679314852270,1679314852431
1679314852434,1679314852442
1679314852371,1679314852444
1679314852314,1679314852465
1679314852454,1679314852476
1679314852354,1679314852498
1679314852518,1679314852529
1679314852420,1679314852534
1679314852507,1679314852551
1679314852585,1679314852637
1679314852590,1679314852695
1679314852718,1679314852732
1679314852672,1679314852743
1679314852745,1679314852749
1679314852751,1679314852768
1679314852853,1679314852865
1679314852860,1679314852878
1679314852878,1679314852895
1679314852889,1679314852899
1679314852856,1679314852910
1679314852897,1679314852938
1679314852826,1679314852959
1679314852936,1679314852976
1679314853091,1679314853145
1679314853277,1679314853294
1679314853284,1679314853320
1679314853275,1679314853330
1679314853213,1679314853402
1679314853373,1679314853413
1679314853328,1679314853413
1679314853440,1679314853444
1679314853454,1679314853487
1679314853476,1679314853508
1679314853514,1679314853548
1679314853484,1679314853565
1679314853556,1679314853581
1679314853593,1679314853614
1679314853625,1679314853644
1679314853665,1679314853676
1679314853667,1679314853686
1679314853569,1679314853695
1679314853680,1679314853705
1679314853703,1679314853784
1679314853777,1679314853813
1679314853684,1679314853866
1679314854016,1679314854019
1679314854001,1679314854024
1679314854070,1679314854086
1679314854134,1679314854141
1679314854235,1679314854254
1679314854234,1679314854269
1679314854258,1679314854349
1679314854175,1679314854370
1679314854290,1679314854379
1679314854294,1679314854389
1679314854397,1679314854407
1679314854293,1679314854417
1679314854243,1679314854427
1679314854405,1679314854444
1679314854452,1679314854465
1679314854475,1679314854495
1679314854521,1679314854538
1679314854507,1679314854540
1679314854559,1679314854564
1679314854543,1679314854595
1679314854543,1679314854653
1679314854645,1679314854657
1679314854691,1679314854702
1679314854660,1679314854707
1679314854609,1679314854792
1679314854811,1679314854840
1679314854822,1679314854876
1679314854844,1679314854903
1679314854766,1679314854905
1679314854902,1679314854907
1679314854933,1679314854967
1679314854961,1679314854994
1679314854968,1679314855033
1679314854969,1679314855034
1679314854844,1679314855085
1679314855084,1679314855094
1679314855079,1679314855123
1679314855081,1679314855146
1679314855168,1679314855184
1679314855215,1679314855217
1679314855225,1679314855242
1679314855221,1679314855261
1679314855190,1679314855292
1679314855223,1679314855332
1679314855311,1679314855344
1679314855394,1679314855402
1679314855343,1679314855412
1679314855297,1679314855416
1679314855489,1679314855499
1679314855452,1679314855502
1679314855459,1679314855531
1679314855700,1679314855704
1679314855825,1679314855828
1679314855862,1679314855883
1679314855865,1679314855890
1679314855910,1679314855935
1679314855848,1679314855942
1679314855968,1679314855971
1679314855942,1679314855983
1679314855991,1679314856050
1679314855948,1679314856073
1679314855993,1679314856089
1679314856041,1679314856095
1679314856090,1679314856105
1679314855989,1679314856114
1679314856119,1679314856145
1679314856243,1679314856252
1679314856254,1679314856265
1679314856203,1679314856267
1679314856265,1679314856296
1679314856215,1679314856308
1679314856248,1679314856316
1679314856328,1679314856373
1679314856443,1679314856445
1679314856263,1679314856481
1679314856451,1679314856495
1679314856479,1679314856507
1679314856446,1679314856522
1679314856469,1679314856567
1679314856464,1679314856576
1679314856550,1679314856578
1679314856514,1679314856616
1679314856634,1679314856648
1679314856638,1679314856663
1679314856705,1679314856761
1679314856717,1679314856770
1679314856757,1679314856811
1679314856844,1679314856881
1679314856943,1679314856949
1679314856907,1679314857040
1679314856828,1679314857066
1679314857094,1679314857138
1679314857108,1679314857142
1679314857032,1679314857159
1679314857156,1679314857190
1679314857196,1679314857224
1679314857165,1679314857237
1679314857246,1679314857276
1679314857317,1679314857335
1679314857311,1679314857345
1679314857325,1679314857397
1679314857378,1679314857419
1679314857381,1679314857423
1679314857440,1679314857444
1679314857368,1679314857446
1679314857353,1679314857470
1679314857345,1679314857499
1679314857508,1679314857531
1679314857383,1679314857538
1679314857250,1679314857569
1679314857557,1679314857586
1679314857588,1679314857631
1679314857644,1679314857671
1679314857613,1679314857683
1679314857604,1679314857714
1679314857717,1679314857731
1679314857720,1679314857767
1679314857765,1679314857778
1679314857725,1679314857838
1679314857819,1679314857846
1679314857820,1679314857847
1679314857883,1679314857889
1679314857853,1679314857909
1679314857831,1679314857919
1679314857896,1679314857934
1679314857937,1679314857965
1679314857910,1679314857977
1679314857891,1679314858008
1679314857979,1679314858034
1679314858033,1679314858056
1679314858104,1679314858109
1679314858124,1679314858140
1679314858153,1679314858159
1679314858226,1679314858236
1679314858153,1679314858250
1679314858176,1679314858256
1679314858284,1679314858289
1679314858294,1679314858305
1679314858277,1679314858307
1679314858403,1679314858409
1679314858375,1679314858423
1679314858364,1679314858441
1679314858487,1679314858507
1679314858488,1679314858542
1679314858520,1679314858545
1679314858544,1679314858552
1679314858552,1679314858562
1679314858565,1679314858588
1679314858590,1679314858607
1679314858575,1679314858611
1679314858632,1679314858659
1679314858676,1679314858689
1679314858682,1679314858713
1679314858597,1679314858722
1679314858689,1679314858722
1679314858757,1679314858813
1679314858860,1679314858882
1679314858877,1679314858912
1679314858989,1679314859003
1679314858988,1679314859045
1679314859040,1679314859046
1679314858972,1679314859051
1679314859036,1679314859130
1679314859108,1679314859137
1679314859058,1679314859169
1679314859179,1679314859187
1679314859242,1679314859278
1679314859272,1679314859316
1679314859348,1679314859357
1679314859363,1679314859374
1679314859299,1679314859394
1679314859367,1679314859394
1679314859348,1679314859414
1679314859360,1679314859452
1679314859455,1679314859521
1679314859368,1679314859526
1679314859391,1679314859542
1679314859380,1679314859543
1679314859235,1679314859551
1679314859372,1679314859579
1679314859537,1679314859597
1679314859377,1679314859626
1679314859519,1679314859641
1679314859626,1679314859666
1679314859653,1679314859677
1679314859452,1679314859691
1679314859385,1679314859705
1679314859576,1679314859706
1679314859612,1679314859730
1679314859519,1679314859753
1679314859613,1679314859768
1679314859825,1679314859833
1679314859935,1679314859944
1679314860008,1679314860014
1679314859951,1679314860024
1679314860026,1679314860036
1679314860059,1679314860073
1679314860027,1679314860081
1679314860091,1679314860101
1679314860073,1679314860136
1679314860164,1679314860205
1679314860226,1679314860242
1679314860106,1679314860288
1679314860295,1679314860348
1679314860334,1679314860355
1679314860360,1679314860367
1679314860306,1679314860398
1679314860428,1679314860437
1679314860481,1679314860501
1679314860490,1679314860524
1679314860544,1679314860546
1679314860540,1679314860563
1679314860565,1679314860571
1679314860478,1679314860644
1679314860634,1679314860649
1679314860638,1679314860658
1679314860749,1679314860760
1679314860823,1679314860835
1679314860792,1679314860841
1679314860821,1679314860846
1679314860856,1679314860860
1679314860853,1679314860881
1679314860907,1679314860927
1679314860966,1679314860976
1679314860949,1679314860991
1679314860963,1679314860996
1679314861015,1679314861060
1679314861171,1679314861196
1679314861159,1679314861254
1679314861230,1679314861304
1679314861269,1679314861352
1679314861382,1679314861396
1679314861364,1679314861406
1679314861416,1679314861451
1679314861460,1679314861473
1679314861387,1679314861499
1679314861458,1679314861517
1679314861508,1679314861547
1679314861534,1679314861556
1679314861529,1679314861568
1679314861547,1679314861575
1679314861555,1679314861584
1679314861532,1679314861611
1679314861543,1679314861630
1679314861526,1679314861635
1679314861576,1679314861655
1679314861541,1679314861660
1679314861636,1679314861706
1679314861669,1679314861733
1679314861734,1679314861742
1679314861775,1679314861797
1679314861732,1679314861807
1679314861750,1679314861833
1679314861865,1679314861876
1679314861903,1679314861907
1679314861898,1679314861966
1679314862011,1679314862014
1679314862016,1679314862036
1679314862043,1679314862047
1679314862076,1679314862080
1679314862076,1679314862082
1679314862141,1679314862153
1679314862181,1679314862193
1679314862202,1679314862213
1679314862218,1679314862224
1679314862329,1679314862336
1679314862270,1679314862412
1679314862454,1679314862533
1679314862524,1679314862562
1679314862404,1679314862572
1679314862562,1679314862583
1679314862624,1679314862673
1679314862635,1679314862690
1679314862697,1679314862703
1679314862590,1679314862717
1679314862714,1679314862718
1679314862728,1679314862742
1679314862693,1679314862775
1679314862729,1679314862812
1679314862788,1679314862841
1679314862792,1679314862854
1679314862892,1679314862920
1679314862914,1679314862924
1679314862860,1679314862928
1679314862928,1679314862973
1679314862956,1679314862982
1679314862987,1679314863013
1679314862864,1679314863015
1679314862953,1679314863034
1679314863026,1679314863043
1679314863033,1679314863053
1679314863020,1679314863075
1679314863139,1679314863161
1679314863225,1679314863258
1679314863143,1679314863260
1679314863220,1679314863267
1679314863279,1679314863364
1679314863270,1679314863371
1679314863386,1679314863393
1679314863372,1679314863419
1679314863384,1679314863427
1679314863428,1679314863468
1679314863440,1679314863489
1679314863506,1679314863516
1679314863497,1679314863517
1679314863363,1679314863521
1679314863428,1679314863550
1679314863419,1679314863571
1679314863532,1679314863592
1679314863566,1679314863631
1679314863631,1679314863634
1679314863554,1679314863643
1679314863566,1679314863660
1679314863512,1679314863720
1679314863761,1679314863775
1679314863816,1679314863823
1679314863805,1679314863827
1679314863888,1679314863895
1679314863894,1679314863909
1679314863864,1679314863935
1679314863899,1679314863951
1679314863982,1679314864069
1679314864102,1679314864151
1679314864004,1679314864156
1679314864136,1679314864173
1679314864167,1679314864198
1679314864181,1679314864223
1679314864242,1679314864304
1679314864270,1679314864337
1679314864236,1679314864468
1679314864458,1679314864484
1679314864480,1679314864522
1679314864476,1679314864538
1679314864522,1679314864545
1679314864562,1679314864567
1679314864546,1679314864578
1679314864539,1679314864579
1679314864511,1679314864602
1679314864602,1679314864610
1679314864620,1679314864636
1679314864600,1679314864667
1679314864604,1679314864671
1679314864599,1679314864698
1679314864683,1679314864708
1679314864602,1679314864722
1679314864700,1679314864726
1679314864724,1679314864733
1679314864726,1679314864763
1679314864756,1679314864763
1679314864743,1679314864771
1679314864686,1679314864776
1679314864853,1679314864857
1679314864846,1679314864884
1679314864838,1679314864938
1679314865025,1679314865095
1679314865066,1679314865121
1679314865138,1679314865157
1679314865159,1679314865242
1679314865239,1679314865245
1679314865207,1679314865250
1679314865196,1679314865260
1679314865245,1679314865262
1679314865274,1679314865293
1679314865216,1679314865294
1679314865277,1679314865317
1679314865043,1679314865320
1679314865296,1679314865371
1679314865385,1679314865423
1679314865411,1679314865447
1679314865373,1679314865477
1679314865433,1679314865491
1679314865519,1679314865523
1679314865546,1679314865559
1679314865465,1679314865564
1679314865557,1679314865569
1679314865678,1679314865682
1679314865686,1679314865692
1679314865771,1679314865808
1679314865816,1679314865851
1679314865838,1679314865909
1679314865838,1679314865927
1679314865861,1679314865954
1679314865920,1679314865962
1679314865791,1679314865972
1679314865852,1679314865991
1679314866009,1679314866038
1679314865846,1679314866062
1679314866015,1679314866147
1679314866140,1679314866169
1679314866143,1679314866197
1679314866143,1679314866207
1679314866298,1679314866344
1679314866277,1679314866346
1679314866317,1679314866363
1679314866293,1679314866371
1679314866355,1679314866401
1679314866399,1679314866418
1679314866438,1679314866456
1679314866532,1679314866544
1679314866575,1679314866600
1679314866645,1679314866660
1679314866696,1679314866722
1679314866687,1679314866744
1679314866733,1679314866748
1679314866777,1679314866819
1679314866826,1679314866828
1679314866811,1679314866846
1679314866857,1679314866885
1679314866905,1679314866918
1679314866918,1679314866935
1679314866930,1679314866935
1679314866940,1679314866966
1679314866968,1679314866987
1679314867018,1679314867023
1679314867039,1679314867076
1679314867093,1679314867099
1679314867038,1679314867110
1679314867051,1679314867139
1679314867030,1679314867145
1679314866973,1679314867169
1679314867067,1679314867171
1679314867187,1679314867198
1679314867196,1679314867201
1679314867060,1679314867238
1679314867148,1679314867259
1679314867112,1679314867265
1679314867274,1679314867293
1679314866993,1679314867296
1679314867191,1679314867328
1679314867177,1679314867344
1679314867267,1679314867358
1679314867289,1679314867361
1679314867316,1679314867366
1679314867372,1679314867381
1679314867292,1679314867423
1679314867366,1679314867423
1679314867598,1679314867610
1679314867628,1679314867633
1679314867620,1679314867674
1679314867551,1679314867691
1679314867619,1679314867691
1679314867632,1679314867710
1679314867561,1679314867735
1679314867831,1679314867848
1679314867885,1679314867925
1679314867927,1679314867932
1679314867925,1679314867939
1679314867933,1679314867956
1679314867974,1679314867979
1679314867977,1679314867981
1679314868012,1679314868024
1679314868022,1679314868044
1679314868025,1679314868084
1679314868032,1679314868104
1679314868177,1679314868229
1679314868114,1679314868263
1679314868196,1679314868278
1679314868250,1679314868294
1679314868258,1679314868308
1679314868246,1679314868322
1679314868312,1679314868359
1679314868341,1679314868412
1679314868442,1679314868454
1679314868445,1679314868491
1679314868520,1679314868525
1679314868218,1679314868528
1679314868513,1679314868567
1679314868577,1679314868596
1679314868587,1679314868598
1679314868573,1679314868609
1679314868589,1679314868639
1679314868626,1679314868642
1679314868584,1679314868655
1679314868649,1679314868671
1679314868638,1679314868682
1679314868672,1679314868715
1679314868654,1679314868750
1679314868701,1679314868756
1679314868771,1679314868775
1679314868756,1679314868870
1679314868922,1679314868963
1679314868798,1679314868967
1679314868966,1679314869040
1679314869045,1679314869067
1679314869016,1679314869076
1679314869001,1679314869100
1679314868998,1679314869131
1679314869123,1679314869139
1679314869170,1679314869230
1679314869220,1679314869230
1679314869205,1679314869294
1679314869227,1679314869315
1679314869313,1679314869320
1679314869304,1679314869335
1679314869365,1679314869390
1679314869389,1679314869410
1679314869361,1679314869437
1679314869459,1679314869477
1679314869434,1679314869559
1679314869541,1679314869581
1679314869566,1679314869589
1679314869575,1679314869592
1679314869508,1679314869656
1679314869427,1679314869711
1679314869682,1679314869712
1679314869734,1679314869742
1679314869754,1679314869791
1679314869789,1679314869797
1679314869686,1679314869859
1679314869896,1679314869903
1679314869872,1679314869920
1679314869900,1679314869922
1679314869908,1679314869947
1679314869851,1679314869981
1679314870005,1679314870028
1679314870023,1679314870045
1679314870080,1679314870096
1679314870064,1679314870099
1679314870152,1679314870171
1679314870188,1679314870201
1679314870274,1679314870301
1679314870285,1679314870336
1679314870328,1679314870343
1679314870340,1679314870344
1679314870328,1679314870348
1679314870327,1679314870376
1679314870406,1679314870426
1679314870415,1679314870473
1679314870478,1679314870506
1679314870488,1679314870531
1679314870555,1679314870572
1679314870582,1679314870601
1679314870634,1679314870640
1679314870685,1679314870740
1679314870736,1679314870762
1679314870601,1679314870784
1679314870832,1679314870855
1679314870823,1679314870869
1679314870889,1679314870910
1679314870989,1679314871017
1679314871094,1679314871101
1679314871054,1679314871101
1679314871090,1679314871108
1679314871095,1679314871168
1679314871096,1679314871171
1679314871194,1679314871206
1679314871241,1679314871252
1679314871358,1679314871362
1679314871350,1679314871377
1679314871376,1679314871393
1679314871370,1679314871403
1679314871459,1679314871514
1679314871499,1679314871531
1679314871534,1679314871546
1679314871436,1679314871560
1679314871437,1679314871591
1679314871634,1679314871661
1679314871628,1679314871671
1679314871846,1679314871851
1679314871873,1679314871911
1679314871861,1679314871932
1679314871936,1679314871947
1679314871976,1679314871988
1679314871936,1679314871991
1679314871991,1679314872007
1679314871964,1679314872013
1679314871971,1679314872052
1679314872065,1679314872129
1679314872103,1679314872247
1679314872150,1679314872250
1679314872336,1679314872344
1679314872341,1679314872419
1679314872403,1679314872450
1679314872263,1679314872478
1679314872419,1679314872496
1679314872489,1679314872502
1679314872464,1679314872515
1679314872524,1679314872549
1679314872490,1679314872570
1679314872559,1679314872621
1679314872619,1679314872652
1679314872645,1679314872670
1679314872668,1679314872727
1679314872717,1679314872734
1679314872728,1679314872737
1679314872743,1679314872783
1679314872700,1679314872784
1679314872729,1679314872854
1679314872890,1679314872949
1679314872913,1679314872956
1679314872915,1679314872963
1679314872826,1679314873010
1679314873044,1679314873082
1679314873060,1679314873085
1679314872946,1679314873110
1679314873135,1679314873173
1679314873172,1679314873196
1679314873156,1679314873209
1679314873329,1679314873339
1679314873263,1679314873343
1679314873356,1679314873381
1679314873340,1679314873396
1679314873437,1679314873440
1679314873437,1679314873450
1679314873312,1679314873457
1679314873458,1679314873512
1679314873491,1679314873544
1679314873438,1679314873554
1679314873551,1679314873558
1679314873560,1679314873600
1679314873660,1679314873669
1679314873680,1679314873707
1679314873737,1679314873745
1679314873748,1679314873755
1679314873711,1679314873766
1679314873739,1679314873768
1679314873760,1679314873821
1679314873796,1679314873849
1679314873731,1679314873908
1679314873720,1679314873918
1679314873790,1679314873923
1679314873820,1679314873940
1679314873892,1679314873988
1679314873983,1679314873998
1679314873992,1679314874021
1679314874115,1679314874158
1679314874167,1679314874187
1679314874167,1679314874238
1679314874204,1679314874253
1679314874289,1679314874296
1679314874243,1679314874296
1679314874255,1679314874306
1679314874415,1679314874423
1679314874412,1679314874450
1679314874449,1679314874504
1679314874515,1679314874581
1679314874504,1679314874606
1679314874572,1679314874632
1679314874609,1679314874663
1679314874534,1679314874670
1679314874677,1679314874686
1679314874658,1679314874713
1679314874726,1679314874763
1679314874763,1679314874771
1679314874693,1679314874785
1679314874793,1679314874801
1679314874822,1679314874868
1679314874890,1679314874927
1679314874919,1679314874949
1679314874948,1679314874967
1679314874914,1679314874991
1679314875001,1679314875003
1679314874993,1679314875037
1679314875069,1679314875076
1679314875075,1679314875115
1679314875106,1679314875124
1679314875118,1679314875151
1679314875245,1679314875288
1679314875261,1679314875320
1679314875310,1679314875349
1679314875346,1679314875357
1679314875307,1679314875361
1679314875390,1679314875410
1679314875433,1679314875453
1679314875435,1679314875521
1679314875428,1679314875525
1679314875518,1679314875584
1679314875569,1679314875598
1679314875583,1679314875618
1679314875579,1679314875631
1679314875721,1679314875726
1679314875757,1679314875791
1679314875767,1679314875812
1679314875714,1679314875820
1679314875823,1679314875842
1679314875874,1679314875889
1679314875855,1679314875914
1679314875850,1679314875937
1679314875881,1679314875960
1679314875964,1679314875979
1679314875959,1679314875997
1679314875921,1679314875998
1679314875943,1679314876004
1679314876052,1679314876058
1679314876078,1679314876108
1679314876113,1679314876139
1679314876174,1679314876184
1679314876192,1679314876199
1679314876235,1679314876247
1679314876231,1679314876260
1679314876261,1679314876269
1679314876245,1679314876276
1679314876223,1679314876297
1679314876315,1679314876350
1679314876374,1679314876386
1679314876375,1679314876399
1679314876355,1679314876406
1679314876412,1679314876424
1679314876425,1679314876476
1679314876403,1679314876489
1679314876492,1679314876526
1679314876552,1679314876559
1679314876544,1679314876571
1679314876548,1679314876572
1679314876553,1679314876588
1679314876605,1679314876611
1679314876601,1679314876616
1679314876621,1679314876628
1679314876625,1679314876671
1679314876658,1679314876676
1679314876688,1679314876727
1679314876722,1679314876729
1679314876673,1679314876731
1679314876715,1679314876769
1679314876755,1679314876787
1679314876688,1679314876851
1679314877039,1679314877060
1679314877051,1679314877065
1679314877077,1679314877190
1679314877156,1679314877204
1679314877159,1679314877232
1679314877188,1679314877233
1679314877133,1679314877256
1679314877232,1679314877326
1679314877324,1679314877351
1679314877273,1679314877366
1679314877184,1679314877375
1679314877162,1679314877389
1679314877297,1679314877398
1679314877440,1679314877462
1679314877294,1679314877495
1679314877349,1679314877549
1679314877516,1679314877652
1679314877661,1679314877698
1679314877689,1679314877708
1679314877707,1679314877712
1679314877728,1679314877744
1679314877741,1679314877746
1679314877654,1679314877826
1679314877831,1679314877846
1679314877809,1679314877866
1679314877887,1679314877911
1679314877861,1679314877929
1679314877943,1679314877949
1679314877849,1679314877951
1679314877869,1679314877959
1679314878008,1679314878031
1679314878033,1679314878065
1679314878066,1679314878075
1679314878133,1679314878149
1679314878145,1679314878212
1679314878183,1679314878239
1679314878182,1679314878323
1679314878291,1679314878361
1679314878354,1679314878368
1679314878380,1679314878388
1679314878360,1679314878418
1679314878399,1679314878439
1679314878416,1679314878467
1679314878435,1679314878495
1679314878405,1679314878532
1679314878678,1679314878696
1679314878707,1679314878724
1679314878634,1679314878729
1679314878727,1679314878754
1679314878667,1679314878757
1679314878754,1679314878795
1679314878786,1679314878803
1679314878771,1679314878814
1679314878809,1679314878828
1679314878823,1679314878881
1679314878767,1679314878901
1679314878871,1679314878926
1679314878881,1679314878943
1679314878953,1679314878974
1679314878796,1679314878998
1679314878977,1679314879014
1679314879010,1679314879014
1679314878925,1679314879018
1679314879006,1679314879044
1679314878964,1679314879104
1679314879073,1679314879112
1679314879123,1679314879135
1679314879208,1679314879217
1679314879221,1679314879230
1679314879210,1679314879239
1679314879168,1679314879251
1679314879244,1679314879256
1679314879241,1679314879289
1679314879181,1679314879367
1679314879394,1679314879434
1679314879395,1679314879468
1679314879429,1679314879507
1679314879289,1679314879525
1679314879400,1679314879546
1679314879561,1679314879575
1679314879420,1679314879594
1679314879568,1679314879621
1679314879513,1679314879626
1679314879609,1679314879646
1679314879631,1679314879685
1679314879496,1679314879703
1679314879745,1679314879780
1679314879677,1679314879833
1679314879814,1679314879836
1679314879736,1679314879838
1679314879853,1679314879880
1679314879845,1679314879906
1679314879891,1679314879919
1679314879871,1679314879945
1679314879833,1679314879980
1679314879984,1679314880017
1679314879991,1679314880034
1679314879964,1679314880040
1679314880016,1679314880059
1679314880049,1679314880061
1679314880098,1679314880115
1679314880117,1679314880120
1679314880095,1679314880145
1679314880179,1679314880198
1679314880209,1679314880233
1679314880260,1679314880289
1679314880287,1679314880338
1679314880284,1679314880367
1679314880376,1679314880409
1679314880329,1679314880463
1679314880460,1679314880469
1679314880450,1679314880492
1679314880477,1679314880500
1679314880505,1679314880536
1679314880510,1679314880557
1679314880566,1679314880610
1679314880554,1679314880623
1679314880620,1679314880627
1679314880606,1679314880659
1679314880679,1679314880715
1679314880710,1679314880747
1679314880754,1679314880798
1679314880762,1679314880820
1679314880628,1679314880826
1679314880858,1679314880863
1679314880852,1679314880884
1679314880819,1679314880893
1679314880863,1679314880951
1679314880922,1679314880955
1679314880882,1679314880956
1679314880874,1679314880974
1679314880986,1679314881057
1679314880965,1679314881062
1679314881044,1679314881067
1679314881192,1679314881214
1679314881193,1679314881242
1679314881291,1679314881305
1679314881186,1679314881372
1679314881325,1679314881380
1679314881382,1679314881396
1679314881428,1679314881462
1679314881481,1679314881483
1679314881432,1679314881495
1679314881442,1679314881498
1679314881524,1679314881534
1679314881488,1679314881564
1679314881551,1679314881588
1679314881567,1679314881589
1679314881600,1679314881606
1679314881590,1679314881617
1679314881498,1679314881695
1679314881724,1679314881758
1679314881789,1679314881829
1679314881812,1679314881858
1679314881874,1679314881892
1679314881885,1679314881928
1679314881878,1679314881999
1679314881965,1679314882026
1679314881953,1679314882044
1679314881964,1679314882051
1679314881951,1679314882111
1679314881899,1679314882121
1679314881983,1679314882123
1679314882113,1679314882126
1679314882101,1679314882128
1679314882144,1679314882150
1679314882172,1679314882179
1679314882149,1679314882182
1679314882152,1679314882185
1679314882216,1679314882229
1679314882289,1679314882305
1679314882294,1679314882310
1679314882276,1679314882342
1679314882371,1679314882400
1679314882394,1679314882404
1679314882313,1679314882413
1679314882292,1679314882422
1679314882411,1679314882437
1679314882397,1679314882454
1679314882485,1679314882495
1679314882568,1679314882583
1679314882638,1679314882656
1679314882655,1679314882662
1679314882625,1679314882676
1679314882690,1679314882693
1679314882720,1679314882724
1679314882678,1679314882734
1679314882706,1679314882777
1679314882784,1679314882789
1679314882695,1679314882806
1679314882696,1679314882849
1679314882841,1679314882856
1679314883120,1679314883189
1679314883245,1679314883256
1679314883270,1679314883273
1679314883257,1679314883325
1679314883301,1679314883342
1679314883271,1679314883385
1679314883414,1679314883449
1679314883497,1679314883508
1679314883502,1679314883600
1679314883688,1679314883695
1679314883800,1679314883828
1679314883762,1679314883832
1679314883786,1679314883843
1679314883846,1679314883858
1679314883948,1679314884006
1679314883980,1679314884016
1679314883931,1679314884021
1679314883994,1679314884037
1679314883981,1679314884076
1679314884058,1679314884079
1679314884143,1679314884168
1679314884146,1679314884260
1679314884217,1679314884281
1679314884284,1679314884290
1679314884302,1679314884335
1679314884366,1679314884406
1679314884394,1679314884430
1679314884423,1679314884442
1679314884496,1679314884526
1679314884375,1679314884537
1679314884540,1679314884555
1679314884560,1679314884577
1679314884586,1679314884592
1679314884600,1679314884603
1679314884600,1679314884606
1679314884579,1679314884614
1679314884604,1679314884628
1679314884626,1679314884630
1679314884692,1679314884703
1679314884612,1679314884721
1679314884683,1679314884759
1679314884741,1679314884797
1679314884805,1679314884851
1679314884852,1679314884860
1679314884855,1679314884887
1679314884957,1679314884985
1679314884990,1679314885001
1679314884977,1679314885008
1679314884997,1679314885027
1679314884994,1679314885030
1679314885003,1679314885069
1679314884984,1679314885082
1679314885020,1679314885086
1679314885098,1679314885135
1679314885082,1679314885141
1679314885128,1679314885147
1679314885148,1679314885172
1679314885078,1679314885182
1679314884975,1679314885210
1679314885220,1679314885255
1679314885337,1679314885366
1679314885213,1679314885369
1679314885337,1679314885391
1679314885384,1679314885429
1679314885460,1679314885480
1679314885470,1679314885481
1679314885518,1679314885537
1679314885498,1679314885544
1679314885543,1679314885553
1679314885446,1679314885554
1679314885444,1679314885576
1679314885576,1679314885662
1679314885716,1679314885786
1679314885714,1679314885793
1679314885742,1679314885797
1679314885857,1679314885860
1679314885854,1679314885873
1679314885854,1679314885953
1679314885956,1679314885978
1679314885910,1679314886013
1679314886014,1679314886036
1679314886054,1679314886073
1679314886045,1679314886092
1679314886104,1679314886117
1679314886145,1679314886149
1679314886049,1679314886181
1679314886028,1679314886182
1679314886170,1679314886241
1679314886250,1679314886259
1679314886216,1679314886263
1679314886249,1679314886283
1679314886282,1679314886341
1679314886339,1679314886358
1679314886361,1679314886381
1679314886364,1679314886449
1679314886454,1679314886458
1679314886445,1679314886460
1679314886462,1679314886519
1679314886473,1679314886533
1679314886611,1679314886656
1679314886667,1679314886677
1679314886649,1679314886685
1679314886559,1679314886687
1679314886649,1679314886693
1679314886686,1679314886701
1679314886650,1679314886742
1679314886652,1679314886749
1679314886724,1679314886765
1679314886694,1679314886770
1679314886697,1679314886818
1679314886847,1679314886912
1679314886884,1679314886915
1679314886854,1679314886951
1679314886943,1679314886953
1679314887012,1679314887015
1679314887000,1679314887074
1679314887064,1679314887096
1679314887112,1679314887120
1679314887166,1679314887170
1679314887042,1679314887170
1679314887203,1679314887215
1679314887194,1679314887246
1679314887251,1679314887257
1679314887236,1679314887283
1679314887183,1679314887293
1679314887288,1679314887313
1679314887203,1679314887320
1679314887206,1679314887323
1679314887326,1679314887332
1679314887267,1679314887334
1679314887269,1679314887342
1679314887352,1679314887379
1679314887317,1679314887452
1679314887351,1679314887453
1679314887450,1679314887504
1679314887523,1679314887580
1679314887520,1679314887597
1679314887637,1679314887654
1679314887493,1679314887708
1679314887708,1679314887751
1679314887749,1679314887765
1679314887821,1679314887832
1679314887740,1679314887852
1679314887876,1679314887896
1679314887837,1679314887904
1679314887908,1679314887954
1679314887904,1679314887968
1679314888017,1679314888025
1679314888058,1679314888063
1679314888067,1679314888115
1679314888032,1679314888139
1679314888135,1679314888154
1679314888171,1679314888188
1679314888174,1679314888189
1679314888228,1679314888243
1679314888261,1679314888286
1679314888289,1679314888354
1679314888337,1679314888363
1679314888351,1679314888397
1679314888366,1679314888399
1679314888443,1679314888446
1679314888466,1679314888471
1679314888530,1679314888557
1679314888485,1679314888580
1679314888601,1679314888613
1679314888595,1679314888619
1679314888604,1679314888631
1679314888565,1679314888723
1679314888821,1679314888829
1679314888820,1679314888843
1679314888777,1679314888876
1679314888857,1679314888886
1679314888852,1679314888894
1679314888917,1679314888926
1679314888899,1679314888933
1679314888801,1679314888941
1679314888813,1679314888979
1679314888940,1679314888982
1679314888970,1679314888984
1679314889003,1679314889015
1679314888940,1679314889025
1679314888936,1679314889043
1679314889088,1679314889133
1679314889167,1679314889256
1679314889239,1679314889280
1679314889149,1679314889311
1679314889361,1679314889388
1679314889403,1679314889422
1679314889421,1679314889424
1679314889421,1679314889430
1679314889398,1679314889439
1679314889483,1679314889495
1679314889495,1679314889499
1679314889459,1679314889509
1679314889557,1679314889563
1679314889601,1679314889640
1679314889655,1679314889672
1679314889661,1679314889688
1679314889711,1679314889736
1679314889640,1679314889738
1679314889743,1679314889765
1679314889604,1679314889777
1679314889765,1679314889800
1679314889799,1679314889843
1679314889855,1679314889872
1679314889760,1679314889906
1679314889975,1679314889992
1679314889994,1679314890005
1679314890032,1679314890037
1679314889987,1679314890070
1679314890077,1679314890088
1679314890118,1679314890134
1679314890145,1679314890155
1679314890111,1679314890210
1679314890111,1679314890226
1679314890252,1679314890256
1679314890120,1679314890261
1679314890105,1679314890278
1679314890313,1679314890340
1679314890205,1679314890345
1679314890387,1679314890397
1679314890376,1679314890444
1679314890058,1679314890458
1679314890443,1679314890464
1679314890430,1679314890491
1679314890347,1679314890531
1679314890525,1679314890549
1679314890498,1679314890561
1679314890452,1679314890612
1679314890588,1679314890628
1679314890605,1679314890662
1679314890645,1679314890668
1679314890648,1679314890671
1679314890641,1679314890705
1679314890655,1679314890714
1679314890699,1679314890721
1679314890701,1679314890750
1679314890694,1679314890752
1679314890729,1679314890795
1679314890787,1679314890803
1679314890771,1679314890817
1679314890861,1679314890897
1679314890891,1679314890947
1679314890926,1679314891023
1679314891023,1679314891031
1679314891161,1679314891169
1679314891165,1679314891177
1679314891146,1679314891221
1679314891135,1679314891233
1679314891236,1679314891268
1679314891319,1679314891358
1679314891315,1679314891363
1679314891353,1679314891368
1679314891388,1679314891395
1679314891369,1679314891423
1679314891355,1679314891426
1679314891421,1679314891519
1679314891515,1679314891532
1679314891658,1679314891688
1679314891594,1679314891690
1679314891627,1679314891714
1679314891696,1679314891719
1679314891736,1679314891769
1679314891751,1679314891771
1679314891734,1679314891773
1679314891779,1679314891793
1679314891813,1679314891859
1679314891757,1679314891879
1679314891901,1679314891906
1679314891981,1679314891987
1679314891973,1679314891988
1679314892081,1679314892096
1679314892120,1679314892134
1679314892130,1679314892136
1679314892100,1679314892228
1679314892231,1679314892247
1679314892252,1679314892254
1679314892214,1679314892284
1679314892295,1679314892323
1679314892379,1679314892434
1679314892388,1679314892437
1679314892446,1679314892465
1679314892409,1679314892477
1679314892522,1679314892537
1679314892503,1679314892571
1679314892548,1679314892573
1679314892627,1679314892658
1679314892683,1679314892702
1679314892697,1679314892707
1679314892688,1679314892730
1679314892810,1679314892825
1679314892934,1679314892973
1679314892972,1679314893003
1679314893024,1679314893056
1679314892989,1679314893081
1679314893112,1679314893125
1679314893120,1679314893174
1679314893159,1679314893188
1679314893150,1679314893200
1679314893207,1679314893219
1679314893229,1679314893246
1679314893225,1679314893255
1679314893218,1679314893262
1679314893217,1679314893283
1679314893275,1679314893300
1679314893235,1679314893305
1679314893305,1679314893333
1679314893389,1679314893395
1679314893410,1679314893416
1679314893422,1679314893426
1679314893435,1679314893493
1679314893492,1679314893505
1679314893296,1679314893537
1679314893388,1679314893597
1679314893595,1679314893606
1679314893557,1679314893610
1679314893619,1679314893627
1679314893777,1679314893802
1679314893696,1679314893836
1679314893830,1679314893845
1679314893853,1679314893862
1679314893888,1679314893918
1679314893922,1679314893967
1679314893949,1679314894002
1679314893967,1679314894039
1679314894029,1679314894042
1679314894079,1679314894109
1679314894152,1679314894198
1679314894175,1679314894224
1679314894211,1679314894227
1679314894177,1679314894243
1679314894211,1679314894245
1679314894239,1679314894258
1679314894253,1679314894268
1679314894250,1679314894312
1679314894350,1679314894367
1679314894340,1679314894372
1679314894221,1679314894405
1679314894437,1679314894442
1679314894437,1679314894457
1679314894515,1679314894558
1679314894471,1679314894570
1679314894615,1679314894634
1679314894641,1679314894649
1679314894726,1679314894729
1679314894731,1679314894736
1679314894784,1679314894800
1679314894758,1679314894810
1679314894797,1679314894815
1679314894674,1679314894835
1679314894931,1679314894948
1679314894979,1679314895033
1679314894989,1679314895058
1679314894993,1679314895067
1679314895128,1679314895147
1679314895148,1679314895161
1679314895245,1679314895303
1679314895265,1679314895325
1679314895326,1679314895331
1679314895281,1679314895354
1679314895238,1679314895390
1679314895321,1679314895411
1679314895443,1679314895455
1679314895463,1679314895471
1679314895447,1679314895478
1679314895550,1679314895603
1679314895682,1679314895695
1679314895597,1679314895705
1679314895664,1679314895712
1679314895714,1679314895840
1679314895839,1679314895887
1679314896009,1679314896012
1679314896086,1679314896098
1679314896067,1679314896104
1679314896097,1679314896113
1679314896099,1679314896122
1679314896127,1679314896165
1679314896081,1679314896172
1679314896166,1679314896173
1679314896167,1679314896173
1679314896214,1679314896229
1679314896235,1679314896275
1679314896279,1679314896287
1679314896297,1679314896311
1679314896323,1679314896340
1679314896461,1679314896511
1679314896485,1679314896515
1679314896523,1679314896537
1679314896538,1679314896547
1679314896538,1679314896552
1679314896595,1679314896634
1679314896610,1679314896637
1679314896678,1679314896726
1679314896705,1679314896780
1679314896590,1679314896781
1679314896745,1679314896797
1679314896819,1679314896826
1679314896853,1679314896882
1679314896940,1679314896967
1679314896948,1679314896990
1679314896897,1679314896994
1679314896982,1679314897009
1679314897004,1679314897035
1679314897052,1679314897055
1679314897072,1679314897076
1679314897082,1679314897146
1679314897090,1679314897152
1679314897082,1679314897157
1679314897134,1679314897227
1679314896913,1679314897253
1679314897113,1679314897255
1679314897270,1679314897285
1679314897264,1679314897304
1679314897118,1679314897305
1679314897291,1679314897319
1679314897151,1679314897370
1679314897336,1679314897385
1679314897356,1679314897388
1679314897359,1679314897400
1679314897363,1679314897425
1679314897375,1679314897456
1679314897336,1679314897498
1679314897359,1679314897498
1679314897369,1679314897507
1679314897427,1679314897603
1679314897561,1679314897613
1679314897367,1679314897628
1679314897373,1679314897639
1679314897485,1679314897647
1679314897514,1679314897656
1679314897367,1679314897659
1679314897360,1679314897665
1679314897624,1679314897690
1679314897532,1679314897692
1679314897376,1679314897729
1679314897700,1679314897745
1679314897768,1679314897822
1679314897579,1679314897838
1679314897386,1679314897852
1679314897674,1679314897859
1679314897861,1679314897871
1679314897721,1679314897873
1679314897516,1679314897933
1679314898027,1679314898084
1679314898082,1679314898114
1679314898080,1679314898142
1679314898169,1679314898176
1679314898115,1679314898228
1679314898227,1679314898310
1679314898299,1679314898339
1679314898352,1679314898388
1679314898416,1679314898434
1679314898413,1679314898460
1679314898502,1679314898514
1679314898536,1679314898570
1679314898614,1679314898631
1679314898633,1679314898654
1679314898620,1679314898654
1679314898555,1679314898686
1679314898602,1679314898701
1679314898681,1679314898760
1679314898737,1679314898764
1679314898752,1679314898785
1679314898787,1679314898816
1679314898832,1679314898857
1679314898868,1679314898901
1679314898903,1679314898909
1679314898815,1679314898965
1679314898829,1679314898980
1679314898971,1679314898997
1679314898923,1679314899005
1679314898953,1679314899065
1679314899090,1679314899109
1679314899139,1679314899154
1679314899198,1679314899244
1679314899175,1679314899276
1679314899274,1679314899285
1679314899311,1679314899335
1679314899465,1679314899471
1679314899446,1679314899487
1679314899472,1679314899504
1679314899488,1679314899513
1679314899474,1679314899515
1679314899460,1679314899519
1679314899223,1679314899547
1679314899488,1679314899550
1679314899501,1679314899555
1679314899514,1679314899555
1679314899481,1679314899566
1679314899451,1679314899580
1679314899493,1679314899582
1679314899414,1679314899586
1679314899493,1679314899598
1679314899486,1679314899612
1679314899477,1679314899629
1679314899524,1679314899650
1679314899570,1679314899657
1679314899685,1679314899711
1679314899649,1679314899712
1679314899661,1679314899740
1679314899760,1679314899778
1679314899776,1679314899822
1679314899882,1679314899900
1679314899781,1679314899913
1679314899810,1679314899921
1679314899910,1679314899935
1679314899991,1679314900008
1679314900109,1679314900130
1679314900101,1679314900179
1679314900043,1679314900204
1679314900123,1679314900239
1679314900243,1679314900278
1679314900268,1679314900282
1679314900188,1679314900299
1679314900297,1679314900309
1679314900318,1679314900354
1679314900362,1679314900367
1679314900376,1679314900393
1679314900402,1679314900406
1679314900404,1679314900429
1679314900455,1679314900505
1679314900511,1679314900546
1679314900583,1679314900586
1679314900591,1679314900599
1679314900441,1679314900605
1679314900630,1679314900637
1679314900652,1679314900708
1679314900481,1679314900740
1679314900652,1679314900792
1679314900668,1679314900801
1679314900804,1679314900813
1679314900785,1679314900859
1679314900865,1679314900894
1679314900838,1679314900910
1679314900907,1679314900915
1679314900861,1679314900939
1679314900941,1679314900945
1679314900970,1679314901033
1679314901097,1679314901129
1679314901098,1679314901149
1679314901106,1679314901154
1679314901081,1679314901173
1679314901141,1679314901208
1679314901293,1679314901303
1679314901260,1679314901320
1679314901384,1679314901389
1679314901378,1679314901396
1679314901217,1679314901397
1679314901444,1679314901452
1679314901463,1679314901475
1679314901457,1679314901480
1679314901489,1679314901495
1679314901469,1679314901508
1679314901504,1679314901524
1679314901511,1679314901532
1679314901466,1679314901569
1679314901524,1679314901577
1679314901636,1679314901688
1679314901760,1679314901785
1679314901803,1679314901811
1679314901743,1679314901814
1679314901827,1679314901857
1679314901868,1679314901876
1679314901789,1679314901881
1679314901928,1679314901939
1679314902085,1679314902150
1679314902072,1679314902230
1679314902277,1679314902317
1679314902189,1679314902323
1679314902333,1679314902339
1679314902319,1679314902349
1679314902330,1679314902394
1679314902420,1679314902445
1679314902395,1679314902451
1679314902532,1679314902539
1679314902554,1679314902558
1679314902436,1679314902560
1679314902555,1679314902571
1679314902539,1679314902618
1679314902505,1679314902618
1679314902636,1679314902661
1679314902492,1679314902668
1679314902633,1679314902691
1679314902668,1679314902691
1679314902712,1679314902727
1679314902885,1679314902892
1679314902815,1679314902911
1679314902903,1679314902911
1679314902836,1679314902938
1679314902940,1679314903003
1679314902960,1679314903058
1679314903009,1679314903064
1679314902945,1679314903067
1679314903158,1679314903161
1679314903140,1679314903167
1679314903138,1679314903215
1679314903142,1679314903223
1679314903300,1679314903306
1679314903337,1679314903359
1679314903362,1679314903396
1679314903437,1679314903476
1679314903433,1679314903477
1679314903507,1679314903534
1679314903453,1679314903541
1679314903513,1679314903552
1679314903529,1679314903628
1679314903583,1679314903630
1679314903624,1679314903644
1679314903620,1679314903732
1679314903732,1679314903738
1679314903673,1679314903775
1679314903783,1679314903788
1679314903766,1679314903815
1679314903784,1679314903884
1679314903898,1679314903986
1679314904012,1679314904032
1679314903956,1679314904066
1679314904010,1679314904069
1679314904113,1679314904121
1679314904081,1679314904197
1679314904206,1679314904219
1679314904182,1679314904225
1679314903992,1679314904300
1679314904134,1679314904306
1679314904271,1679314904310
1679314904294,1679314904349
1679314904198,1679314904364
1679314904111,1679314904376
1679314904181,1679314904401
1679314904309,1679314904426
1679314904417,1679314904439
1679314904437,1679314904452
1679314904102,1679314904481
1679314904483,1679314904492
1679314904312,1679314904511
1679314904507,1679314904515
1679314904518,1679314904522
1679314904531,1679314904551
1679314904442,1679314904561
1679314904594,1679314904651
1679314904646,1679314904706
1679314904674,1679314904764
1679314904763,1679314904771
1679314904801,1679314904832
1679314904814,1679314904834
1679314904798,1679314904839
1679314904843,1679314904857
1679314904799,1679314904865
1679314904766,1679314904870
1679314904764,1679314904872
1679314904908,1679314904917
1679314904946,1679314904951
1679314904871,1679314905001
1679314904952,1679314905024
1679314904946,1679314905048
1679314904978,1679314905059
1679314904927,1679314905154
1679314904969,1679314905168
1679314905193,1679314905219
1679314905072,1679314905239
1679314905232,1679314905242
1679314905298,1679314905330
1679314905331,1679314905337
1679314905359,1679314905381
1679314905378,1679314905386
1679314905333,1679314905407
1679314905449,1679314905486
1679314905533,1679314905551
1679314905472,1679314905611
1679314905562,1679314905645
1679314905613,1679314905666
1679314905606,1679314905681
1679314905702,1679314905723
1679314905638,1679314905734
1679314905663,1679314905821
1679314905619,1679314905821
1679314905802,1679314905851
1679314905632,1679314905854
1679314905851,1679314905870
1679314905705,1679314905895
1679314905790,1679314905917
1679314905866,1679314905919
1679314905857,1679314905940
1679314905931,1679314905962
1679314905718,1679314905965
1679314905892,1679314905996
1679314905969,1679314906010
1679314906088,1679314906094
1679314906026,1679314906128
1679314906212,1679314906227
1679314906197,1679314906228
1679314906354,1679314906370
1679314906396,1679314906406
1679314906348,1679314906421
1679314906373,1679314906437
1679314906488,1679314906496
1679314906503,1679314906561
1679314906594,1679314906618
1679314906679,1679314906760
1679314906614,1679314906764
1679314906776,1679314906785
1679314906763,1679314906785
1679314906700,1679314906789
1679314906837,1679314906843
1679314906868,1679314906893
1679314906845,1679314906898
1679314906889,1679314906915
1679314906918,1679314906952
1679314906923,1679314906972
1679314906981,1679314907025
1679314907009,1679314907042
1679314907127,1679314907137
1679314906934,1679314907157
1679314907217,1679314907237
1679314907310,1679314907346
1679314907411,1679314907419
1679314907333,1679314907425
1679314907437,1679314907440
1679314907436,1679314907442
1679314907416,1679314907452
1679314907449,1679314907486
1679314907504,1679314907509
1679314907440,1679314907547
1679314907522,1679314907548
1679314907571,1679314907594
1679314907563,1679314907603
1679314907444,1679314907645
1679314907533,1679314907648
1679314907446,1679314907652
1679314907602,1679314907697
1679314907658,1679314907707
1679314907660,1679314907752
1679314907814,1679314907821
1679314907774,1679314907879
1679314907737,1679314907882
1679314907882,1679314907898
1679314907937,1679314907985
1679314907908,1679314907995
1679314907922,1679314908045
1679314908053,1679314908060
1679314907853,1679314908075
1679314908032,1679314908089
1679314908029,1679314908100
1679314908133,1679314908152
1679314908154,1679314908177
1679314907833,1679314908198
1679314908213,1679314908231
1679314908111,1679314908263
1679314908301,1679314908337
1679314908277,1679314908339
1679314908306,1679314908350
1679314908301,1679314908354
1679314908238,1679314908363
1679314908331,1679314908385
1679314908395,1679314908404
1679314908421,1679314908483
1679314908536,1679314908547
1679314908559,1679314908588
1679314908565,1679314908623
1679314908565,1679314908648
1679314908592,1679314908687
1679314908693,1679314908698
1679314908700,1679314908723
1679314908727,1679314908733
1679314908801,1679314908825
1679314908790,1679314908831
1679314908834,1679314908854
1679314908859,1679314908868
1679314908817,1679314908895
1679314908904,1679314908998
1679314908904,1679314909031
1679314909051,1679314909108
1679314909097,1679314909142
1679314909120,1679314909155
1679314909203,1679314909220
1679314909169,1679314909227
1679314909229,1679314909272
1679314909226,1679314909292
1679314909196,1679314909301
1679314909372,1679314909388
1679314909347,1679314909399
1679314909400,1679314909442
1679314909404,1679314909442
1679314909482,1679314909513
1679314909504,1679314909522
1679314909519,1679314909560
1679314909533,1679314909577
1679314909617,1679314909621
1679314909576,1679314909655
1679314909677,1679314909712
1679314909633,1679314909740
1679314909553,1679314909775
1679314909689,1679314909819
1679314909728,1679314909822
1679314909836,1679314909898
1679314909762,1679314909909
1679314909948,1679314909968
1679314909948,1679314909976
1679314909975,1679314910019
1679314909976,1679314910059
1679314909953,1679314910107
1679314909998,1679314910109
1679314910134,1679314910155
1679314910164,1679314910169
1679314910131,1679314910198
1679314910325,1679314910360
1679314910254,1679314910365
1679314910351,1679314910400
1679314910360,1679314910423
1679314910520,1679314910546
1679314910498,1679314910575
1679314910520,1679314910592
1679314910527,1679314910650
1679314910532,1679314910658
1679314910569,1679314910663
1679314910648,1679314910702
1679314910704,1679314910707
1679314910691,1679314910721
1679314910704,1679314910735
1679314910622,1679314910760
1679314910619,1679314910768
1679314910709,1679314910775
1679314910661,1679314910776
1679314910723,1679314910788
1679314910813,1679314910839
1679314910857,1679314910877
1679314910902,1679314910910
1679314910949,1679314910961
1679314910948,1679314910967
1679314910949,1679314911006
1679314911024,1679314911040
1679314911032,1679314911065
1679314911053,1679314911091
1679314911095,1679314911104
1679314911066,1679314911152
1679314911143,1679314911164
1679314911085,1679314911166
1679314911095,1679314911184
1679314911071,1679314911226
1679314911217,1679314911253
1679314911056,1679314911254
1679314911223,1679314911274
1679314911241,1679314911275
1679314911245,1679314911277
1679314911251,1679314911309
1679314911294,1679314911345
1679314911363,1679314911368
1679314911381,1679314911398
1679314911370,1679314911401
1679314911337,1679314911412
1679314911335,1679314911419
1679314911552,1679314911556
1679314911539,1679314911565
1679314911539,1679314911615
1679314911652,1679314911672
1679314911708,1679314911715
1679314911715,1679314911744
1679314911739,1679314911757
1679314911726,1679314911789
1679314911725,1679314911817
1679314911777,1679314911819
1679314911812,1679314911823
1679314911823,1679314911864
1679314911709,1679314911887
1679314911873,1679314911888
1679314911875,1679314911902
1679314911906,1679314911941
1679314911964,1679314912027
1679314911928,1679314912079
1679314912072,1679314912091
1679314912105,1679314912153
1679314912084,1679314912155
1679314912164,1679314912279
1679314912242,1679314912342
1679314912312,1679314912346
1679314912218,1679314912408
1679314912367,1679314912409
1679314912449,1679314912455
1679314912519,1679314912527
1679314912563,1679314912582
1679314912576,1679314912582
1679314912571,1679314912625
1679314912603,1679314912655
1679314912657,1679314912692
1679314912725,1679314912731
1679314912652,1679314912736
1679314912719,1679314912736
1679314912763,1679314912786
1679314912735,1679314912797
1679314912792,1679314912813
1679314912818,1679314912848
1679314912794,1679314912854
1679314912775,1679314912858
1679314912773,1679314912894
1679314912800,1679314912909
1679314912846,1679314912911
1679314912840,1679314912912
1679314912739,1679314912953
1679314912788,1679314912962
1679314912846,1679314912986
1679314912782,1679314912992
1679314912982,1679314912996
1679314913026,1679314913042
1679314913057,1679314913071
1679314912777,1679314913096
1679314912963,1679314913108
1679314913101,1679314913128
1679314913129,1679314913152
1679314913102,1679314913183
1679314913194,1679314913256
1679314913289,1679314913306
1679314913205,1679314913329
1679314913308,1679314913354
1679314913308,1679314913371
1679314913371,1679314913380
1679314913327,1679314913383
1679314913401,1679314913408
1679314913442,1679314913474
1679314913507,1679314913536
1679314913575,1679314913630
1679314913557,1679314913634
1679314913513,1679314913639
1679314913591,1679314913640
1679314913680,1679314913735
1679314913757,1679314913765
1679314913811,1679314913849
1679314913848,1679314913859
1679314913815,1679314913864
1679314913875,1679314913882
1679314913843,1679314913900
1679314913813,1679314913903
1679314913906,1679314913915
1679314913925,1679314913936
1679314913983,1679314914004
1679314913989,1679314914030
1679314913938,1679314914051
1679314914083,1679314914092
1679314914144,1679314914176
1679314914112,1679314914184
1679314914170,1679314914205
1679314914189,1679314914234
1679314914282,1679314914340
1679314914250,1679314914340
1679314914346,1679314914363
1679314914259,1679314914367
1679314914293,1679314914368
1679314914381,1679314914418
1679314914389,1679314914422
1679314914359,1679314914431
1679314914392,1679314914437
1679314914424,1679314914438
1679314914440,1679314914456
1679314914364,1679314914468
1679314914453,1679314914507
1679314914453,1679314914514
1679314914473,1679314914588
1679314914669,1679314914692
1679314914616,1679314914704
1679314914745,1679314914768
1679314914492,1679314914773
1679314914774,1679314914784
1679314914787,1679314914801
1679314914757,1679314914828
1679314914714,1679314914935
1679314914920,1679314914963
1679314914954,1679314915007
1679314914996,1679314915017
1679314914941,1679314915023
1679314915098,1679314915148
1679314915099,1679314915164
1679314915162,1679314915242
1679314915155,1679314915274
1679314915266,1679314915301
1679314915109,1679314915302
1679314915339,1679314915359
1679314915370,1679314915376
1679314915193,1679314915380
1679314915312,1679314915382
1679314915501,1679314915520
1679314915515,1679314915542
1679314915565,1679314915589
1679314915463,1679314915599
1679314915572,1679314915611
1679314915647,1679314915657
1679314915656,1679314915664
1679314915568,1679314915712
1679314915700,1679314915746
1679314915685,1679314915748
1679314915685,1679314915829
1679314915587,1679314915840
1679314915873,1679314915882
1679314915910,1679314915921
1679314915903,1679314915940
1679314915956,1679314915969
1679314915974,1679314916021
1679314915931,1679314916058
1679314916060,1679314916084
1679314916021,1679314916091
1679314916010,1679314916093
1679314916180,1679314916192
1679314916160,1679314916192
1679314916099,1679314916201
1679314916255,1679314916265
1679314916244,1679314916270
1679314916267,1679314916271
1679314916256,1679314916292
1679314916277,1679314916424
1679314916416,1679314916426
1679314916352,1679314916444
1679314916541,1679314916567
1679314916571,1679314916622
1679314916638,1679314916668
1679314916668,1679314916675
1679314916699,1679314916746
1679314916659,1679314916746
1679314916717,1679314916764
1679314916731,1679314916787
1679314916794,1679314916798
1679314916806,1679314916825
1679314916829,1679314916875
1679314916905,1679314916918
1679314916922,1679314916934
1679314916869,1679314916959
1679314916921,1679314916960
1679314916926,1679314916961
1679314916894,1679314916977
1679314916825,1679314916977
1679314916946,1679314916998
1679314916909,1679314917040
1679314916939,1679314917048
1679314917027,1679314917064
1679314916973,1679314917078
1679314917055,1679314917089
1679314916948,1679314917098
1679314916937,1679314917114
1679314917078,1679314917126
1679314917185,1679314917205
1679314917202,1679314917206
1679314917128,1679314917252
1679314917325,1679314917362
1679314917275,1679314917412
1679314917337,1679314917421
1679314917385,1679314917425
1679314917406,1679314917426
1679314917346,1679314917447
1679314917582,1679314917602
1679314917614,1679314917621
1679314917607,1679314917653
1679314917740,1679314917748
1679314917778,1679314917784
1679314917737,1679314917823
1679314917801,1679314917857
1679314917931,1679314917934
1679314917978,1679314918002
1679314917982,1679314918019
1679314918074,1679314918092
1679314918090,1679314918128
1679314918122,1679314918136
1679314918222,1679314918231
1679314918022,1679314918232
1679314917981,1679314918242
1679314918101,1679314918272
1679314918079,1679314918279
1679314918274,1679314918280
1679314918337,1679314918357
1679314918342,1679314918361
1679314918419,1679314918427
1679314918476,1679314918482
1679314918502,1679314918515
1679314918530,1679314918590
1679314918547,1679314918600
1679314918536,1679314918603
1679314918642,1679314918651
1679314918649,1679314918657
1679314918629,1679314918664
1679314918700,1679314918710
1679314918712,1679314918731
1679314918686,1679314918745
1679314918739,1679314918797
1679314918696,1679314918806
1679314918797,1679314918811
1679314918803,1679314918819
1679314918838,1679314918843
1679314918911,1679314918928
1679314918941,1679314918975
1679314918981,1679314919024
1679314919059,1679314919076
1679314919175,1679314919181
1679314919177,1679314919211
1679314919168,1679314919235
1679314919349,1679314919358
1679314919354,1679314919364
1679314919378,1679314919408
1679314919408,1679314919413
1679314919366,1679314919418
1679314919356,1679314919426
1679314919222,1679314919462
1679314919408,1679314919473
1679314919320,1679314919482
1679314919506,1679314919543
1679314919502,1679314919545
1679314919536,1679314919571
1679314919651,1679314919666
1679314919664,1679314919697
1679314919706,1679314919780
1679314919765,1679314919781
1679314919709,1679314919793
1679314919746,1679314919809
1679314919710,1679314919810
1679314919794,1679314919815
1679314919824,1679314919829
1679314919766,1679314919833
1679314919777,1679314919843
1679314919750,1679314919854
1679314919901,1679314919965
1679314919896,1679314919966
1679314919877,1679314920007
1679314920032,1679314920043
1679314920039,1679314920045
1679314919962,1679314920074
1679314920064,1679314920109
1679314920047,1679314920119
1679314920029,1679314920130
1679314919968,1679314920137
1679314919990,1679314920139
1679314920131,1679314920147
1679314920122,1679314920177
1679314920024,1679314920177
1679314920040,1679314920199
1679314920088,1679314920201
1679314920016,1679314920207
1679314920008,1679314920300
1679314920234,1679314920303
1679314920256,1679314920308
1679314920309,1679314920332
1679314920170,1679314920352
1679314920213,1679314920384
1679314920360,1679314920388
1679314920409,1679314920418
1679314920410,1679314920424
1679314920469,1679314920472
1679314920513,1679314920559
1679314920628,1679314920644
1679314920646,1679314920653
1679314920785,1679314920842
1679314920855,1679314920868
1679314920778,1679314920921
1679314920828,1679314920945
1679314920891,1679314920979
1679314920991,1679314920995
1679314920984,1679314921007
1679314920885,1679314921034
1679314920850,1679314921042
1679314921022,1679314921047
1679314921063,1679314921078
1679314921055,1679314921088
1679314921102,1679314921140
1679314921137,1679314921148
1679314921174,1679314921182
1679314921167,1679314921213
1679314921178,1679314921240
1679314921290,1679314921314
1679314921376,1679314921408
1679314921429,1679314921437
1679314921534,1679314921557
1679314921562,1679314921592
1679314921584,1679314921597
1679314921537,1679314921601
1679314921562,1679314921660
1679314921712,1679314921727
1679314921696,1679314921727
1679314921745,1679314921752
1679314921747,1679314921773
1679314921853,1679314921890
1679314921805,1679314921901
1679314921826,1679314921983
1679314921955,1679314922011
1679314922006,1679314922015
1679314922021,1679314922050
1679314922059,1679314922082
1679314922064,1679314922086
1679314922098,1679314922117
1679314922112,1679314922148
1679314922120,1679314922155
1679314922150,1679314922163
1679314922125,1679314922174
1679314922163,1679314922175
1679314922154,1679314922209
1679314922169,1679314922305
1679314922164,1679314922317
1679314922261,1679314922326
1679314922288,1679314922330
1679314922349,1679314922364
1679314922326,1679314922400
1679314922373,1679314922401
1679314922353,1679314922417
1679314922357,1679314922423
1679314922478,1679314922485
1679314922454,1679314922509
1679314922542,1679314922606
1679314922678,1679314922685
1679314922672,1679314922714
1679314922702,1679314922742
1679314922798,1679314922852
1679314922918,1679314922924
1679314922956,1679314922963
1679314922957,1679314922974
1679314922924,1679314922997
1679314922974,1679314923014
1679314922964,1679314923021
1679314922960,1679314923025
1679314922921,1679314923033
1679314922961,1679314923036
1679314923057,1679314923061
1679314923077,1679314923088
1679314923122,1679314923203
1679314923258,1679314923263
1679314923285,1679314923318
1679314923310,1679314923329
1679314923280,1679314923346
1679314923386,1679314923415
1679314923370,1679314923422
1679314923385,1679314923426
1679314923425,1679314923436
1679314923476,1679314923491
1679314923531,1679314923535
1679314923596,1679314923608
1679314923626,1679314923647
1679314923604,1679314923659
1679314923648,1679314923688
1679314923656,1679314923731
1679314923790,1679314923808
1679314923890,1679314923956
1679314923928,1679314923997
1679314923981,1679314924016
1679314924092,1679314924146
1679314923963,1679314924151
1679314924075,1679314924161
1679314924154,1679314924161
1679314924140,1679314924182
1679314924181,1679314924210
1679314924214,1679314924228
1679314924107,1679314924240
1679314924099,1679314924257
1679314924107,1679314924265
1679314924245,1679314924283
1679314924129,1679314924292
1679314924256,1679314924340
1679314924332,1679314924355
1679314924384,1679314924392
1679314924360,1679314924434
1679314924309,1679314924449
1679314924453,1679314924460
1679314924487,1679314924498
1679314924465,1679314924520
1679314924561,1679314924564
1679314924436,1679314924564
1679314924553,1679314924578
1679314924618,1679314924628
1679314924636,1679314924671
1679314924700,1679314924707
1679314924714,1679314924729
1679314924737,1679314924751
1679314924695,1679314924759
1679314924710,1679314924769
1679314924788,1679314924810
1679314924756,1679314924836
1679314924830,1679314924837
1679314924863,1679314924877
1679314924804,1679314924924
1679314924905,1679314924925
1679314924734,1679314924952
1679314924957,1679314924988
1679314924926,1679314925014
1679314925017,1679314925021
1679314924813,1679314925066
1679314925043,1679314925163
1679314925194,1679314925210
1679314925194,1679314925227
1679314925231,1679314925249
1679314925232,1679314925267
1679314925205,1679314925268
1679314925215,1679314925299
1679314925234,1679314925299
1679314925205,1679314925314
1679314925217,1679314925318
1679314925217,1679314925322
1679314925321,1679314925336
1679314925220,1679314925404
1679314925413,1679314925460
1679314925416,1679314925516
1679314925493,1679314925541
1679314925413,1679314925580
1679314925561,1679314925603
1679314925561,1679314925607
1679314925590,1679314925660
1679314925664,1679314925683
1679314925714,1679314925719
1679314925712,1679314925752
1679314925831,1679314925843
1679314925771,1679314925878
1679314925916,1679314925922
1679314925948,1679314925953
1679314925995,1679314926087
1679314926086,1679314926119
1679314926035,1679314926119
1679314925954,1679314926124
1679314926086,1679314926133
1679314926234,1679314926245
1679314926255,1679314926283
1679314926297,1679314926391
1679314926406,1679314926426
1679314926411,1679314926437
1679314926471,1679314926496
1679314926409,1679314926515
1679314926535,1679314926547
1679314926532,1679314926579
1679314926567,1679314926579
1679314926636,1679314926643
1679314926645,1679314926652
1679314926746,1679314926750
1679314926754,1679314926771
1679314926820,1679314926826
1679314926887,1679314926894
1679314926865,1679314926918
1679314926922,1679314926928
1679314926859,1679314926936
1679314926932,1679314926956
1679314926882,1679314926964
1679314926970,1679314926995
1679314926905,1679314927017
1679314927015,1679314927052
1679314927025,1679314927065
1679314927114,1679314927139
1679314927138,1679314927167
1679314927152,1679314927169
1679314927155,1679314927196
1679314927233,1679314927245
1679314927184,1679314927255
1679314927320,1679314927336
1679314927276,1679314927344
1679314927321,1679314927345
1679314927312,1679314927350
1679314927351,1679314927399
1679314927410,1679314927414
1679314927329,1679314927421
1679314927212,1679314927435
1679314927452,1679314927461
1679314927524,1679314927540
1679314927543,1679314927549
1679314927619,1679314927655
1679314927687,1679314927696
1679314927653,1679314927702
1679314927742,1679314927754
1679314927691,1679314927781
1679314927712,1679314927802
1679314927772,1679314927816
1679314927723,1679314927897
1679314927977,1679314927984
1679314927960,1679314928019
1679314928020,1679314928039
1679314927924,1679314928047
1679314927986,1679314928048
1679314928044,1679314928086
1679314928104,1679314928121
1679314928221,1679314928270
1679314928151,1679314928309
1679314928303,1679314928329
1679314928363,1679314928370
1679314928358,1679314928406
1679314928411,1679314928415
1679314928407,1679314928446
1679314928440,1679314928470
1679314928453,1679314928471
1679314928519,1679314928563
1679314928540,1679314928567
1679314928494,1679314928646
1679314928637,1679314928681
1679314928651,1679314928690
1679314928691,1679314928695
1679314928708,1679314928750
1679314928695,1679314928755
1679314928721,1679314928782
1679314928748,1679314928820
1679314928815,1679314928840
1679314928774,1679314928842
1679314928829,1679314928884
1679314928868,1679314928894
1679314928864,1679314928936
1679314928914,1679314928954
1679314928928,1679314928967
1679314928977,1679314929007
1679314928985,1679314929042
1679314928968,1679314929054
1679314929065,1679314929071
1679314928967,1679314929075
1679314929126,1679314929169
1679314929118,1679314929195
1679314929072,1679314929228
1679314929008,1679314929252
1679314929187,1679314929258
1679314928980,1679314929261
1679314929065,1679314929262
1679314929264,1679314929299
1679314929295,1679314929325
1679314929264,1679314929352
1679314929326,1679314929353
1679314929365,1679314929376
1679314929376,1679314929456
1679314929346,1679314929470
1679314929412,1679314929472
1679314929482,1679314929488
1679314929493,1679314929530
1679314929486,1679314929539
1679314929397,1679314929593
1679314929428,1679314929621
1679314929502,1679314929638
1679314929581,1679314929642
1679314929373,1679314929684
1679314929549,1679314929697
1679314929711,1679314929725
1679314929385,1679314929752
1679314929640,1679314929757
1679314929547,1679314929761
1679314929672,1679314929788
1679314929713,1679314929794
1679314929824,1679314929841
1679314929769,1679314929884
1679314929865,1679314929911
1679314929900,1679314929958
1679314929912,1679314929959
1679314929903,1679314929998
1679314929795,1679314930003
1679314929932,1679314930015
1679314929844,1679314930040
1679314930007,1679314930045
1679314929960,1679314930086
1679314930079,1679314930098
1679314930086,1679314930103
1679314930080,1679314930172
1679314930167,1679314930174
1679314930068,1679314930175
1679314930160,1679314930210
1679314930204,1679314930237
1679314930277,1679314930403
1679314930489,1679314930510
1679314930476,1679314930549
1679314930554,1679314930573
1679314930549,1679314930615
1679314930555,1679314930668
1679314930662,1679314930676
1679314930650,1679314930716
1679314930707,1679314930758
1679314930645,1679314930789
1679314930762,1679314930900
1679314930776,1679314930957
1679314930940,1679314930980
1679314930966,1679314930982
1679314930733,1679314931001
1679314930750,1679314931007
1679314930981,1679314931031
1679314930963,1679314931055
1679314930818,1679314931066
1679314930776,1679314931071
1679314931099,1679314931108
1679314931109,1679314931129
1679314930913,1679314931146
1679314931174,1679314931199
1679314930988,1679314931199
1679314931177,1679314931204
1679314931110,1679314931243
1679314930883,1679314931263
1679314931075,1679314931293
1679314931251,1679314931339
1679314931333,1679314931342
1679314931308,1679314931347
1679314931357,1679314931376
1679314931322,1679314931385
1679314931389,1679314931448
1679314931452,1679314931457
1679314931447,1679314931468
1679314931444,1679314931494
1679314931438,1679314931501
1679314931508,1679314931520
1679314931516,1679314931526
1679314931481,1679314931529
1679314931524,1679314931532
1679314931549,1679314931555
1679314931559,1679314931584
1679314931672,1679314931715
1679314931745,1679314931757
1679314931714,1679314931777
1679314931767,1679314931836
1679314931862,1679314931877
1679314931897,1679314931914
1679314931933,1679314931963
1679314931965,1679314931972
1679314931850,1679314931983
1679314931920,1679314932008
1679314932018,1679314932022
1679314931907,1679314932042
1679314931899,1679314932059
1679314932049,1679314932059
1679314932042,1679314932071
1679314932081,1679314932109
1679314932133,1679314932147
1679314932175,1679314932188
1679314932191,1679314932234
1679314932218,1679314932241
1679314932280,1679314932286
1679314932108,1679314932299
1679314932312,1679314932320
1679314932106,1679314932323
1679314932267,1679314932327
1679314932380,1679314932383
1679314932341,1679314932400
1679314932367,1679314932428
1679314932478,1679314932492
1679314932479,1679314932509
1679314932517,1679314932570
1679314932581,1679314932599
1679314932572,1679314932651
1679314932599,1679314932666
1679314932579,1679314932687
1679314932526,1679314932694
1679314932643,1679314932707
1679314932563,1679314932711
1679314932508,1679314932717
1679314932622,1679314932733
1679314932519,1679314932807
1679314932812,1679314932817
1679314932796,1679314932830
1679314932746,1679314932846
1679314932895,1679314932929
1679314932821,1679314932943
1679314932827,1679314932945
1679314932866,1679314932948
1679314932955,1679314932970
1679314932952,1679314932987
1679314932993,1679314933016
1679314933042,1679314933059
1679314933047,1679314933073
1679314933039,1679314933108
1679314933086,1679314933121
1679314933215,1679314933221
1679314933195,1679314933233
1679314933228,1679314933234
1679314933215,1679314933262
1679314933289,1679314933299
1679314932997,1679314933342
1679314933158,1679314933344
1679314933238,1679314933357
1679314933258,1679314933358
1679314933341,1679314933370
1679314933447,1679314933481
1679314933467,1679314933492
1679314933384,1679314933497
1679314933479,1679314933498
1679314933503,1679314933507
1679314933491,1679314933513
1679314933488,1679314933530
1679314933491,1679314933553
1679314933512,1679314933557
1679314933504,1679314933574
1679314933475,1679314933581
1679314933484,1679314933593
1679314933599,1679314933612
1679314933510,1679314933612
1679314933598,1679314933623
1679314933656,1679314933671
1679314933605,1679314933678
1679314933670,1679314933680
1679314933616,1679314933721
1679314933652,1679314933746
1679314933786,1679314933846
1679314933806,1679314933860
1679314933773,1679314933930
1679314933836,1679314933941
1679314933834,1679314933943
1679314933943,1679314933971
1679314934004,1679314934010
1679314933973,1679314934015
1679314934014,1679314934017
1679314934011,1679314934076
1679314934028,1679314934088
1679314934078,1679314934092
1679314933966,1679314934097
1679314934113,1679314934123
1679314934097,1679314934151
1679314934152,1679314934161
1679314934020,1679314934165
1679314934101,1679314934231
1679314933926,1679314934233
1679314934146,1679314934248
1679314934208,1679314934254
1679314934121,1679314934288
1679314934107,1679314934291
1679314934027,1679314934292
1679314934267,1679314934338
1679314934372,1679314934386
1679314934403,1679314934477
1679314934477,1679314934503
1679314934513,1679314934559
1679314934562,1679314934563
1679314934548,1679314934577
1679314934548,1679314934591
1679314934500,1679314934599
1679314934598,1679314934653
1679314934652,1679314934659
1679314934645,1679314934676
1679314934685,1679314934763
1679314934737,1679314934806
1679314934707,1679314934835
1679314934847,1679314934852
1679314934942,1679314934970
1679314935002,1679314935022
1679314935022,1679314935038
1679314935003,1679314935041
1679314934962,1679314935073
1679314935017,1679314935076
1679314935055,1679314935083
1679314935061,1679314935146
1679314935059,1679314935170
1679314935090,1679314935191
1679314935150,1679314935196
1679314935091,1679314935198
1679314935193,1679314935266
1679314935240,1679314935267
1679314935230,1679314935275
1679314935244,1679314935289
1679314935288,1679314935307
1679314935318,1679314935321
1679314935065,1679314935356
1679314935293,1679314935392
1679314935324,1679314935398
1679314935420,1679314935427
1679314935340,1679314935444
1679314935403,1679314935468
1679314935323,1679314935474
1679314935486,1679314935518
1679314935407,1679314935540
1679314935496,1679314935545
1679314935316,1679314935582
1679314935628,1679314935639
1679314935643,1679314935651
1679314935637,1679314935678
1679314935595,1679314935685
1679314935683,1679314935687
1679314935727,1679314935758
1679314935837,1679314935854
1679314935898,1679314935915
1679314935885,1679314935931
1679314935907,1679314935936
1679314935957,1679314935978
1679314935980,1679314935982
1679314936025,1679314936042
1679314936020,1679314936057
1679314935891,1679314936058
1679314935963,1679314936069
1679314936048,1679314936070
1679314936009,1679314936091
1679314936091,1679314936126
1679314936036,1679314936129
1679314936090,1679314936158
1679314936156,1679314936191
1679314936159,1679314936203
1679314936180,1679314936213
1679314936301,1679314936307
1679314936400,1679314936412
1679314936407,1679314936429
1679314936436,1679314936452
1679314936456,1679314936496
1679314936416,1679314936505
1679314936424,1679314936507
1679314936327,1679314936517
1679314936415,1679314936522
1679314936523,1679314936534
1679314936523,1679314936605
1679314936560,1679314936628
1679314936576,1679314936628
1679314936613,1679314936642
1679314936648,1679314936692
1679314936665,1679314936742
1679314936698,1679314936748
1679314936744,1679314936766
1679314936764,1679314936786
1679314936752,1679314936789
1679314936814,1679314936831
1679314936913,1679314936935
1679314936920,1679314936952
1679314936658,1679314936960
1679314936942,1679314936969
1679314936966,1679314936980
1679314936954,1679314936993
1679314936958,1679314936997
1679314937024,1679314937039
1679314937069,1679314937078
1679314936977,1679314937087
1679314937119,1679314937146
1679314937060,1679314937152
1679314937189,1679314937219
1679314937285,1679314937288
1679314937289,1679314937293
1679314937296,1679314937309
1679314937294,1679314937313
1679314937300,1679314937331
1679314937278,1679314937336
1679314937327,1679314937400
1679314937328,1679314937408
1679314937450,1679314937455
1679314937457,1679314937482
1679314937527,1679314937585
1679314937447,1679314937610
1679314937518,1679314937641
1679314937501,1679314937671
1679314937615,1679314937676
1679314937717,1679314937735
1679314937709,1679314937762
1679314937765,1679314937777
1679314937738,1679314937784
1679314937778,1679314937793
1679314937779,1679314937822
1679314937801,1679314937825
1679314937736,1679314937825
1679314937818,1679314937833
1679314937839,1679314937861
1679314937821,1679314937866
1679314937845,1679314937919
1679314937917,1679314937962
1679314937982,1679314937993
1679314937955,1679314937994
1679314937995,1679314938006
1679314938024,1679314938048
1679314938031,1679314938076
1679314938181,1679314938192
1679314938186,1679314938276
1679314938234,1679314938279
1679314938157,1679314938283
1679314938305,1679314938321
1679314938128,1679314938347
1679314938387,1679314938393
1679314938447,1679314938456
1679314938466,1679314938474
1679314938398,1679314938504
1679314938499,1679314938515
1679314938506,1679314938519
1679314938511,1679314938537
1679314938561,1679314938579
1679314938613,1679314938620
1679314938529,1679314938625
1679314938640,1679314938660
1679314938672,1679314938697
1679314938671,1679314938699
1679314938682,1679314938702
1679314938663,1679314938716
1679314938700,1679314938717
1679314938670,1679314938730
1679314938581,1679314938741
1679314938587,1679314938764
1679314938729,1679314938786
1679314938837,1679314938843
1679314938752,1679314938845
1679314938837,1679314938849
1679314938901,1679314938935
1679314938911,1679314938968
1679314938872,1679314939017
1679314938901,1679314939048
1679314939126,1679314939177
1679314939122,1679314939177
1679314939183,1679314939192
1679314939171,1679314939207
1679314939253,1679314939286
1679314939297,1679314939330
1679314939316,1679314939357
1679314939363,1679314939368
1679314939313,1679314939384
1679314939239,1679314939396
1679314939390,1679314939413
1679314939402,1679314939419
1679314939423,1679314939442
1679314939399,1679314939445
1679314939551,1679314939561
1679314939566,1679314939600
1679314939478,1679314939607
1679314939573,1679314939705
1679314939619,1679314939707
1679314939702,1679314939719
1679314939718,1679314939727
1679314939670,1679314939730
1679314939696,1679314939737
1679314939692,1679314939778
1679314939820,1679314939827
1679314939801,1679314939873
1679314939819,1679314939887
1679314939801,1679314939904
1679314939877,1679314939911
1679314939847,1679314939932
1679314939881,1679314939935
1679314939895,1679314939949
1679314939950,1679314939973
1679314939991,1679314939996
1679314940086,1679314940102
1679314940119,1679314940147
1679314940071,1679314940175
1679314940120,1679314940175
1679314940162,1679314940178
1679314940174,1679314940199
1679314940213,1679314940228
1679314940314,1679314940324
1679314940132,1679314940325
1679314940293,1679314940335
1679314940362,1679314940370
1679314940292,1679314940403
1679314940265,1679314940416
1679314940318,1679314940424
1679314940443,1679314940487
1679314940457,1679314940488
1679314940596,1679314940600
1679314940553,1679314940617
1679314940535,1679314940647
1679314940643,1679314940661
1679314940672,1679314940674
1679314940385,1679314940695
1679314940690,1679314940708
1679314940649,1679314940729
1679314940569,1679314940737
1679314940718,1679314940742
1679314940711,1679314940756
1679314940802,1679314940821
1679314940828,1679314940858
1679314940789,1679314940890
1679314940921,1679314940944
1679314940798,1679314940992
1679314941032,1679314941072
1679314941037,1679314941098
1679314941077,1679314941118
1679314941111,1679314941150
1679314941099,1679314941197
1679314941195,1679314941200
1679314941212,1679314941221
1679314941205,1679314941221
1679314941153,1679314941275
1679314941358,1679314941389
1679314941311,1679314941394
1679314941377,1679314941409
1679314941374,1679314941418
1679314941356,1679314941448
1679314941404,1679314941463
1679314941414,1679314941483
1679314941457,1679314941505
1679314941476,1679314941521
1679314941521,1679314941524
1679314941439,1679314941531
1679314941328,1679314941592
1679314941543,1679314941592
1679314941598,1679314941618
1679314941773,1679314941782
1679314941767,1679314941807
1679314941781,1679314941819
1679314941783,1679314941826
1679314941737,1679314941877
1679314941812,1679314941877
1679314941925,1679314941948
1679314941937,1679314941965
1679314941945,1679314942032
1679314942041,1679314942055
1679314942055,1679314942068
1679314941977,1679314942082
1679314942030,1679314942116
1679314942135,1679314942144
1679314942129,1679314942149
1679314942060,1679314942159
1679314942157,1679314942167
1679314942158,1679314942203
1679314942199,1679314942217
1679314942158,1679314942224
1679314942228,1679314942240
1679314942237,1679314942247
1679314942229,1679314942251
1679314942224,1679314942268
1679314942221,1679314942268
1679314942281,1679314942296
1679314942274,1679314942308
1679314942266,1679314942327
1679314942317,1679314942395
1679314942406,1679314942470
1679314942500,1679314942524
1679314942598,1679314942637
1679314942613,1679314942653
1679314942644,1679314942658
1679314942668,1679314942672
1679314942709,1679314942712
1679314942699,1679314942789
1679314942820,1679314942851
1679314942802,1679314942866
1679314942811,1679314942901
1679314942897,1679314942903
1679314942851,1679314942904
1679314942944,1679314942986
1679314942796,1679314942990
1679314942975,1679314942991
1679314942946,1679314943001
1679314942959,1679314943002
1679314942901,1679314943016
1679314943010,1679314943056
1679314943036,1679314943077
1679314942901,1679314943117
1679314943123,1679314943131
1679314942800,1679314943160
1679314943202,1679314943230
1679314943175,1679314943265
1679314943250,1679314943275
1679314943273,1679314943277
1679314943133,1679314943299
1679314943204,1679314943335
1679314943283,1679314943336
1679314943312,1679314943337
1679314943307,1679314943357
1679314943210,1679314943363
1679314943290,1679314943377
1679314943350,1679314943377
1679314943340,1679314943389
1679314943373,1679314943464
1679314943434,1679314943497
1679314943442,1679314943526
1679314943508,1679314943528
1679314943646,1679314943665
1679314943618,1679314943668
1679314943672,1679314943709
1679314943741,1679314943752
1679314943639,1679314943752
1679314943673,1679314943763
1679314943678,1679314943862
1679314943890,1679314943902
1679314943910,1679314943941
1679314943897,1679314943985
1679314944028,1679314944049
1679314943990,1679314944071
1679314944124,1679314944145
1679314944174,1679314944188
1679314944186,1679314944189
1679314944177,1679314944199
1679314944082,1679314944241
1679314944227,1679314944259
1679314944200,1679314944265
1679314944194,1679314944271
1679314944180,1679314944273
1679314944252,1679314944276
1679314944234,1679314944319
1679314944476,1679314944489
1679314944388,1679314944504
1679314944395,1679314944512
1679314944543,1679314944596
1679314944586,1679314944599
1679314944573,1679314944605
1679314944623,1679314944644
1679314944621,1679314944656
1679314944638,1679314944687
1679314944688,1679314944729
1679314944708,1679314944729
1679314944731,1679314944778
1679314944852,1679314944876
1679314944859,1679314944901
1679314944883,1679314944918
1679314944855,1679314944941
1679314944884,1679314944981
1679314944904,1679314944987
1679314944802,1679314945011
1679314945006,1679314945039
1679314944874,1679314945059
1679314944981,1679314945063
1679314945043,1679314945069
1679314944976,1679314945087
1679314944959,1679314945132
1679314945084,1679314945141
1679314945090,1679314945154
1679314945104,1679314945176
1679314945175,1679314945185
1679314945102,1679314945202
1679314945234,1679314945243
1679314945241,1679314945252
1679314945277,1679314945398
1679314945325,1679314945398
1679314945386,1679314945470
1679314945489,1679314945499
1679314945453,1679314945501
1679314945366,1679314945505
1679314945469,1679314945531
1679314945531,1679314945535
1679314945580,1679314945632
1679314945578,1679314945659
1679314945606,1679314945661
1679314945594,1679314945667
1679314945743,1679314945755
1679314945742,1679314945759
1679314945716,1679314945800
1679314945749,1679314945820
1679314945786,1679314945857
1679314945815,1679314945893
1679314945906,1679314945914
1679314945904,1679314945924
1679314945873,1679314945925
1679314945893,1679314945943
1679314945988,1679314946028
1679314946054,1679314946067
1679314946083,1679314946118
1679314946064,1679314946140
1679314946170,1679314946187
1679314946183,1679314946200
1679314946186,1679314946218
1679314946203,1679314946233
1679314946214,1679314946257
1679314946266,1679314946289
1679314946261,1679314946290
1679314946331,1679314946381
1679314946343,1679314946389
1679314946387,1679314946393
1679314946376,1679314946409
1679314946311,1679314946411
1679314946397,1679314946437
1679314946384,1679314946464
1679314946395,1679314946501
1679314946443,1679314946522
1679314946390,1679314946526
1679314946533,1679314946593
1679314946592,1679314946596
1679314946419,1679314946629
1679314946644,1679314946714
1679314946710,1679314946717
1679314946667,1679314946771
1679314946720,1679314946773
1679314946739,1679314946791
1679314946800,1679314946827
1679314946844,1679314946848
1679314946790,1679314946888
1679314946890,1679314946897
1679314946846,1679314946918
1679314946879,1679314946929
1679314947000,1679314947031
1679314946933,1679314947032
1679314946950,1679314947035
1679314946892,1679314947039
1679314947002,1679314947045
1679314946925,1679314947063
1679314946949,1679314947082
1679314946925,1679314947113
1679314946834,1679314947129
1679314946855,1679314947197
1679314947129,1679314947227
1679314947237,1679314947249
1679314947133,1679314947264
1679314947021,1679314947274
1679314947261,1679314947288
1679314947310,1679314947321
1679314947253,1679314947324
1679314947318,1679314947368
1679314947375,1679314947385
1679314947304,1679314947422
1679314947448,1679314947453
1679314947432,1679314947456
1679314947488,1679314947524
1679314947534,1679314947538
1679314947520,1679314947561
1679314947560,1679314947607
1679314947608,1679314947637
1679314947607,1679314947644
1679314947556,1679314947646
1679314947750,1679314947792
1679314947638,1679314947804
1679314947750,1679314947829
1679314947804,1679314947845
1679314947717,1679314947862
1679314947867,1679314947910
1679314947940,1679314947944
1679314947891,1679314947967
1679314948021,1679314948027
1679314948008,1679314948051
1679314948036,1679314948088
1679314947994,1679314948089
1679314948050,1679314948093
1679314948083,1679314948135
1679314948153,1679314948179
1679314948077,1679314948179
1679314948098,1679314948192
1679314948224,1679314948267
1679314948271,1679314948277
1679314948279,1679314948283
1679314948282,1679314948287
1679314948231,1679314948305
1679314948296,1679314948307
1679314948240,1679314948320
1679314948317,1679314948330
1679314948338,1679314948350
1679314948306,1679314948374
1679314948324,1679314948415
1679314948400,1679314948465
1679314948471,1679314948478
1679314948507,1679314948576
1679314948563,1679314948581
1679314948580,1679314948588
1679314948516,1679314948588
1679314948568,1679314948601
1679314948679,1679314948683
1679314948622,1679314948702
1679314948724,1679314948738
1679314948717,1679314948748
1679314948692,1679314948752
1679314948666,1679314948757
1679314948742,1679314948802
1679314948755,1679314948815
1679314948802,1679314948829
1679314948561,1679314948836
1679314948674,1679314948856
1679314948803,1679314948874
1679314948963,1679314948972
1679314948985,1679314949002
1679314948974,1679314949007
1679314948780,1679314949022
1679314949018,1679314949080
1679314949060,1679314949105
1679314949155,1679314949200
1679314949165,1679314949211
1679314949214,1679314949246
1679314949139,1679314949258
1679314949245,1679314949268
1679314949198,1679314949272
1679314949167,1679314949292
1679314949086,1679314949341
1679314949139,1679314949355
1679314949225,1679314949375
1679314949225,1679314949375
1679314949424,1679314949455
1679314949465,1679314949486
1679314949439,1679314949514
1679314949505,1679314949516
1679314949425,1679314949516
1679314949492,1679314949528
1679314949528,1679314949552
1679314949552,1679314949561
1679314949432,1679314949592
1679314949596,1679314949598
1679314949537,1679314949604
1679314949626,1679314949674
1679314949588,1679314949695
1679314949618,1679314949705
1679314949666,1679314949763
1679314949729,1679314949780
1679314949752,1679314949794
1679314949748,1679314949805
1679314949833,1679314949850
1679314949678,1679314949852
1679314949894,1679314949922
1679314949897,1679314949936
1679314949935,1679314949939
1679314949928,1679314949960
1679314949918,1679314949964
1679314949833,1679314949988
1679314949923,1679314950036
1679314949923,1679314950081
1679314950081,1679314950107
1679314949964,1679314950181
1679314950206,1679314950214
1679314950124,1679314950268
1679314950324,1679314950339
1679314949893,1679314950363
1679314950358,1679314950378
1679314950288,1679314950396
1679314950374,1679314950429
1679314950353,1679314950450
1679314950414,1679314950456
1679314950382,1679314950468
1679314950469,1679314950481
1679314950506,1679314950516
1679314950552,1679314950565
1679314950562,1679314950565
1679314950578,1679314950591
1679314950622,1679314950629
1679314950576,1679314950641
1679314950605,1679314950676
1679314950721,1679314950736
1679314950736,1679314950743
1679314950730,1679314950744
1679314950736,1679314950746
1679314950747,1679314950754
1679314950713,1679314950780
1679314950929,1679314950943
1679314950949,1679314950970
1679314950923,1679314950970
1679314950991,1679314951013
1679314951050,1679314951053
1679314951042,1679314951053
1679314951042,1679314951066
1679314951056,1679314951087
1679314951067,1679314951094
1679314951071,1679314951110
1679314950996,1679314951110
1679314951102,1679314951113
1679314951081,1679314951126
1679314951116,1679314951135
1679314951063,1679314951151
1679314951061,1679314951166
1679314951102,1679314951267
1679314951101,1679314951271
1679314951177,1679314951299
1679314951113,1679314951305
1679314951210,1679314951305
1679314951290,1679314951366
1679314951355,1679314951395
1679314951410,1679314951434
1679314951267,1679314951447
1679314951458,1679314951468
1679314951394,1679314951492
1679314951421,1679314951493
1679314951477,1679314951514
1679314951491,1679314951520
1679314951423,1679314951530
1679314951520,1679314951572
1679314951575,1679314951598
1679314951634,1679314951655
1679314951569,1679314951664
1679314951693,1679314951707
1679314951698,1679314951752
1679314951775,1679314951795
1679314951868,1679314951918
1679314951903,1679314951926
1679314951917,1679314951950
1679314951979,1679314951989
1679314952000,1679314952017
1679314951962,1679314952021
1679314952042,1679314952068
1679314952059,1679314952111
1679314952065,1679314952121
1679314952050,1679314952137
1679314952113,1679314952140
1679314952128,1679314952222
1679314952324,1679314952335
1679314952316,1679314952366
1679314952347,1679314952372
1679314952336,1679314952392
1679314952254,1679314952394
1679314952363,1679314952396
1679314952381,1679314952415
1679314952228,1679314952429
1679314952312,1679314952432
1679314952410,1679314952456
1679314952192,1679314952467
1679314952406,1679314952468
1679314952449,1679314952478
1679314952447,1679314952503
1679314952451,1679314952536
1679314952449,1679314952549
1679314952498,1679314952565
1679314952283,1679314952574
1679314952549,1679314952597
1679314952554,1679314952649
1679314952549,1679314952667
1679314952365,1679314952668
1679314952554,1679314952691
1679314952729,1679314952770
1679314952754,1679314952777
1679314952832,1679314952862
1679314952875,1679314952894
1679314952880,1679314952919
1679314952841,1679314952975
1679314952902,1679314952976
1679314952973,1679314952997
1679314953014,1679314953045
1679314952953,1679314953052
1679314953078,1679314953106
1679314952998,1679314953116
1679314953130,1679314953137
1679314953138,1679314953146
1679314953137,1679314953151
1679314953199,1679314953246
1679314953256,1679314953265
1679314953123,1679314953267
1679314953274,1679314953285
1679314953261,1679314953333
1679314953222,1679314953344
1679314953344,1679314953377
1679314953139,1679314953398
1679314953288,1679314953403
1679314953315,1679314953419
1679314953421,1679314953451
1679314953412,1679314953475
1679314953350,1679314953475
1679314953396,1679314953475
1679314953463,1679314953490
1679314953462,1679314953495
1679314953520,1679314953539
1679314953537,1679314953566
1679314953593,1679314953603
1679314953568,1679314953624
1679314953618,1679314953646
1679314953614,1679314953679
1679314953703,1679314953716
1679314953646,1679314953828
1679314953562,1679314953833
1679314953679,1679314953841
1679314953841,1679314953861
1679314953604,1679314953863
1679314953659,1679314953866
1679314953705,1679314953961
1679314953636,1679314953972
1679314953885,1679314953983
1679314953982,1679314954022
1679314954023,1679314954036
1679314954010,1679314954058
1679314953912,1679314954087
1679314954026,1679314954090
1679314954100,1679314954105
1679314954057,1679314954117
1679314954108,1679314954133
1679314954173,1679314954228
1679314954208,1679314954233
1679314954272,1679314954284
1679314954235,1679314954298
1679314954142,1679314954311
1679314954228,1679314954318
1679314954306,1679314954431
1679314954475,1679314954487
1679314954456,1679314954491
1679314954494,1679314954511
1679314954494,1679314954549
1679314954586,1679314954653
1679314954665,1679314954679
1679314954647,1679314954745
1679314954637,1679314954751
1679314954703,1679314954765
1679314954756,1679314954765
1679314954741,1679314954819
1679314954796,1679314954831
1679314954783,1679314954835
1679314954741,1679314954838
1679314954769,1679314954844
1679314954854,1679314954877
1679314954881,1679314954885
1679314954898,1679314954920
1679314954916,1679314954989
1679314954936,1679314954995
1679314955039,1679314955056
1679314955120,1679314955153
1679314955167,1679314955194
1679314955222,1679314955236
1679314955228,1679314955236
1679314955205,1679314955239
1679314955242,1679314955247
1679314955214,1679314955295
1679314955312,1679314955316
1679314955311,1679314955335
1679314955319,1679314955355
1679314955340,1679314955382
1679314955347,1679314955388
1679314955347,1679314955391
1679314955394,1679314955411
1679314955375,1679314955423
1679314955442,1679314955465
1679314955405,1679314955479
1679314955498,1679314955502
1679314955415,1679314955510
1679314955459,1679314955512
1679314955482,1679314955525
1679314955375,1679314955565
1679314955421,1679314955577
1679314955443,1679314955591
1679314955523,1679314955607
1679314955486,1679314955622
1679314955596,1679314955633
1679314955596,1679314955660
1679314955621,1679314955720
1679314955533,1679314955748
1679314955707,1679314955748
1679314955915,1679314955950
1679314955860,1679314955953
1679314955944,1679314955957
1679314955964,1679314955976
1679314955959,1679314955979
1679314955972,1679314956013
1679314955799,1679314956021
1679314955997,1679314956042
1679314955964,1679314956075
1679314956080,1679314956112
1679314955964,1679314956136
1679314956154,1679314956196
1679314956238,1679314956246
1679314956283,1679314956290
1679314956276,1679314956297
1679314956307,1679314956309
1679314956222,1679314956354
1679314956248,1679314956355
1679314956246,1679314956401
1679314956366,1679314956419
1679314956287,1679314956451
1679314956474,1679314956523
1679314956532,1679314956535
1679314956562,1679314956565
1679314956550,1679314956571
1679314956596,1679314956657
1679314956660,1679314956703
1679314956689,1679314956710
1679314956700,1679314956715
1679314956709,1679314956720
1679314956827,1679314956846
1679314956827,1679314956881
1679314956908,1679314956912
1679314956928,1679314956944
1679314956947,1679314956956
1679314956961,1679314956974
1679314956969,1679314957003
1679314956976,1679314957038
1679314956986,1679314957078
1679314957073,1679314957083
1679314957074,1679314957105
1679314957112,1679314957148
1679314957096,1679314957151
1679314957153,1679314957161
1679314957099,1679314957168
1679314957144,1679314957184
1679314957154,1679314957203
1679314957215,1679314957222
1679314957185,1679314957267
1679314957259,1679314957309
1679314957308,1679314957315
1679314957350,1679314957372
1679314957375,1679314957394
1679314957406,1679314957412
1679314957329,1679314957412
1679314957417,1679314957468
1679314957463,1679314957485
1679314957412,1679314957497
1679314957520,1679314957526
1679314957495,1679314957586
1679314957559,1679314957593
1679314957516,1679314957624
1679314957515,1679314957631
1679314957563,1679314957643
1679314957603,1679314957644
1679314957568,1679314957646
1679314957701,1679314957737
1679314957729,1679314957737
1679314957661,1679314957756
1679314957743,1679314957812
1679314957833,1679314957873
1679314957889,1679314957891
1679314957873,1679314957900
1679314957747,1679314957912
1679314957853,1679314957918
1679314957895,1679314957963
1679314957949,1679314957971
1679314958019,1679314958055
1679314957997,1679314958077
1679314958017,1679314958085
1679314958080,1679314958097
1679314958030,1679314958130
1679314958080,1679314958136
1679314958157,1679314958179
1679314958068,1679314958194
1679314958223,1679314958267
1679314958291,1679314958294
1679314958302,1679314958306
1679314958340,1679314958343
1679314958278,1679314958372
1679314958340,1679314958392
1679314958409,1679314958414
1679314958438,1679314958462
1679314958503,1679314958548
1679314958573,1679314958577
1679314958572,1679314958620
1679314958464,1679314958632
1679314958567,1679314958662
1679314958533,1679314958665
1679314958699,1679314958705
1679314958521,1679314958712
1679314958723,1679314958738
1679314958736,1679314958749
1679314958733,1679314958771
1679314958790,1679314958814
1679314958755,1679314958845
1679314958797,1679314958848
1679314958840,1679314958870
1679314958862,1679314958875
1679314958873,1679314958893
1679314958864,1679314958915
1679314958920,1679314958950
1679314958846,1679314958950
1679314958934,1679314958988
1679314958983,1679314958993
1679314958969,1679314958993
1679314958981,1679314959009
1679314958977,1679314959025
1679314959079,1679314959106
1679314959098,1679314959117
1679314959117,1679314959131
1679314959132,1679314959162
1679314958993,1679314959166
1679314959089,1679314959168
1679314959261,1679314959412
1679314959406,1679314959419
1679314959377,1679314959421
1679314959420,1679314959430
1679314959392,1679314959445
1679314959385,1679314959459
1679314959455,1679314959492
1679314959385,1679314959546
1679314959599,1679314959623
1679314959557,1679314959625
1679314959635,1679314959639
1679314959608,1679314959640
1679314959622,1679314959652
1679314959645,1679314959680
1679314959657,1679314959699
1679314959699,1679314959737
1679314959685,1679314959777
1679314959725,1679314959784
1679314959789,1679314959842
1679314959809,1679314959918
1679314959714,1679314959962
1679314959896,1679314959988
1679314959943,1679314959988
1679314959918,1679314960000
1679314959963,1679314960010
1679314959762,1679314960012
1679314959990,1679314960034
1679314960023,1679314960047
1679314960056,1679314960074
1679314960062,1679314960075
1679314960081,1679314960085
1679314960052,1679314960095
1679314960085,1679314960097
1679314960097,1679314960119
1679314959709,1679314960122
1679314960168,1679314960182
1679314960168,1679314960190
1679314960226,1679314960249
1679314960172,1679314960273
1679314960336,1679314960349
1679314960369,1679314960379
1679314960351,1679314960417
1679314960584,1679314960672
1679314960630,1679314960680
1679314960531,1679314960699
1679314960572,1679314960701
1679314960724,1679314960730
1679314960740,1679314960751
1679314960701,1679314960797
1679314960777,1679314960832
1679314960809,1679314960839
1679314960796,1679314960847
1679314960848,1679314960898
1679314960868,1679314960903
1679314960899,1679314960941
1679314960956,1679314960967
1679314960954,1679314960975
1679314960937,1679314960978
1679314960979,1679314961015
1679314961011,1679314961021
1679314961011,1679314961050
1679314961063,1679314961070
1679314960999,1679314961070
1679314961071,1679314961079
1679314961063,1679314961120
1679314961046,1679314961238
1679314961217,1679314961239
1679314961216,1679314961241
1679314961220,1679314961297
1679314961268,1679314961302
1679314961258,1679314961314
1679314961376,1679314961388
1679314961356,1679314961388
1679314961343,1679314961392
1679314961383,1679314961401
1679314961333,1679314961408
1679314961256,1679314961438
1679314961361,1679314961460
1679314961473,1679314961503
1679314961450,1679314961533
1679314961588,1679314961629
1679314961653,1679314961658
1679314961513,1679314961727
1679314961731,1679314961746
1679314961696,1679314961770
1679314961722,1679314961771
1679314961702,1679314961780
1679314961830,1679314961834
1679314961834,1679314961844
1679314961895,1679314961934
1679314961920,1679314961978
1679314961981,1679314962001
1679314961980,1679314962031
1679314961975,1679314962032
1679314961899,1679314962057
1679314962059,1679314962089
1679314962076,1679314962089
1679314962040,1679314962122
1679314962259,1679314962289
1679314962226,1679314962341
1679314962184,1679314962345
1679314962327,1679314962400
1679314962382,1679314962404
1679314962356,1679314962406
1679314962387,1679314962423
1679314962403,1679314962427
1679314962375,1679314962436
1679314962393,1679314962448
1679314962480,1679314962488
1679314962469,1679314962526
1679314962473,1679314962552
1679314962507,1679314962589
1679314962575,1679314962613
1679314962607,1679314962627
1679314962626,1679314962648
1679314962623,1679314962649
1679314962639,1679314962649
1679314962485,1679314962652
1679314962634,1679314962668
1679314962618,1679314962736
1679314962693,1679314962771
1679314962766,1679314962814
1679314962727,1679314962836
1679314962730,1679314962856
1679314962775,1679314962860
1679314962801,1679314962896
1679314962888,1679314962916
1679314962924,1679314962943
1679314962910,1679314962953
1679314962997,1679314963044
1679314962955,1679314963070
1679314962920,1679314963070
1679314963052,1679314963086
1679314963091,1679314963100
1679314963092,1679314963164
1679314963122,1679314963201
1679314963214,1679314963223
1679314963194,1679314963232
1679314963226,1679314963277
1679314963244,1679314963314
1679314963222,1679314963328
1679314963299,1679314963341
1679314963341,1679314963368
1679314963312,1679314963368
1679314963327,1679314963370
1679314963352,1679314963405
1679314963378,1679314963417
1679314963422,1679314963430
1679314963369,1679314963438
1679314963165,1679314963450
1679314963456,1679314963533
1679314963581,1679314963615
1679314963605,1679314963696
1679314963748,1679314963756
1679314963781,1679314963827
1679314963789,1679314963832
1679314963790,1679314963845
1679314963779,1679314963878
1679314963846,1679314963915
1679314963849,1679314963934
1679314963856,1679314963972
1679314963978,1679314963983
1679314963912,1679314963985
1679314964024,1679314964051
1679314964072,1679314964103
1679314964085,1679314964119
1679314964108,1679314964121
1679314964087,1679314964150
1679314964176,1679314964188
1679314964153,1679314964193
1679314964236,1679314964257
1679314964305,1679314964338
1679314964278,1679314964344
1679314964318,1679314964352
1679314964459,1679314964467
1679314964481,1679314964488
1679314964487,1679314964550
1679314964559,1679314964601
1679314964596,1679314964617
1679314964614,1679314964659
1679314964566,1679314964681
1679314964646,1679314964688
1679314964672,1679314964718
1679314964598,1679314964728
1679314964728,1679314964751
1679314964605,1679314964758
1679314964650,1679314964763
1679314964735,1679314964821
1679314964838,1679314964849
1679314964859,1679314964883
1679314964801,1679314964885
1679314964879,1679314964887
1679314964850,1679314964902
1679314964888,1679314964923
1679314964891,1679314964931
1679314964865,1679314964956
1679314964944,1679314964961
1679314964965,1679314965059
1679314965009,1679314965063
1679314965208,1679314965258
1679314965177,1679314965311
1679314965331,1679314965341
1679314965224,1679314965359
1679314965381,1679314965400
1679314965329,1679314965407
1679314965347,1679314965450
1679314965363,1679314965451
1679314965303,1679314965453
1679314965044,1679314965466
1679314965362,1679314965500
1679314965392,1679314965503
1679314965505,1679314965527
1679314965541,1679314965585
1679314965578,1679314965659
1679314965525,1679314965668
1679314965650,1679314965674
1679314965579,1679314965695
1679314965619,1679314965696
1679314965721,1679314965727
1679314965724,1679314965749
1679314965728,1679314965798
1679314965727,1679314965800
1679314965792,1679314965840
1679314965861,1679314965869
1679314965775,1679314965896
1679314965838,1679314965905
1679314965948,1679314965952
1679314965898,1679314965977
1679314965994,1679314966015
1679314965888,1679314966031
1679314965911,1679314966038
1679314966028,1679314966053
1679314966039,1679314966063
1679314965986,1679314966076
1679314966066,1679314966110
1679314966129,1679314966146
1679314966155,1679314966314
1679314966251,1679314966315
1679314966367,1679314966390
1679314966132,1679314966404
1679314966352,1679314966412
1679314966381,1679314966426
1679314966199,1679314966427
1679314966409,1679314966441
1679314966472,1679314966485
1679314966474,1679314966504
1679314966479,1679314966539
1679314966689,1679314966698
1679314966683,1679314966708
1679314966710,1679314966718
1679314966704,1679314966719
1679314966698,1679314966783
1679314966827,1679314966844
1679314966882,1679314966900
1679314966829,1679314966937
1679314966911,1679314966943
1679314966859,1679314966955
1679314966864,1679314966956
1679314966892,1679314966958
1679314966899,1679314966978
1679314966841,1679314966981
1679314966977,1679314966982
1679314967023,1679314967059
1679314967014,1679314967068
1679314967063,1679314967075
1679314967090,1679314967095
1679314967096,1679314967139
1679314967122,1679314967141
1679314967117,1679314967162
1679314967170,1679314967173
1679314967112,1679314967199
1679314967213,1679314967223
1679314967268,1679314967278
1679314967341,1679314967346
1679314967297,1679314967347
1679314967355,1679314967366
1679314967366,1679314967375
1679314967428,1679314967441
1679314967447,1679314967484
1679314967458,1679314967493
1679314967495,1679314967499
1679314967497,1679314967507
1679314967490,1679314967518
1679314967480,1679314967540
1679314967497,1679314967544
1679314967434,1679314967560
1679314967527,1679314967571
1679314967494,1679314967604
1679314967548,1679314967615
1679314967610,1679314967619
1679314967628,1679314967637
1679314967665,1679314967692
1679314967688,1679314967703
1679314967750,1679314967763
1679314967689,1679314967833
1679314967780,1679314967836
1679314967829,1679314967841
1679314967840,1679314967873
1679314967862,1679314967883
1679314967867,1679314967898
1679314967857,1679314967905
1679314967922,1679314967940
1679314967884,1679314967948
1679314967928,1679314967976
1679314967970,1679314967997
1679314967996,1679314968013
1679314967957,1679314968044
1679314968204,1679314968208
1679314968212,1679314968244
1679314968084,1679314968271
1679314968187,1679314968362
1679314968353,1679314968378
1679314968409,1679314968418
1679314968385,1679314968464
1679314968486,1679314968518
1679314968524,1679314968533
1679314968529,1679314968537
1679314968521,1679314968624
1679314968592,1679314968646
1679314968607,1679314968652
1679314968663,1679314968681
1679314968650,1679314968705
1679314968677,1679314968715
1679314968749,1679314968761
1679314968744,1679314968790
1679314968624,1679314968810
1679314968743,1679314968812
1679314968839,1679314968868
1679314968848,1679314968878
1679314968861,1679314968896
1679314968735,1679314968899
1679314968781,1679314968922
1679314968907,1679314968929
1679314968871,1679314968931
1679314968884,1679314968933
1679314968929,1679314968980
1679314968964,1679314968982
1679314968903,1679314968993
1679314969007,1679314969029
1679314969022,1679314969044
1679314969037,1679314969097
1679314969149,1679314969159
1679314969165,1679314969182
1679314969151,1679314969182
1679314969200,1679314969221
1679314969133,1679314969249
1679314969193,1679314969259
1679314969173,1679314969279
1679314969020,1679314969280
1679314969243,1679314969284
1679314969271,1679314969316
1679314969266,1679314969337
1679314969326,1679314969353
1679314969397,1679314969408
1679314969231,1679314969460
1679314969412,1679314969466
1679314969449,1679314969478
1679314969497,1679314969509
1679314969537,1679314969579
1679314969511,1679314969596
1679314969514,1679314969601
1679314969541,1679314969602
1679314969508,1679314969613
1679314969533,1679314969657
1679314969512,1679314969660
1679314969630,1679314969674
1679314969662,1679314969689
1679314969527,1679314969706
1679314969534,1679314969740
1679314969689,1679314969798
1679314969845,1679314969865
1679314969868,1679314969876
1679314969797,1679314969876
1679314969811,1679314969924
1679314969853,1679314969939
1679314969896,1679314969968
1679314969937,1679314969987
1679314969991,1679314970033
1679314970028,1679314970060
1679314970017,1679314970071
1679314970078,1679314970093
1679314970051,1679314970106
1679314970126,1679314970130
1679314970108,1679314970156
1679314970034,1679314970165
1679314970134,1679314970168
1679314970090,1679314970199
1679314970252,1679314970258
1679314970254,1679314970277
1679314970346,1679314970360
1679314970195,1679314970370
1679314970365,1679314970425
1679314970421,1679314970434
1679314970437,1679314970450
1679314970457,1679314970467
1679314970365,1679314970483
1679314970418,1679314970508
1679314970529,1679314970552
1679314970562,1679314970630
1679314970642,1679314970672
1679314970629,1679314970673
1679314970565,1679314970708
1679314970725,1679314970739
1679314970791,1679314970841
1679314970851,1679314970874
1679314970902,1679314970908
1679314970833,1679314970973
1679314970992,1679314971010
1679314970955,1679314971026
1679314970929,1679314971032
1679314971036,1679314971062
1679314971033,1679314971074
1679314971076,1679314971083
1679314971064,1679314971088
1679314971063,1679314971088
1679314971069,1679314971096
1679314971043,1679314971129
1679314971061,1679314971145
1679314971003,1679314971172
1679314971184,1679314971214
1679314971184,1679314971266
1679314971240,1679314971297
1679314971301,1679314971332
1679314971216,1679314971335
1679314971257,1679314971346
1679314971305,1679314971353
1679314971391,1679314971394
1679314971418,1679314971434
1679314971278,1679314971444
1679314971338,1679314971477
1679314971419,1679314971494
1679314971499,1679314971547
1679314971442,1679314971548
1679314971424,1679314971556
1679314971548,1679314971577
1679314971557,1679314971577
1679314971504,1679314971619
1679314971637,1679314971684
1679314971564,1679314971734
1679314971680,1679314971750
1679314971848,1679314971856
1679314971828,1679314971860
1679314971900,1679314971924
1679314971834,1679314971924
1679314971977,1679314971981
1679314972006,1679314972013
1679314971987,1679314972024
1679314971976,1679314972037
1679314972044,1679314972069
1679314972058,1679314972080
1679314972125,1679314972171
1679314972085,1679314972200
1679314972131,1679314972203
1679314972122,1679314972270
1679314972236,1679314972271
1679314972208,1679314972276
1679314972202,1679314972299
1679314972196,1679314972308
1679314972258,1679314972309
1679314972328,1679314972347
1679314971922,1679314972347
1679314972377,1679314972394
1679314972389,1679314972465
1679314972377,1679314972477
1679314972505,1679314972527
1679314972526,1679314972544
1679314972540,1679314972552
1679314972565,1679314972568
1679314972513,1679314972573
1679314972466,1679314972586
1679314972669,1679314972682
1679314972680,1679314972698
1679314972535,1679314972735
1679314972778,1679314972792
1679314972768,1679314972846
1679314972829,1679314972864
1679314972869,1679314972874
1679314972985,1679314973000
1679314973015,1679314973019
1679314973127,1679314973144
1679314973086,1679314973188
1679314973178,1679314973190
1679314973002,1679314973192
1679314973108,1679314973209
1679314973042,1679314973237
1679314973219,1679314973259
1679314973291,1679314973300
1679314973262,1679314973373
1679314973346,1679314973401
1679314973419,1679314973444
1679314973458,1679314973472
1679314973490,1679314973501
1679314973528,1679314973539
1679314973623,1679314973632
1679314973577,1679314973633
1679314973631,1679314973643
1679314973653,1679314973656
1679314973683,1679314973689
1679314973700,1679314973707
1679314973700,1679314973738
1679314973713,1679314973747
1679314973725,1679314973763
1679314973721,1679314973811
1679314973714,1679314973833
1679314973721,1679314973838
1679314973712,1679314973865
1679314973858,1679314973868
1679314973759,1679314973869
1679314973715,1679314973871
1679314973732,1679314973901
1679314973645,1679314973909
1679314973710,1679314973920
1679314973879,1679314973930
1679314973754,1679314973942
1679314973918,1679314973945
1679314973891,1679314974002
1679314973986,1679314974024
1679314973688,1679314974033
1679314973942,1679314974047
1679314974012,1679314974070
1679314973998,1679314974119
1679314974068,1679314974128
1679314973701,1679314974128
1679314974123,1679314974158
1679314974159,1679314974180
1679314974158,1679314974234
1679314974245,1679314974248
1679314974324,1679314974345
1679314974290,1679314974382
1679314974374,1679314974384
1679314974337,1679314974411
1679314974448,1679314974450
1679314974445,1679314974485
1679314974497,1679314974502
1679314974607,1679314974644
1679314974651,1679314974662
1679314974612,1679314974664
1679314974602,1679314974671
1679314974676,1679314974686
1679314974683,1679314974696
1679314974706,1679314974727
1679314974686,1679314974734
1679314974782,1679314974787
1679314974826,1679314974893
1679314974813,1679314974906
1679314974904,1679314974943
1679314974972,1679314974979
1679314974966,1679314974980
1679314974903,1679314975035
1679314975062,1679314975093
1679314975044,1679314975105
1679314975116,1679314975124
1679314975109,1679314975133
1679314975089,1679314975139
1679314975217,1679314975235
1679314975200,1679314975269
1679314975313,1679314975335
1679314975335,1679314975339
1679314975278,1679314975353
1679314975357,1679314975363
1679314975266,1679314975373
1679314975363,1679314975386
1679314975364,1679314975395
1679314975255,1679314975404
1679314975457,1679314975477
1679314975458,1679314975479
1679314975469,1679314975492
1679314975507,1679314975518
1679314975341,1679314975522
1679314975525,1679314975537
1679314975518,1679314975571
1679314975685,1679314975694
1679314975678,1679314975697
1679314975722,1679314975754
1679314975793,1679314975805
1679314975725,1679314975814
1679314975784,1679314975862
1679314975872,1679314975879
1679314975901,1679314975905
1679314975879,1679314975905
1679314975890,1679314975910
1679314975917,1679314975928
1679314975872,1679314975941
1679314975976,1679314976059
1679314976040,1679314976072
1679314976056,1679314976084
1679314976060,1679314976098
1679314976100,1679314976111
1679314976119,1679314976154
1679314976152,1679314976182
1679314976044,1679314976226
1679314976193,1679314976244
1679314976171,1679314976252
1679314976096,1679314976260
1679314976241,1679314976297
1679314976152,1679314976331
1679314976259,1679314976336
1679314976336,1679314976364
1679314976389,1679314976407
1679314976402,1679314976468
1679314976460,1679314976475
1679314976433,1679314976479
1679314976468,1679314976489
1679314976549,1679314976595
1679314976601,1679314976606
1679314976610,1679314976633
1679314976642,1679314976662
1679314976672,1679314976691
1679314976632,1679314976703
1679314976711,1679314976721
1679314976692,1679314976724
1679314976576,1679314976731
1679314976724,1679314976750
1679314976741,1679314976848
1679314976816,1679314976905
1679314976922,1679314976924
1679314976805,1679314976936
1679314976892,1679314976939
1679314976826,1679314976984
1679314977019,1679314977029
1679314976860,1679314977038
1679314976891,1679314977080
1679314977078,1679314977120
1679314977118,1679314977120
1679314977133,1679314977138
1679314977059,1679314977144
1679314977143,1679314977167
1679314977160,1679314977262
1679314977249,1679314977273
1679314977184,1679314977288
1679314977282,1679314977321
1679314977285,1679314977365
1679314977309,1679314977404
1679314977243,1679314977406
1679314977347,1679314977472
1679314977340,1679314977476
1679314977495,1679314977504
1679314977636,1679314977650
1679314977600,1679314977650
1679314977577,1679314977656
1679314977739,1679314977765
1679314977760,1679314977779
1679314977769,1679314977795
1679314977780,1679314977799
1679314977796,1679314977813
1679314977795,1679314977831
1679314977855,1679314977870
1679314977663,1679314977935
1679314977943,1679314977949
1679314977859,1679314977955
1679314977892,1679314977961
1679314977971,1679314977988
1679314977989,1679314978008
1679314978052,1679314978071
1679314978000,1679314978082
1679314978031,1679314978103
1679314978117,1679314978127
1679314978129,1679314978166
1679314978126,1679314978184
1679314978146,1679314978185
1679314978244,1679314978257
1679314978271,1679314978277
1679314978368,1679314978375
1679314978334,1679314978429
1679314978457,1679314978497
1679314978419,1679314978500
1679314978504,1679314978507
1679314978506,1679314978525
1679314978525,1679314978545
1679314978433,1679314978563
1679314978586,1679314978608
1679314978606,1679314978631
1679314978605,1679314978662
1679314978673,1679314978686
1679314978630,1679314978716
1679314978750,1679314978758
1679314978775,1679314978782
1679314978778,1679314978821
1679314978592,1679314978846
1679314978771,1679314978849
1679314978858,1679314978876
1679314978880,1679314978885
1679314978846,1679314978891
1679314978835,1679314978899
1679314978855,1679314978967
1679314979026,1679314979071
1679314979077,1679314979087
1679314979094,1679314979100
1679314979138,1679314979148
1679314979153,1679314979157
1679314979170,1679314979181
1679314979094,1679314979197
1679314979250,1679314979290
1679314979309,1679314979321
1679314979322,1679314979337
1679314979287,1679314979356
1679314979275,1679314979469
1679314979366,1679314979525
1679314979399,1679314979533
1679314979497,1679314979552
1679314979527,1679314979559
1679314979512,1679314979560
1679314979336,1679314979569
1679314979421,1679314979588
1679314979554,1679314979629
1679314979623,1679314979636
1679314979639,1679314979649
1679314979631,1679314979669
1679314979661,1679314979669
1679314979675,1679314979704
1679314979687,1679314979754
1679314979739,1679314979784
1679314979820,1679314979851
1679314979692,1679314979865
1679314979836,1679314979877
1679314979870,1679314979895
1679314979899,1679314979915
1679314979878,1679314979966
1679314979889,1679314980018
1679314979887,1679314980036
1679314979885,1679314980083
1679314980060,1679314980100
1679314979885,1679314980126
1679314980097,1679314980135
1679314980172,1679314980177
1679314980171,1679314980188
1679314980171,1679314980195
1679314980174,1679314980250
1679314980209,1679314980252
1679314980195,1679314980261
1679314980358,1679314980363
1679314980325,1679314980369
1679314980150,1679314980389
1679314980383,1679314980422
1679314980281,1679314980423
1679314980419,1679314980464
1679314980495,1679314980515
1679314980531,1679314980557
1679314980433,1679314980587
1679314980548,1679314980673
1679314980629,1679314980695
1679314980691,1679314980748
1679314980630,1679314980760
1679314980468,1679314980791
1679314980711,1679314980829
1679314980866,1679314980884
1679314980660,1679314980896
1679314980909,1679314980918
1679314980945,1679314980949
1679314980963,1679314980971
1679314980960,1679314980978
1679314980740,1679314980989
1679314980973,1679314981007
1679314980915,1679314981025
1679314981016,1679314981026
1679314980997,1679314981060
1679314981055,1679314981069
1679314981018,1679314981075
1679314981124,1679314981166
1679314981128,1679314981217
1679314981202,1679314981218
1679314981223,1679314981241
1679314981228,1679314981281
1679314981194,1679314981332
1679314981136,1679314981348
1679314981081,1679314981354
1679314981273,1679314981390
1679314981278,1679314981397
1679314981405,1679314981464
1679314981373,1679314981477
1679314981505,1679314981508
1679314981475,1679314981509
1679314981296,1679314981520
1679314981529,1679314981538
1679314981502,1679314981539
1679314981504,1679314981541
1679314981578,1679314981594
1679314981551,1679314981616
1679314981580,1679314981623
1679314981622,1679314981659
1679314981376,1679314981673
1679314981777,1679314981799
1679314981792,1679314981822
1679314981899,1679314981954
1679314981949,1679314982026
1679314981943,1679314982038
1679314981974,1679314982063
1679314981937,1679314982073
1679314981951,1679314982088
1679314982070,1679314982110
1679314981984,1679314982111
1679314981952,1679314982115
1679314982064,1679314982140
1679314982160,1679314982176
1679314982151,1679314982190
1679314982182,1679314982214
1679314982206,1679314982225
1679314981911,1679314982234
1679314982309,1679314982318
1679314982266,1679314982344
1679314982302,1679314982355
1679314982313,1679314982391
1679314982320,1679314982422
1679314982324,1679314982432
1679314982304,1679314982470
1679314982488,1679314982502
1679314982452,1679314982566
1679314982587,1679314982631
1679314982651,1679314982684
1679314982730,1679314982742
1679314982671,1679314982770
1679314982608,1679314982773
1679314982576,1679314982795
1679314982659,1679314982796
1679314982676,1679314982823
1679314982721,1679314982828
1679314982751,1679314982831
1679314982815,1679314982839
1679314982842,1679314982847
1679314982828,1679314982859
1679314982808,1679314982875
1679314982850,1679314982899
1679314982973,1679314982987
1679314982948,1679314983004
1679314983049,1679314983127
1679314983124,1679314983136
1679314983143,1679314983157
1679314983121,1679314983169
1679314983201,1679314983230
1679314983198,1679314983237
1679314983252,1679314983268
1679314983306,1679314983388
1679314983375,1679314983394
1679314983438,1679314983460
1679314983512,1679314983517
1679314983479,1679314983526
1679314983515,1679314983555
1679314983548,1679314983572
1679314983571,1679314983576
1679314983578,1679314983595
1679314983591,1679314983630
1679314983489,1679314983650
1679314983740,1679314983759
1679314983730,1679314983781
1679314983692,1679314983815
1679314983776,1679314983821
1679314983818,1679314983826
1679314983622,1679314983849
1679314983837,1679314983856
1679314983863,1679314983874
1679314983844,1679314983888
1679314983870,1679314983913
1679314983879,1679314983920
1679314983859,1679314983943
1679314983898,1679314983956
1679314983927,1679314983975
1679314983890,1679314983987
1679314983938,1679314984024
1679314984019,1679314984025
1679314984023,1679314984042
1679314984037,1679314984100
1679314983960,1679314984111
1679314984067,1679314984139
1679314984068,1679314984139
1679314984097,1679314984149
1679314984133,1679314984186
1679314984108,1679314984213
1679314984395,1679314984412
1679314984449,1679314984484
1679314984464,1679314984502
1679314984469,1679314984512
1679314984393,1679314984516
1679314984492,1679314984560
1679314984501,1679314984567
1679314984597,1679314984603
1679314984573,1679314984606
1679314984578,1679314984681
1679314984665,1679314984700
1679314984724,1679314984748
1679314984691,1679314984752
1679314984762,1679314984784
1679314984860,1679314984875
1679314984821,1679314984933
1679314984763,1679314984995
1679314984891,1679314985013
1679314984999,1679314985031
1679314985046,1679314985061
1679314984884,1679314985069
1679314985119,1679314985190
1679314985198,1679314985214
1679314985179,1679314985340
1679314985342,1679314985350
1679314985307,1679314985398
1679314985311,1679314985400
1679314985321,1679314985414
1679314985419,1679314985444
1679314985402,1679314985473
1679314985471,1679314985523
1679314985551,1679314985563
1679314985545,1679314985601
1679314985621,1679314985626
1679314985413,1679314985636
1679314985678,1679314985681
1679314985687,1679314985701
1679314985694,1679314985752
1679314985697,1679314985770
1679314985777,1679314985802
1679314985656,1679314985811
1679314985753,1679314985814
1679314985805,1679314985839
1679314985883,1679314985889
1679314985814,1679314985893
1679314985873,1679314985896
1679314985863,1679314985943
1679314985950,1679314985970
1679314985803,1679314985975
1679314985932,1679314986013
1679314985810,1679314986013
1679314985977,1679314986030
1679314986030,1679314986033
1679314986030,1679314986037
1679314986042,1679314986050
1679314986049,1679314986061
1679314986062,1679314986073
1679314986050,1679314986080
1679314986037,1679314986113
1679314986104,1679314986118
1679314986058,1679314986155
1679314986209,1679314986270
1679314986007,1679314986299
1679314986222,1679314986318
1679314986242,1679314986358
1679314986343,1679314986404
1679314986305,1679314986406
1679314986403,1679314986478
1679314986426,1679314986507
1679314986409,1679314986539
1679314986302,1679314986570
1679314986551,1679314986585
1679314986569,1679314986592
1679314986579,1679314986619
1679314986631,1679314986654
1679314986673,1679314986708
1679314986536,1679314986728
1679314986660,1679314986741
1679314986578,1679314986771
1679314986737,1679314986775
1679314986762,1679314986815
1679314986821,1679314986858
1679314986849,1679314986877
1679314986859,1679314986912
1679314986880,1679314986936
1679314986906,1679314986949
1679314986989,1679314987009
1679314986989,1679314987017
1679314987059,1679314987063
1679314986962,1679314987076
1679314987068,1679314987112
1679314987071,1679314987134
1679314987077,1679314987164
1679314987159,1679314987170
1679314987179,1679314987202
1679314987066,1679314987237
1679314987207,1679314987241
1679314987237,1679314987241
1679314987085,1679314987255
1679314987216,1679314987262
1679314987138,1679314987263
1679314987312,1679314987314
1679314987343,1679314987435
1679314987361,1679314987449
1679314987387,1679314987465
1679314987206,1679314987512
1679314987369,1679314987542
1679314987538,1679314987594
1679314987549,1679314987599
1679314987540,1679314987602
1679314987540,1679314987626
1679314987508,1679314987629
1679314987660,1679314987677
1679314987682,1679314987686
1679314987608,1679314987688
1679314987715,1679314987746
1679314987727,1679314987764
1679314987731,1679314987794
1679314987812,1679314987837
1679314987828,1679314987877
1679314987876,1679314987884
1679314987752,1679314987906
1679314987911,1679314987932
1679314987877,1679314988036
1679314988064,1679314988085
1679314988070,1679314988116
1679314987933,1679314988158
1679314988092,1679314988164
1679314988079,1679314988164
1679314988087,1679314988211
1679314988081,1679314988214
1679314988107,1679314988232
1679314988004,1679314988251
1679314988305,1679314988318
1679314988257,1679314988326
1679314988301,1679314988338
1679314988249,1679314988339
1679314988341,1679314988347
1679314988225,1679314988387
1679314988414,1679314988443
1679314988497,1679314988518
1679314988456,1679314988534
1679314988528,1679314988537
1679314988457,1679314988566
1679314988561,1679314988566
1679314988504,1679314988592
1679314988568,1679314988599
1679314988560,1679314988612
1679314988591,1679314988650
1679314988632,1679314988672
1679314988680,1679314988709
1679314988724,1679314988731
1679314988740,1679314988759
1679314988777,1679314988783
1679314988838,1679314988864
1679314988896,1679314988948
1679314988912,1679314988949
1679314988967,1679314988993
1679314988972,1679314988995
1679314989020,1679314989032
1679314989022,1679314989051
1679314988989,1679314989054
1679314988993,1679314989065
1679314989047,1679314989086
1679314989073,1679314989121
1679314988958,1679314989168
1679314989133,1679314989219
1679314989153,1679314989258
1679314989172,1679314989289
1679314989208,1679314989297
1679314989289,1679314989331
1679314989345,1679314989381
1679314989427,1679314989441
1679314989380,1679314989451
1679314989396,1679314989454
1679314989467,1679314989516
1679314989620,1679314989630
1679314989532,1679314989632
1679314989593,1679314989660
1679314989689,1679314989698
1679314989547,1679314989712
1679314989721,1679314989734
1679314989708,1679314989773
1679314989713,1679314989782
1679314989786,1679314989809
1679314989700,1679314989820
1679314989731,1679314989828
1679314989834,1679314989840
1679314989836,1679314989841
1679314989836,1679314989851
1679314989807,1679314989856
1679314989886,1679314989899
1679314989867,1679314989943
1679314989930,1679314990005
1679314990026,1679314990058
1679314990059,1679314990115
1679314989920,1679314990159
1679314990175,1679314990186
1679314990180,1679314990225
1679314990191,1679314990258
1679314990162,1679314990261
1679314990236,1679314990266
1679314990301,1679314990311
1679314990349,1679314990373
1679314990352,1679314990396
1679314990349,1679314990425
1679314990452,1679314990477
1679314990468,1679314990526
1679314990405,1679314990543
1679314990536,1679314990570
1679314990558,1679314990658
1679314990379,1679314990663
1679314990596,1679314990664
1679314990675,1679314990689
1679314990410,1679314990712
1679314990732,1679314990740
1679314990711,1679314990768
1679314990743,1679314990792
1679314990683,1679314990823
1679314990762,1679314990824
1679314990742,1679314990843
1679314990784,1679314990868
1679314990875,1679314990888
1679314990853,1679314990899
1679314990893,1679314990902
1679314990928,1679314990954
1679314990957,1679314990968
1679314990968,1679314990979
1679314990966,1679314990996
1679314991058,1679314991121
1679314991129,1679314991133
1679314991167,1679314991170
1679314991108,1679314991233
1679314991279,1679314991287
1679314991128,1679314991298
1679314991311,1679314991345
1679314991333,1679314991352
1679314991267,1679314991367
1679314991375,1679314991384
1679314991344,1679314991386
1679314991418,1679314991420
1679314991392,1679314991440
1679314991271,1679314991476
1679314991437,1679314991515
1679314991399,1679314991529
1679314991319,1679314991554
1679314991519,1679314991555
1679314991556,1679314991563
1679314991390,1679314991579
1679314991433,1679314991594
1679314991535,1679314991597
1679314991591,1679314991613
1679314991617,1679314991634
1679314991611,1679314991659
1679314991615,1679314991688
1679314991692,1679314991781
1679314991827,1679314991853
1679314991790,1679314991854
1679314991869,1679314991878
1679314991851,1679314991906
1679314991868,1679314991934
1679314991947,1679314991978
1679314991953,1679314991998
1679314992095,1679314992130
1679314992049,1679314992141
1679314992111,1679314992175
1679314992174,1679314992185
1679314992115,1679314992195
1679314992181,1679314992272
1679314992174,1679314992322
1679314992308,1679314992327
1679314992265,1679314992382
1679314992277,1679314992385
1679314992381,1679314992391
1679314992243,1679314992407
1679314992397,1679314992408
1679314992290,1679314992420
1679314992465,1679314992472
1679314992304,1679314992494
1679314992411,1679314992523
1679314992532,1679314992573
1679314992556,1679314992579
1679314992583,1679314992669
1679314992658,1679314992697
1679314992663,1679314992717
1679314992713,1679314992729
1679314992715,1679314992743
1679314992773,1679314992811
1679314992720,1679314992841
1679314992805,1679314992878
1679314992999,1679314993049
1679314992764,1679314993065
1679314993061,1679314993083
1679314993077,1679314993114
1679314993012,1679314993114
1679314993083,1679314993130
1679314993127,1679314993132
1679314993134,1679314993145
1679314993149,1679314993191
1679314993106,1679314993192
1679314993164,1679314993207
1679314993214,1679314993239
1679314993243,1679314993264
1679314993155,1679314993290
1679314993294,1679314993334
1679314993322,1679314993347
1679314993360,1679314993434
1679314993476,1679314993500
1679314993418,1679314993506
1679314993449,1679314993520
1679314993487,1679314993524
1679314993513,1679314993578
1679314993570,1679314993587
1679314993596,1679314993613
1679314993620,1679314993631
1679314993637,1679314993685
1679314993658,1679314993689
1679314993716,1679314993752
1679314993732,1679314993811
1679314993718,1679314993841
1679314993781,1679314993844
1679314993858,1679314993884
1679314993726,1679314993898
1679314993896,1679314993920
1679314993890,1679314993934
1679314993873,1679314993960
1679314993958,1679314993963
1679314993977,1679314993992
1679314994030,1679314994080
1679314993893,1679314994132
1679314994090,1679314994137
1679314994050,1679314994177
1679314994164,1679314994202
1679314994230,1679314994240
1679314994155,1679314994261
1679314994234,1679314994289
1679314994225,1679314994320
1679314994271,1679314994365
1679314994346,1679314994366
1679314994364,1679314994404
1679314994243,1679314994452
1679314994185,1679314994454
1679314994377,1679314994468
1679314994337,1679314994475
1679314994497,1679314994504
1679314994473,1679314994504
1679314994228,1679314994506
1679314994479,1679314994525
1679314994461,1679314994538
1679314994515,1679314994583
1679314994520,1679314994584
1679314994551,1679314994588
1679314994508,1679314994591
1679314994617,1679314994660
1679314994661,1679314994689
1679314994686,1679314994753
1679314994747,1679314994789
1679314994755,1679314994805
1679314994801,1679314994832
1679314994766,1679314994852
1679314994824,1679314994853
1679314994841,1679314994903
1679314994748,1679314994905
1679314994801,1679314994907
1679314994860,1679314994921
1679314994922,1679314994926
1679314994940,1679314994969
1679314994950,1679314994972
1679314994788,1679314995059
1679314995051,1679314995077
1679314995105,1679314995112
1679314995127,1679314995232
1679314995231,1679314995234
1679314995263,1679314995275
1679314995225,1679314995293
1679314995308,1679314995319
1679314995378,1679314995403
1679314995405,1679314995444
1679314995508,1679314995517
1679314995498,1679314995557
1679314995512,1679314995562
1679314995596,1679314995602
1679314995511,1679314995638
1679314995581,1679314995712
1679314995608,1679314995725
1679314995631,1679314995776
1679314995622,1679314995803
1679314995590,1679314995812
1679314995845,1679314995850
1679314995632,1679314995855
1679314995546,1679314995859
1679314995591,1679314995860
1679314995779,1679314995868
1679314995800,1679314995872
1679314995706,1679314995886
1679314995602,1679314995892
1679314995722,1679314995905
1679314995541,1679314995908
1679314995639,1679314995912
1679314995940,1679314995955
1679314995916,1679314995958
1679314995852,1679314995963
1679314995948,1679314995996
1679314996088,1679314996097
1679314996123,1679314996144
1679314996120,1679314996199
1679314996154,1679314996206
1679314996169,1679314996218
1679314996155,1679314996239
1679314996269,1679314996276
1679314996235,1679314996315
1679314996292,1679314996317
1679314996266,1679314996324
1679314996289,1679314996349
1679314996307,1679314996352
1679314996340,1679314996352
1679314996291,1679314996355
1679314996376,1679314996384
1679314996376,1679314996432
1679314996339,1679314996479
1679314996513,1679314996520
1679314996481,1679314996528
1679314996535,1679314996547
1679314996564,1679314996585
1679314996588,1679314996592
1679314996507,1679314996623
1679314996633,1679314996665
1679314996679,1679314996702
1679314996754,1679314996777
1679314996746,1679314996794
1679314996780,1679314996822
1679314996783,1679314996842
1679314996841,1679314996887
1679314997024,1679314997031
1679314996990,1679314997033
1679314996925,1679314997070
1679314997072,1679314997078
1679314997076,1679314997095
1679314997091,1679314997099
1679314997005,1679314997141
1679314997132,1679314997189
1679314997199,1679314997224
1679314997213,1679314997259
1679314997263,1679314997277
1679314997245,1679314997280
1679314997369,1679314997428
1679314997415,1679314997449
1679314997458,1679314997476
1679314997476,1679314997511
1679314997491,1679314997526
1679314997582,1679314997590
1679314997581,1679314997606
1679314997592,1679314997625
1679314997608,1679314997629
1679314997592,1679314997638
1679314997656,1679314997688
1679314997696,1679314997710
1679314997717,1679314997757
1679314997763,1679314997789
1679314997772,1679314997792
1679314997819,1679314997830
1679314997903,1679314997919
1679314997933,1679314997995
1679314997946,1679314998050
1679314998021,1679314998050
1679314998025,1679314998051
1679314998042,1679314998051
1679314997963,1679314998066
1679314998055,1679314998066
1679314998096,1679314998116
1679314998052,1679314998151
1679314998189,1679314998195
1679314997952,1679314998205
1679314998190,1679314998214
1679314998213,1679314998318
1679314998323,1679314998360
1679314998336,1679314998383
1679314998321,1679314998388
1679314998394,1679314998402
1679314998417,1679314998456
1679314998419,1679314998471
1679314998472,1679314998479
1679314998481,1679314998492
1679314998436,1679314998573
1679314998345,1679314998573
1679314998410,1679314998592
1679314998583,1679314998603
1679314998624,1679314998630
1679314998642,1679314998660
1679314998625,1679314998669
1679314998654,1679314998726
1679314998687,1679314998738
1679314998759,1679314998796
1679314998777,1679314998807
1679314998819,1679314998850
1679314998871,1679314998884
1679314998725,1679314998912
1679314998921,1679314998963
1679314998995,1679314999032
1679314998939,1679314999062
1679314999054,1679314999087
1679314999023,1679314999122
1679314999149,1679314999168
1679314999084,1679314999212
1679314999187,1679314999214
1679314999238,1679314999245
1679314999286,1679314999292
1679314999294,1679314999302
1679314999083,1679314999305
1679314999297,1679314999307
1679314999285,1679314999315
1679314999366,1679314999389
1679314999369,1679314999405
1679314999426,1679314999430
1679314999367,1679314999436
1679314999492,1679314999520
1679314999478,1679314999601
1679314999626,1679314999635
1679314999563,1679314999664
1679314999615,1679314999669
1679314999600,1679314999671
1679314999687,1679314999692
1679314999598,1679314999700
1679314999648,1679314999705
1679314999721,1679314999728
1679314999752,1679314999760
1679314999741,1679314999766
1679314999777,1679314999784
1679314999765,1679314999795
1679314999759,1679314999800
1679314999924,1679314999928
1679314999933,1679314999942
1679314999873,1679314999949
1679314999934,1679314999963
1679314999965,1679314999986
1679314999967,1679314999990
1679314999978,1679315000006
1679315000055,1679315000098
1679315000103,1679315000112
1679315000093,1679315000121
1679315000130,1679315000137
1679315000177,1679315000182
1679315000133,1679315000186
1679315000150,1679315000196
1679315000128,1679315000202
1679315000217,1679315000230
1679315000258,1679315000295
1679315000253,1679315000297
1679315000311,1679315000323
1679315000308,1679315000325
1679315000312,1679315000342
1679315000324,1679315000421
1679315000336,1679315000455
1679315000302,1679315000462
1679315000382,1679315000464
1679315000422,1679315000525
1679315000481,1679315000562
1679315000520,1679315000573
1679315000573,1679315000583
1679315000577,1679315000622
1679315000550,1679315000642
1679315000636,1679315000654
1679315000628,1679315000660
1679315000689,1679315000744
1679315000763,1679315000782
1679315000696,1679315000796
1679315000766,1679315000815
1679315000772,1679315000819
1679315000769,1679315000823
1679315000871,1679315000933
1679315000913,1679315000966
1679315000904,1679315000981
1679315000911,1679315000981
1679315000965,1679315000991
1679315000904,1679315000995
1679315000983,1679315001051
1679315001086,1679315001107
1679315001088,1679315001120
1679315001084,1679315001126
1679315001046,1679315001126
1679315001154,1679315001184
1679315001185,1679315001218
1679315001202,1679315001221
1679315001251,1679315001269
1679315001263,1679315001280
1679315001194,1679315001284
1679315001293,1679315001312
1679315001302,1679315001336
1679315001345,1679315001358
1679315001315,1679315001407
1679315001434,1679315001471
1679315001474,1679315001497
1679315001476,1679315001569
1679315001477,1679315001587
1679315001577,1679315001613
1679315001480,1679315001620
1679315001575,1679315001623
1679315001637,1679315001640
1679315001488,1679315001666
1679315001556,1679315001693
1679315001499,1679315001699
1679315001487,1679315001726
1679315001656,1679315001730
1679315001760,1679315001778
1679315001767,1679315001784
1679315001851,1679315001869
1679315001840,1679315001870
1679315001691,1679315001886
1679315001877,1679315001915
1679315001914,1679315001920
1679315001957,1679315002020
1679315002026,1679315002077
1679315002060,1679315002088
1679315002085,1679315002090
1679315002086,1679315002097
1679315002120,1679315002134
1679315002168,1679315002174
1679315002123,1679315002204
1679315002176,1679315002226
1679315002180,1679315002242
1679315002194,1679315002278
1679315002278,1679315002296
1679315002277,1679315002306
1679315002285,1679315002316
1679315002296,1679315002327
1679315002347,1679315002354
1679315002361,1679315002436
1679315002433,1679315002473
1679315002357,1679315002486
1679315002436,1679315002499
1679315002460,1679315002503
1679315002357,1679315002518
1679315002548,1679315002570
1679315002373,1679315002578
1679315002513,1679315002586
1679315002583,1679315002601
1679315002567,1679315002623
1679315002355,1679315002646
1679315002488,1679315002739
1679315002772,1679315002778
1679315002765,1679315002780
1679315002744,1679315002788
1679315002896,1679315002933
1679315002860,1679315002933
1679315002836,1679315002951
1679315002905,1679315003028
1679315002886,1679315003060
1679315002979,1679315003062
1679315002860,1679315003073
1679315003048,1679315003160
1679315002976,1679315003183
1679315003095,1679315003211
1679315003240,1679315003250
1679315003252,1679315003264
1679315003145,1679315003275
1679315003214,1679315003295
1679315003231,1679315003305
1679315003265,1679315003316
1679315003308,1679315003325
1679315002879,1679315003333
1679315003357,1679315003365
1679315003130,1679315003370
1679315003404,1679315003408
1679315003298,1679315003442
1679315003367,1679315003457
1679315003507,1679315003521
1679315003500,1679315003538
1679315003539,1679315003580
1679315003505,1679315003614
1679315003611,1679315003628
1679315003601,1679315003629
1679315003612,1679315003631
1679315003600,1679315003656
1679315003627,1679315003660
1679315003648,1679315003670
1679315003704,1679315003765
1679315003803,1679315003824
1679315003909,1679315003931
1679315003826,1679315003944
1679315003954,1679315003971
1679315003890,1679315004036
1679315003853,1679315004046
1679315003978,1679315004049
1679315003963,1679315004059
1679315004063,1679315004070
1679315004047,1679315004164
1679315004025,1679315004172
1679315004174,1679315004194
1679315004221,1679315004306
1679315004302,1679315004327
1679315004339,1679315004374
1679315004344,1679315004387
1679315004352,1679315004414
1679315004408,1679315004415
1679315004305,1679315004435
1679315004376,1679315004445
1679315004444,1679315004455
1679315004436,1679315004460
1679315004447,1679315004467
1679315004451,1679315004472
1679315004451,1679315004523
1679315004424,1679315004594
1679315004525,1679315004603
1679315004569,1679315004619
1679315004569,1679315004678
1679315004736,1679315004745
1679315004758,1679315004773
1679315004629,1679315004780
1679315004823,1679315004839
1679315004853,1679315004890
1679315004866,1679315004901
1679315004874,1679315004903
1679315004800,1679315004906
1679315004882,1679315004941
1679315004813,1679315004996
1679315004986,1679315005055
1679315004972,1679315005084
1679315005086,1679315005103
1679315005078,1679315005130
1679315005010,1679315005132
1679315005128,1679315005169
1679315005078,1679315005169
1679315005107,1679315005182
1679315005127,1679315005192
1679315005150,1679315005208
1679315005137,1679315005260
1679315005087,1679315005274
1679315005285,1679315005319
1679315005295,1679315005328
1679315005164,1679315005372
1679315005307,1679315005411
1679315005405,1679315005446
1679315005477,1679315005487
1679315005494,1679315005501
1679315005525,1679315005539
1679315005492,1679315005540
1679315005501,1679315005543
1679315005606,1679315005621
1679315005578,1679315005635
1679315005606,1679315005660
1679315005594,1679315005700
1679315005568,1679315005716
1679315005759,1679315005767
1679315005712,1679315005847
1679315005745,1679315005864
1679315005855,1679315005867
1679315005789,1679315005885
1679315005836,1679315005930
1679315005835,1679315005944
1679315005941,1679315005965
1679315006009,1679315006020
1679315006042,1679315006046
1679315006073,1679315006079
1679315006085,1679315006113
1679315005994,1679315006123
1679315006049,1679315006126
1679315006128,1679315006148
1679315006169,1679315006173
1679315006039,1679315006195
1679315006276,1679315006283
1679315006213,1679315006283
1679315006306,1679315006318
1679315006315,1679315006350
1679315006277,1679315006358
1679315006276,1679315006364
1679315006340,1679315006400
1679315006437,1679315006454
1679315006462,1679315006472
1679315006473,1679315006477
1679315006463,1679315006543
1679315006533,1679315006545
1679315006537,1679315006549
1679315006557,1679315006559
1679315006579,1679315006586
1679315006525,1679315006589
1679315006579,1679315006609
1679315006561,1679315006624
1679315006544,1679315006631
1679315006665,1679315006712
1679315006722,1679315006728
1679315006719,1679315006730
1679315006726,1679315006755
1679315006765,1679315006789
1679315006795,1679315006811
1679315006757,1679315006814
1679315006781,1679315006841
1679315006839,1679315006842
1679315006836,1679315006856
1679315006862,1679315006887
1679315006856,1679315006897
1679315006883,1679315006930
1679315006903,1679315006947
1679315007013,1679315007032
1679315007019,1679315007033
1679315007157,1679315007166
1679315007156,1679315007171
1679315007206,1679315007229
1679315007315,1679315007330
1679315007284,1679315007342
1679315007329,1679315007350
1679315007323,1679315007383
1679315007355,1679315007389
1679315007311,1679315007414
1679315007416,1679315007425
1679315007381,1679315007433
1679315007320,1679315007434
1679315007517,1679315007560
1679315007556,1679315007590
1679315007473,1679315007594
1679315007510,1679315007594
1679315007592,1679315007649
1679315007577,1679315007662
1679315007646,1679315007664
1679315007623,1679315007703
1679315007716,1679315007750
1679315007731,1679315007754
1679315007792,1679315007799
1679315007783,1679315007831
1679315007723,1679315007869
1679315007869,1679315007882
1679315007809,1679315007917
1679315007879,1679315007931
1679315007875,1679315007968
1679315007793,1679315007969
1679315008007,1679315008010
1679315007996,1679315008014
1679315008020,1679315008088
1679315008075,1679315008096
1679315008098,1679315008133
1679315008175,1679315008189
1679315008197,1679315008208
1679315008180,1679315008217
1679315008198,1679315008224
1679315008274,1679315008296
1679315008203,1679315008324
1679315008359,1679315008375
1679315008315,1679315008395
1679315008390,1679315008400
1679315008351,1679315008417
1679315008278,1679315008426
1679315008464,1679315008500
1679315008516,1679315008528
1679315008445,1679315008538
1679315008381,1679315008539
1679315008490,1679315008563
1679315008546,1679315008602
1679315008588,1679315008619
1679315008573,1679315008630
1679315008636,1679315008697
1679315008694,1679315008741
1679315008777,1679315008803
1679315008784,1679315008814
1679315008875,1679315008899
1679315008903,1679315008911
1679315008929,1679315008948
1679315008889,1679315008990
1679315009009,1679315009013
1679315008985,1679315009109
1679315009048,1679315009170
1679315009147,1679315009213
1679315009149,1679315009217
1679315009116,1679315009225
1679315009035,1679315009257
1679315008988,1679315009265
1679315009013,1679315009283
1679315009159,1679315009287
1679315009275,1679315009294
1679315009044,1679315009352
1679315009277,1679315009361
1679315009391,1679315009405
1679315009305,1679315009417
1679315009336,1679315009419
1679315009467,1679315009476
1679315009460,1679315009524
1679315009488,1679315009526
1679315009370,1679315009543
1679315009581,1679315009586
1679315009507,1679315009604
1679315009596,1679315009625
1679315009594,1679315009717
1679315009589,1679315009718
1679315009647,1679315009728
1679315009689,1679315009759
1679315009755,1679315009766
1679315009726,1679315009770
1679315009714,1679315009770
1679315009852,1679315009887
1679315009831,1679315009940
1679315009910,1679315009948
1679315009837,1679315009953
1679315009912,1679315009984
1679315009994,1679315009998
1679315010064,1679315010098
1679315009981,1679315010118
1679315010147,1679315010151
1679315010114,1679315010155
1679315010191,1679315010195
1679315010197,1679315010227
1679315010241,1679315010262
1679315010132,1679315010366
1679315010344,1679315010382
1679315010360,1679315010405
1679315010403,1679315010416
1679315010283,1679315010452
1679315010437,1679315010457
1679315010447,1679315010504
1679315010468,1679315010511
1679315010519,1679315010530
1679315010477,1679315010537
1679315010449,1679315010555
1679315010412,1679315010559
1679315010447,1679315010578
1679315010547,1679315010599
1679315010531,1679315010605
1679315010607,1679315010651
1679315010593,1679315010661
1679315010592,1679315010661
1679315010610,1679315010729
1679315010706,1679315010747
1679315010775,1679315010777
1679315010789,1679315010808
1679315010784,1679315010884
1679315010849,1679315010893
1679315010802,1679315010900
1679315010918,1679315010925
1679315010757,1679315010965
1679315010922,1679315010989
1679315010953,1679315011033
1679315011029,1679315011034
1679315010987,1679315011089
1679315010699,1679315011102
1679315011126,1679315011131
1679315011131,1679315011189
1679315011167,1679315011219
1679315011194,1679315011236
1679315011345,1679315011380
1679315011275,1679315011412
1679315011458,1679315011483
1679315011502,1679315011515
1679315011363,1679315011544
1679315011517,1679315011549
1679315011557,1679315011571
1679315011573,1679315011617
1679315011613,1679315011630
1679315011693,1679315011720
1679315011695,1679315011748
1679315011807,1679315011812
1679315011775,1679315011813
1679315011815,1679315011833
1679315011811,1679315011860
1679315011862,1679315011883
1679315011820,1679315011884
1679315011919,1679315011933
1679315011969,1679315012003
1679315011947,1679315012031
1679315012028,1679315012032
1679315012070,1679315012096
1679315012113,1679315012128
1679315012173,1679315012203
1679315012218,1679315012237
1679315012117,1679315012242
1679315012254,1679315012273
1679315011945,1679315012278
1679315012266,1679315012386
1679315012159,1679315012390
1679315012290,1679315012395
1679315012146,1679315012423
1679315012310,1679315012434
1679315012114,1679315012445
1679315012432,1679315012456
1679315012484,1679315012488
1679315012389,1679315012493
1679315012479,1679315012494
1679315012266,1679315012520
1679315012369,1679315012576
1679315012495,1679315012600
1679315012289,1679315012606
1679315012578,1679315012611
1679315012601,1679315012613
1679315012601,1679315012648
1679315012648,1679315012669
1679315012418,1679315012685
1679315012476,1679315012711
1679315012599,1679315012723
1679315012749,1679315012754
1679315012526,1679315012760
1679315012657,1679315012766
1679315012450,1679315012780
1679315012589,1679315012781
1679315012209,1679315012858
1679315012881,1679315012916
1679315012937,1679315012942
1679315012933,1679315012951
1679315012872,1679315012965
1679315012948,1679315012982
1679315012997,1679315013019
1679315013052,1679315013096
1679315013144,1679315013151
1679315013149,1679315013156
1679315013130,1679315013207
1679315013167,1679315013223
1679315013146,1679315013227
1679315013254,1679315013269
1679315013301,1679315013307
1679315013311,1679315013323
1679315013389,1679315013420
1679315013393,1679315013424
1679315013443,1679315013571
1679315013561,1679315013588
1679315013583,1679315013598
1679315013520,1679315013599
1679315013481,1679315013609
1679315013596,1679315013617
1679315013637,1679315013669
1679315013536,1679315013689
1679315013655,1679315013748
1679315013733,1679315013783
1679315013686,1679315013802
1679315013710,1679315013803
1679315013828,1679315013855
1679315013841,1679315013887
1679315013727,1679315013914
1679315013906,1679315013954
1679315013869,1679315013962
1679315013919,1679315013968
1679315013921,1679315014005
1679315013990,1679315014012
1679315014046,1679315014049
1679315014036,1679315014099
1679315014049,1679315014113
1679315014024,1679315014115
1679315014076,1679315014171
1679315014084,1679315014181
1679315014204,1679315014255
1679315014269,1679315014291
1679315014298,1679315014308
1679315014341,1679315014344
1679315014343,1679315014364
1679315014258,1679315014376
1679315014285,1679315014439
1679315014445,1679315014449
1679315014453,1679315014460
1679315014435,1679315014488
1679315014529,1679315014537
1679315014538,1679315014576
1679315014479,1679315014592
1679315014505,1679315014609
1679315014620,1679315014622
1679315014548,1679315014631
1679315014593,1679315014656
1679315014517,1679315014664
1679315014627,1679315014693
1679315014750,1679315014755
1679315014739,1679315014755
1679315014726,1679315014806
1679315014743,1679315014807
1679315014726,1679315014815
1679315014740,1679315014817
1679315014727,1679315014831
1679315014737,1679315014867
1679315014864,1679315014919
1679315014910,1679315014925
1679315014925,1679315014930
1679315014928,1679315014946
1679315014883,1679315014962
1679315014984,1679315014989
1679315015034,1679315015046
1679315015048,1679315015062
1679315015000,1679315015082
1679315015061,1679315015097
1679315015086,1679315015101
1679315015183,1679315015187
1679315015156,1679315015192
1679315015185,1679315015221
1679315015234,1679315015303
1679315015255,1679315015303
1679315015239,1679315015350
1679315015248,1679315015411
1679315015392,1679315015439
1679315015427,1679315015454
1679315015454,1679315015480
1679315015504,1679315015537
1679315015406,1679315015548
1679315015543,1679315015571
1679315015544,1679315015601
1679315015640,1679315015668
1679315015665,1679315015679
1679315015742,1679315015769
1679315015782,1679315015794
1679315015804,1679315015811
1679315015764,1679315015821
1679315015835,1679315015917
1679315015933,1679315015987
1679315015935,1679315016025
1679315015984,1679315016029
1679315016043,1679315016050
1679315015946,1679315016066
1679315016064,1679315016091
1679315016121,1679315016137
1679315016069,1679315016162
1679315016176,1679315016187
1679315016143,1679315016201
1679315016283,1679315016296
1679315016177,1679315016324
1679315016309,1679315016330
1679315016139,1679315016335
1679315016366,1679315016375
1679315016268,1679315016404
1679315016300,1679315016414
1679315016323,1679315016416
1679315016416,1679315016442
1679315016280,1679315016449
1679315016446,1679315016478
1679315016344,1679315016498
1679315016541,1679315016564
1679315016471,1679315016571
1679315016536,1679315016581
1679315016597,1679315016618
1679315016574,1679315016627
1679315016632,1679315016645
1679315016635,1679315016661
1679315016553,1679315016664
1679315016650,1679315016670
1679315016738,1679315016755
1679315016774,1679315016818
1679315016720,1679315016820
1679315016787,1679315016848
1679315016718,1679315016849
1679315016850,1679315016856
1679315016833,1679315016865
1679315016845,1679315016872
1679315016843,1679315016919
1679315016863,1679315016924
1679315016854,1679315016932
1679315016827,1679315016949
1679315016948,1679315016991
1679315016978,1679315017045
1679315017083,1679315017091
1679315017083,1679315017099
1679315017121,1679315017134
1679315017112,1679315017148
1679315016991,1679315017156
1679315017165,1679315017183
1679315017191,1679315017210
1679315017235,1679315017278
1679315017276,1679315017303
1679315017262,1679315017345
1679315017368,1679315017396
1679315017382,1679315017411
1679315017401,1679315017413
1679315017217,1679315017416
1679315017364,1679315017454
1679315017388,1679315017459
1679315017467,1679315017494
1679315017495,1679315017522
1679315017652,1679315017660
1679315017742,1679315017744
1679315017704,1679315017758
1679315017740,1679315017783
1679315017774,1679315017789
1679315017695,1679315017798
1679315017824,1679315017845
1679315017880,1679315017905
1679315017878,1679315017962
1679315017977,1679315017996
1679315018026,1679315018101
1679315017979,1679315018120
1679315018037,1679315018145
1679315017990,1679315018166
1679315018138,1679315018167
1679315018084,1679315018169
1679315018059,1679315018185
1679315018170,1679315018250
1679315018203,1679315018256
1679315018205,1679315018289
1679315018206,1679315018314
1679315018234,1679315018323
1679315018197,1679315018326
1679315018341,1679315018355
1679315018360,1679315018371
1679315018366,1679315018382
1679315018394,1679315018412
1679315018380,1679315018419
1679315018385,1679315018423
1679315018360,1679315018424
1679315018306,1679315018430
1679315018433,1679315018478
1679315018403,1679315018504
1679315018497,1679315018513
1679315018290,1679315018541
1679315018461,1679315018559
1679315018549,1679315018566
1679315018597,1679315018624
1679315018627,1679315018655
1679315018636,1679315018677
1679315018606,1679315018686
1679315018699,1679315018806
1679315018812,1679315018824
1679315018823,1679315018948
1679315018903,1679315018964
1679315018980,1679315019017
1679315018998,1679315019028
1679315019019,1679315019034
1679315018953,1679315019046
1679315018954,1679315019062
1679315018960,1679315019082
1679315018997,1679315019102
1679315019132,1679315019148
1679315018801,1679315019166
1679315019135,1679315019172
1679315019210,1679315019224
1679315019199,1679315019226
1679315019231,1679315019241
1679315019285,1679315019302
1679315019226,1679315019363
1679315019394,1679315019413
1679315019361,1679315019416
1679315019351,1679315019436
1679315019363,1679315019436
1679315019351,1679315019440
1679315019406,1679315019462
1679315019425,1679315019462
1679315019371,1679315019476
1679315019482,1679315019504
1679315019450,1679315019531
1679315019512,1679315019567
1679315019596,1679315019607
1679315019576,1679315019615
1679315019626,1679315019639
1679315019605,1679315019641
1679315019596,1679315019657
1679315019709,1679315019733
1679315019700,1679315019751
1679315019780,1679315019788
1679315019795,1679315019824
1679315019815,1679315019840
1679315019845,1679315019851
1679315019896,1679315019901
1679315019914,1679315019999
1679315020016,1679315020037
1679315019928,1679315020072
1679315020072,1679315020089
1679315019844,1679315020182
1679315020146,1679315020188
1679315020168,1679315020208
1679315020215,1679315020236
1679315020238,1679315020245
1679315020194,1679315020260
1679315020212,1679315020288
1679315020309,1679315020312
1679315020266,1679315020312
1679315020272,1679315020331
1679315020329,1679315020351
1679315020331,1679315020360
1679315020294,1679315020386
1679315020341,1679315020429
1679315020397,1679315020437
1679315020388,1679315020448
1679315020329,1679315020469
1679315020552,1679315020566
1679315020596,1679315020607
1679315020654,1679315020689
1679315020688,1679315020699
1679315020659,1679315020715
1679315020659,1679315020750
1679315020798,1679315020814
1679315020812,1679315020839
1679315020784,1679315020864
1679315020835,1679315020920
1679315020837,1679315020990
1679315020877,1679315021032
1679315021006,1679315021069
1679315020933,1679315021126
1679315020999,1679315021132
1679315021087,1679315021136
1679315020932,1679315021188
1679315020922,1679315021225
1679315021194,1679315021240
1679315020938,1679315021252
1679315020924,1679315021252
1679315020846,1679315021266
1679315020824,1679315021269
1679315021233,1679315021280
1679315021337,1679315021350
1679315021374,1679315021394
1679315021157,1679315021395
1679315021344,1679315021400
1679315020949,1679315021402
1679315021025,1679315021416
1679315021103,1679315021417
1679315021413,1679315021436
1679315020941,1679315021448
1679315021036,1679315021467
1679315021400,1679315021480
1679315021460,1679315021525
1679315021463,1679315021544
1679315021105,1679315021558
1679315020821,1679315021565
1679315021268,1679315021578
1679315021509,1679315021588
1679315021547,1679315021621
1679315021537,1679315021641
1679315021634,1679315021644
1679315021639,1679315021707
1679315021667,1679315021719
1679315021659,1679315021752
1679315021654,1679315021769
1679315021288,1679315021779
1679315021721,1679315021790
1679315021743,1679315021797
1679315021894,1679315021901
1679315021749,1679315021910
1679315021921,1679315021924
1679315021851,1679315021965
1679315021921,1679315021974
1679315021943,1679315022002
1679315021984,1679315022028
1679315021936,1679315022034
1679315022050,1679315022089
1679315022085,1679315022095
1679315022166,1679315022205
1679315022216,1679315022273
1679315022152,1679315022294
1679315022208,1679315022334
1679315022346,1679315022354
1679315022379,1679315022388
1679315022386,1679315022410
1679315022405,1679315022412
1679315022431,1679315022439
1679315022498,1679315022562
1679315022491,1679315022579
1679315022567,1679315022584
1679315022467,1679315022627
1679315022618,1679315022658
1679315022723,1679315022752
1679315022776,1679315022787
1679315022700,1679315022851
1679315022826,1679315022885
1679315022964,1679315023045
1679315022982,1679315023051
1679315022974,1679315023069
1679315023056,1679315023090
1679315023104,1679315023109
1679315023109,1679315023137
1679315023181,1679315023194
1679315023182,1679315023221
1679315023056,1679315023246
1679315023266,1679315023283
1679315023193,1679315023285
1679315023305,1679315023322
1679315023276,1679315023360
1679315023236,1679315023377
1679315023117,1679315023421
1679315023437,1679315023464
1679315023488,1679315023504
1679315023510,1679315023512
1679315023499,1679315023527
1679315023465,1679315023538
1679315023397,1679315023574
1679315023519,1679315023579
1679315023340,1679315023596
1679315023659,1679315023668
1679315023416,1679315023672
1679315023653,1679315023674
1679315023615,1679315023690
1679315023590,1679315023727
1679315023568,1679315023749
1679315023521,1679315023792
1679315023467,1679315023792
1679315023564,1679315023815
1679315023694,1679315023844
1679315023825,1679315023917
1679315023664,1679315023925
1679315023703,1679315023949
1679315023758,1679315023965
1679315023856,1679315023991
1679315023681,1679315024030
1679315023756,1679315024042
1679315023981,1679315024052
1679315023732,1679315024058
1679315024034,1679315024062
1679315023820,1679315024074
1679315023928,1679315024082
1679315024047,1679315024098
1679315024131,1679315024155
1679315024218,1679315024234
1679315024262,1679315024294
1679315024220,1679315024337
1679315024186,1679315024344
1679315024356,1679315024394
1679315024400,1679315024470
1679315024308,1679315024514
1679315024523,1679315024540
1679315024527,1679315024548
1679315024520,1679315024560
1679315024533,1679315024560
1679315024584,1679315024620
1679315024663,1679315024676
1679315024631,1679315024726
1679315024678,1679315024731
1679315024739,1679315024756
1679315024745,1679315024774
1679315024762,1679315024802
1679315024797,1679315024820
1679315024709,1679315024857
1679315024940,1679315024950
1679315024897,1679315024958
1679315024806,1679315024962
1679315024964,1679315024975
1679315024977,1679315024998
1679315025013,1679315025068
1679315025013,1679315025070
1679315025007,1679315025080
1679315025090,1679315025099
1679315025003,1679315025102
1679315025093,1679315025105
1679315024995,1679315025119
1679315025074,1679315025135
1679315025093,1679315025136
1679315024991,1679315025137
1679315024893,1679315025144
1679315024984,1679315025156
1679315025110,1679315025196
1679315024979,1679315025198
1679315024966,1679315025204
1679315025224,1679315025235
1679315025279,1679315025295
1679315025307,1679315025353
1679315025333,1679315025358
1679315025366,1679315025374
1679315025432,1679315025442
1679315025423,1679315025472
1679315025490,1679315025505
1679315025380,1679315025508
1679315025437,1679315025524
1679315025505,1679315025541
1679315025490,1679315025552
1679315025549,1679315025563
1679315025437,1679315025618
1679315025550,1679315025626
1679315025401,1679315025669
1679315025663,1679315025683
1679315025620,1679315025694
1679315025747,1679315025768
1679315025751,1679315025777
1679315025775,1679315025787
1679315025855,1679315025860
1679315025851,1679315025891
1679315025972,1679315025989
1679315025955,1679315026006
1679315026026,1679315026036
1679315026051,1679315026059
1679315026053,1679315026067
1679315026097,1679315026105
1679315026079,1679315026115
1679315026063,1679315026189
1679315026178,1679315026208
1679315026192,1679315026268
1679315026206,1679315026278
1679315026141,1679315026282
1679315026225,1679315026300
1679315026265,1679315026326
1679315026217,1679315026336
1679315026319,1679315026348
1679315026273,1679315026369
1679315026364,1679315026372
1679315026294,1679315026387
1679315026377,1679315026421
1679315026409,1679315026424
1679315026274,1679315026456
1679315026471,1679315026496
1679315026513,1679315026516
1679315026442,1679315026546
1679315026453,1679315026571
1679315026380,1679315026601
1679315026606,1679315026642
1679315026593,1679315026647
1679315026649,1679315026673
1679315026585,1679315026685
1679315026647,1679315026695
1679315026688,1679315026717
1679315026729,1679315026778
1679315026596,1679315026895
1679315026850,1679315026896
1679315026731,1679315026914
1679315026880,1679315026931
1679315026912,1679315026946
1679315026979,1679315026983
1679315026975,1679315026984
1679315026964,1679315027033
1679315027058,1679315027104
1679315027054,1679315027108
1679315027082,1679315027136
1679315027095,1679315027161
1679315027009,1679315027161
1679315027001,1679315027180
1679315027173,1679315027206
1679315027240,1679315027243
1679315027210,1679315027315
1679315027349,1679315027364
1679315027228,1679315027412
1679315027376,1679315027436
1679315027382,1679315027437
1679315027453,1679315027461
1679315027459,1679315027473
1679315027435,1679315027485
1679315027488,1679315027529
1679315027532,1679315027576
1679315027564,1679315027624
1679315027619,1679315027634
1679315027604,1679315027643
1679315027532,1679315027680
1679315027617,1679315027690
1679315027697,1679315027730
1679315027616,1679315027830
1679315027781,1679315027842
1679315027868,1679315027912
1679315027896,1679315027913
1679315027945,1679315027960
1679315027915,1679315027966
1679315027768,1679315027988
1679315027984,1679315027988
1679315027978,1679315028039
1679315028041,1679315028055
1679315028041,1679315028060
1679315028016,1679315028060
1679315028085,1679315028093
1679315028089,1679315028120
1679315028126,1679315028132
1679315028118,1679315028175
1679315028124,1679315028181
1679315028165,1679315028184
1679315028166,1679315028200
1679315028202,1679315028248
1679315028216,1679315028272
1679315028260,1679315028284
1679315028283,1679315028316
1679315028228,1679315028322
1679315028261,1679315028326
1679315028256,1679315028350
1679315028342,1679315028351
1679315028411,1679315028417
1679315028428,1679315028455
1679315028407,1679315028475
1679315028492,1679315028502
1679315028477,1679315028508
1679315028510,1679315028519
1679315028539,1679315028546
1679315028581,1679315028620
1679315028535,1679315028628
1679315028618,1679315028658
1679315028657,1679315028668
1679315028520,1679315028674
1679315028664,1679315028678
1679315028681,1679315028704
1679315028750,1679315028756
1679315028767,1679315028816
1679315028821,1679315028875
1679315028827,1679315029000
1679315029003,1679315029010
1679315028990,1679315029029
1679315029031,1679315029036
1679315029068,1679315029092
1679315029086,1679315029146
1679315029058,1679315029180
1679315029133,1679315029207
1679315029109,1679315029226
1679315029237,1679315029247
1679315029171,1679315029269
1679315029250,1679315029288
1679315029204,1679315029288
1679315029253,1679315029297
1679315029167,1679315029319
1679315029288,1679315029401
1679315029364,1679315029438
1679315029596,1679315029600
1679315029596,1679315029620
1679315029657,1679315029685
1679315029696,1679315029758
1679315029800,1679315029802
1679315029816,1679315029825
1679315029777,1679315029830
1679315029848,1679315029855
1679315029961,1679315029971
1679315029947,1679315030008
1679315029910,1679315030016
1679315029981,1679315030026
1679315030034,1679315030040
1679315030052,1679315030135
1679315030137,1679315030143
1679315030035,1679315030153
1679315030064,1679315030171
1679315030014,1679315030177
1679315030124,1679315030191
1679315030190,1679315030204
1679315030176,1679315030227
1679315030244,1679315030261
1679315030289,1679315030295
1679315030370,1679315030375
1679315030384,1679315030412
1679315030253,1679315030429
1679315030342,1679315030448
1679315030252,1679315030464
1679315030152,1679315030474
1679315030386,1679315030504
1679315030569,1679315030607
1679315030538,1679315030652
1679315030594,1679315030669
1679315030565,1679315030685
1679315030562,1679315030721
1679315030595,1679315030722
1679315030691,1679315030723
1679315030588,1679315030786
1679315030642,1679315030885
1679315030853,1679315030894
1679315030876,1679315030920
1679315030861,1679315030963
1679315030923,1679315030987
1679315030943,1679315031010
1679315031070,1679315031080
1679315030970,1679315031092
1679315031034,1679315031096
1679315030958,1679315031102
1679315030889,1679315031107
1679315031091,1679315031116
1679315030944,1679315031142
1679315030965,1679315031143
1679315031139,1679315031143
1679315031155,1679315031186
1679315031157,1679315031191
1679315031169,1679315031193
1679315031152,1679315031224
1679315031276,1679315031283
1679315031263,1679315031289
1679315031288,1679315031306
1679315031173,1679315031321
1679315031400,1679315031435
1679315031369,1679315031475
1679315031478,1679315031501
1679315031528,1679315031545
1679315031655,1679315031664
1679315031567,1679315031668
1679315031592,1679315031680
1679315031654,1679315031695
1679315031699,1679315031709
1679315031714,1679315031740
1679315031760,1679315031794
1679315031763,1679315031802
1679315031831,1679315031869
1679315031821,1679315031872
1679315031853,1679315031877
1679315031792,1679315031933
1679315031811,1679315031947
1679315031770,1679315031963
1679315031902,1679315031971
1679315031968,1679315031975
1679315031840,1679315032039
1679315031895,1679315032126
1679315032081,1679315032138
1679315032041,1679315032149
1679315032021,1679315032226
1679315032049,1679315032241
1679315032164,1679315032241
1679315032254,1679315032259
1679315032245,1679315032320
1679315032301,1679315032360
1679315032172,1679315032363
1679315032203,1679315032368
1679315032332,1679315032421
1679315032435,1679315032441
1679315032416,1679315032481
1679315032317,1679315032495
1679315032515,1679315032524
1679315032534,1679315032541
1679315032474,1679315032548
1679315032546,1679315032551
1679315032529,1679315032561
1679315032529,1679315032574
1679315032607,1679315032642
1679315032636,1679315032658
1679315032710,1679315032720
1679315032624,1679315032760
1679315032646,1679315032792
1679315032759,1679315032804
1679315032661,1679315032806
1679315032837,1679315032896
1679315032909,1679315032927
1679315032928,1679315032940
1679315032985,1679315033067
1679315033067,1679315033106
1679315033034,1679315033132
1679315033110,1679315033138
1679315033022,1679315033185
1679315033171,1679315033209
1679315033199,1679315033222
1679315033165,1679315033222
1679315033111,1679315033229
1679315033221,1679315033231
1679315033198,1679315033274
1679315033269,1679315033280
1679315033271,1679315033282
1679315033254,1679315033300
1679315033225,1679315033310
1679315033305,1679315033323
1679315033327,1679315033346
1679315033342,1679315033350
1679315033384,1679315033393
1679315033341,1679315033396
1679315033381,1679315033447
1679315033424,1679315033472
1679315033533,1679315033599
1679315033589,1679315033624
1679315033585,1679315033639
1679315033662,1679315033679
1679315033655,1679315033699
1679315033650,1679315033702
1679315033658,1679315033728
1679315033836,1679315033841
1679315033832,1679315033905
1679315033902,1679315033914
1679315033905,1679315033936
1679315033983,1679315033993
1679315034002,1679315034006
1679315034017,1679315034021
1679315034019,1679315034044
1679315034034,1679315034047
1679315033990,1679315034051
1679315034041,1679315034084
1679315034063,1679315034088
1679315034125,1679315034131
1679315034140,1679315034144
1679315034194,1679315034212
1679315034233,1679315034236
1679315034239,1679315034250
1679315034247,1679315034253
1679315034220,1679315034266
1679315034185,1679315034276
1679315034277,1679315034281
1679315034357,1679315034364
1679315034318,1679315034373
1679315034333,1679315034373
1679315034333,1679315034383
1679315034416,1679315034427
1679315034267,1679315034431
1679315034531,1679315034565
1679315034504,1679315034588
1679315034425,1679315034598
1679315034587,1679315034619
1679315034584,1679315034629
1679315034671,1679315034679
1679315034727,1679315034737
1679315034592,1679315034761
1679315034727,1679315034766
1679315034684,1679315034776
1679315034708,1679315034811
1679315034830,1679315034834
1679315034844,1679315034855
1679315034784,1679315034856
1679315034844,1679315034875
1679315034886,1679315034895
1679315034909,1679315034945
1679315034711,1679315034956
1679315034934,1679315034974
1679315035022,1679315035066
1679315035005,1679315035074
1679315034971,1679315035150
1679315035034,1679315035152
1679315035121,1679315035158
1679315035218,1679315035224
1679315035218,1679315035249
1679315035288,1679315035301
1679315035351,1679315035468
1679315035408,1679315035488
1679315035367,1679315035527
1679315035493,1679315035562
1679315035571,1679315035586
1679315035503,1679315035596
1679315035612,1679315035667
1679315035642,1679315035731
1679315035747,1679315035766
1679315035744,1679315035788
1679315035696,1679315035836
1679315035832,1679315035864
1679315035777,1679315035867
1679315035720,1679315035888
1679315035803,1679315035897
1679315035582,1679315035923
1679315035582,1679315035938
1679315035908,1679315035938
1679315035956,1679315035973
1679315035854,1679315035977
1679315035939,1679315035994
1679315035968,1679315035995
1679315035723,1679315036036
1679315036023,1679315036036
1679315035911,1679315036057
1679315036083,1679315036099
1679315036092,1679315036100
1679315036084,1679315036102
1679315035840,1679315036106
1679315036069,1679315036108
1679315036126,1679315036141
1679315036200,1679315036205
1679315036247,1679315036250
1679315036356,1679315036382
1679315036351,1679315036391
1679315036333,1679315036407
1679315036324,1679315036417
1679315036380,1679315036423
1679315036410,1679315036423
1679315036417,1679315036444
1679315036445,1679315036449
1679315036429,1679315036489
1679315036502,1679315036507
1679315036482,1679315036524
1679315036532,1679315036536
1679315036394,1679315036549
1679315036569,1679315036595
1679315036549,1679315036615
1679315036531,1679315036619
1679315036634,1679315036651
1679315036646,1679315036679
1679315036686,1679315036697
1679315036720,1679315036776
1679315036780,1679315036788
1679315036681,1679315036887
1679315036982,1679315037021
1679315036973,1679315037021
1679315036961,1679315037045
1679315037060,1679315037090
1679315037019,1679315037132
1679315036990,1679315037168
1679315037191,1679315037194
1679315037221,1679315037229
1679315037085,1679315037232
1679315037172,1679315037235
1679315037233,1679315037239
1679315037246,1679315037255
1679315037255,1679315037267
1679315037252,1679315037308
1679315037211,1679315037308
1679315037325,1679315037330
1679315037238,1679315037368
1679315037370,1679315037401
1679315037254,1679315037412
1679315037246,1679315037412
1679315037370,1679315037424
1679315037441,1679315037469
1679315037472,1679315037543
1679315037610,1679315037649
1679315037657,1679315037664
1679315037607,1679315037684
1679315037657,1679315037706
1679315037758,1679315037800
1679315037738,1679315037804
1679315037812,1679315037822
1679315037849,1679315037853
1679315037801,1679315037888
1679315037897,1679315037902
1679315037898,1679315037927
1679315037932,1679315038010
1679315037797,1679315038013
1679315037932,1679315038016
1679315037977,1679315038049
1679315038043,1679315038062
1679315038076,1679315038122
1679315038129,1679315038159
1679315038018,1679315038170
1679315038150,1679315038198
1679315038150,1679315038205
1679315038025,1679315038213
1679315038152,1679315038216
1679315038244,1679315038250
1679315038220,1679315038253
1679315038217,1679315038255
1679315038255,1679315038273
1679315038293,1679315038297
1679315038287,1679315038305
1679315038313,1679315038329
1679315038321,1679315038342
1679315038307,1679315038344
1679315038327,1679315038363
1679315038355,1679315038384
1679315038324,1679315038437
1679315038267,1679315038437
1679315038339,1679315038458
1679315038451,1679315038462
1679315038488,1679315038506
1679315038457,1679315038519
1679315038489,1679315038531
1679315038516,1679315038552
1679315038580,1679315038587
1679315038499,1679315038720
1679315038718,1679315038744
1679315038575,1679315038782
1679315038608,1679315038818
1679315038766,1679315038836
1679315038589,1679315038885
1679315038767,1679315038926
1679315038691,1679315038938
1679315038629,1679315038947
1679315038857,1679315038968
1679315038969,1679315038976
1679315038921,1679315038979
1679315038812,1679315039001
1679315038832,1679315039020
1679315038405,1679315039022
1679315038744,1679315039035
1679315038805,1679315039063
1679315039101,1679315039151
1679315039088,1679315039163
1679315039192,1679315039209
1679315039225,1679315039240
1679315039167,1679315039254
1679315039289,1679315039307
1679315039309,1679315039313
1679315039310,1679315039314
1679315039319,1679315039333
1679315039237,1679315039349
1679315039413,1679315039418
1679315039408,1679315039468
1679315039448,1679315039501
1679315039520,1679315039542
1679315039471,1679315039547
1679315039600,1679315039617
1679315039660,1679315039686
1679315039681,1679315039717
1679315039764,1679315039769
1679315039792,1679315039831
1679315039817,1679315039858
1679315039858,1679315039874
1679315039913,1679315039916
1679315039888,1679315039919
1679315039830,1679315039944
1679315039901,1679315040022
1679315040016,1679315040058
1679315039983,1679315040065
1679315040064,1679315040105
1679315040095,1679315040108
1679315040088,1679315040125
1679315040100,1679315040139
1679315040166,1679315040172
1679315040248,1679315040263
1679315040241,1679315040284
1679315040252,1679315040322
1679315040235,1679315040354
1679315040355,1679315040383
1679315040377,1679315040390
1679315040294,1679315040390
1679315040377,1679315040398
1679315040233,1679315040411
1679315040393,1679315040425
1679315040436,1679315040467
1679315040446,1679315040483
1679315040616,1679315040621
1679315040593,1679315040677
1679315040603,1679315040694
1679315040683,1679315040697
1679315040588,1679315040714
1679315040636,1679315040742
1679315040739,1679315040764
1679315040716,1679315040765
1679315040677,1679315040768
1679315040786,1679315040862
1679315040835,1679315040878
1679315040848,1679315040878
1679315040822,1679315040885
1679315040942,1679315040949
1679315040914,1679315040978
1679315040929,1679315041015
1679315040956,1679315041042
1679315041042,1679315041096
1679315041107,1679315041119
1679315041079,1679315041149
1679315040954,1679315041156
1679315041119,1679315041173
1679315041174,1679315041190
1679315041113,1679315041209
1679315041218,1679315041232
1679315041169,1679315041278
1679315041233,1679315041296
1679315041320,1679315041384
1679315041314,1679315041403
1679315041376,1679315041425
1679315041410,1679315041427
1679315041514,1679315041519
1679315041508,1679315041545
1679315041346,1679315041591
1679315041536,1679315041599
1679315041599,1679315041613
1679315041603,1679315041627
1679315041477,1679315041638
1679315041493,1679315041645
1679315041534,1679315041649
1679315041591,1679315041653
1679315041651,1679315041655
1679315041654,1679315041668
1679315041641,1679315041671
1679315041575,1679315041673
1679315041671,1679315041711
1679315041662,1679315041726
1679315041619,1679315041848
1679315041731,1679315041875
1679315041897,1679315041907
1679315041927,1679315041957
1679315041855,1679315042003
1679315041969,1679315042007
1679315041971,1679315042055
1679315041937,1679315042067
1679315041997,1679315042117
1679315041860,1679315042132
1679315042143,1679315042153
1679315042024,1679315042168
1679315042151,1679315042180
1679315042232,1679315042241
1679315042258,1679315042271
1679315042295,1679315042303
1679315042385,1679315042391
1679315042366,1679315042395
1679315042383,1679315042396
1679315042393,1679315042450
1679315042394,1679315042451
1679315042363,1679315042465
1679315042443,1679315042467
1679315042428,1679315042473
1679315042376,1679315042563
1679315042519,1679315042568
1679315042361,1679315042572
1679315042524,1679315042574
1679315042549,1679315042580
1679315042424,1679315042580
1679315042491,1679315042594
1679315042531,1679315042597
1679315042643,1679315042667
1679315042639,1679315042706
1679315042662,1679315042768
1679315042713,1679315042771
1679315042746,1679315042774
1679315042653,1679315042790
1679315042793,1679315042802
1679315042734,1679315042865
1679315042891,1679315042933
1679315042946,1679315042976
1679315043001,1679315043021
1679315043006,1679315043044
1679315043080,1679315043091
1679315042913,1679315043144
1679315042887,1679315043145
1679315043143,1679315043159
1679315043159,1679315043185
1679315043201,1679315043209
1679315042926,1679315043228
1679315042885,1679315043260
1679315043259,1679315043265
1679315043291,1679315043295
1679315043254,1679315043297
1679315043251,1679315043340
1679315043382,1679315043404
1679315043330,1679315043407
1679315043397,1679315043413
1679315043382,1679315043462
1679315043428,1679315043480
1679315043466,1679315043510
1679315043529,1679315043555
1679315043531,1679315043593
1679315043571,1679315043666
1679315043603,1679315043668
1679315043606,1679315043685
1679315043615,1679315043700
1679315043632,1679315043717
1679315043714,1679315043728
1679315043754,1679315043808
1679315043847,1679315043851
1679315043829,1679315043887
1679315043849,1679315043912
1679315043923,1679315043972
1679315043871,1679315043976
1679315043917,1679315043993
1679315043920,1679315044000
1679315044018,1679315044038
1679315044032,1679315044052
1679315044076,1679315044080
1679315044077,1679315044096
1679315044133,1679315044155
1679315044129,1679315044173
1679315044184,1679315044188
1679315044191,1679315044201
1679315044174,1679315044229
1679315044274,1679315044290
1679315044426,1679315044472
1679315044452,1679315044479
1679315044468,1679315044488
1679315044428,1679315044514
1679315044506,1679315044516
1679315044587,1679315044599
1679315044521,1679315044602
1679315044551,1679315044622
1679315044476,1679315044652
1679315044523,1679315044661
1679315044507,1679315044672
1679315044520,1679315044675
1679315044625,1679315044733
1679315044799,1679315044807
1679315044805,1679315044808
1679315044830,1679315044848
1679315044824,1679315044852
1679315044871,1679315044915
1679315044888,1679315044934
1679315044940,1679315044959
1679315044941,1679315044968
1679315044937,1679315044989
1679315044872,1679315045000
1679315044936,1679315045024
1679315044826,1679315045025
1679315044867,1679315045026
1679315045040,1679315045063
1679315044980,1679315045063
1679315045064,1679315045094
1679315044815,1679315045097
1679315045107,1679315045113
1679315045095,1679315045163
1679315045149,1679315045249
1679315045164,1679315045259
1679315045286,1679315045310
1679315045300,1679315045316
1679315045337,1679315045349
1679315045356,1679315045375
1679315045305,1679315045400
1679315045360,1679315045402
1679315045462,1679315045474
1679315045468,1679315045478
1679315045464,1679315045486
1679315045519,1679315045530
1679315045519,1679315045577
1679315045557,1679315045590
1679315045534,1679315045592
1679315045684,1679315045689
1679315045685,1679315045757
1679315045747,1679315045786
1679315045788,1679315045800
1679315045819,1679315045849
1679315045852,1679315045857
1679315045836,1679315045864
1679315045847,1679315045868
1679315045905,1679315045909
1679315045847,1679315045954
1679315045921,1679315045958
1679315045879,1679315045998
1679315045957,1679315046002
1679315046004,1679315046076
1679315046057,1679315046090
1679315046095,1679315046103
1679315046057,1679315046115
1679315046128,1679315046136
1679315046159,1679315046191
1679315046199,1679315046235
1679315046261,1679315046267
1679315046205,1679315046305
1679315046289,1679315046312
1679315046218,1679315046324
1679315046280,1679315046333
1679315046237,1679315046354
1679315046409,1679315046415
1679315046397,1679315046595
1679315046458,1679315046604
1679315046542,1679315046612
1679315046547,1679315046621
1679315046525,1679315046637
1679315046531,1679315046638
1679315046533,1679315046640
1679315046634,1679315046648
1679315046688,1679315046737
1679315046735,1679315046740
1679315046607,1679315046747
1679315046542,1679315046750
1679315046750,1679315046779
1679315046635,1679315046783
1679315046549,1679315046796
1679315046739,1679315046830
1679315046827,1679315046855
1679315046834,1679315046893
1679315046885,1679315046915
1679315046755,1679315046919
1679315046899,1679315046926
1679315046891,1679315046934
1679315046968,1679315046971
1679315046973,1679315047016
1679315046956,1679315047018
1679315047031,1679315047048
1679315047036,1679315047054
1679315047058,1679315047080
1679315047045,1679315047134
1679315047146,1679315047171
1679315047138,1679315047187
1679315047045,1679315047187
1679315047105,1679315047197
1679315047158,1679315047223
1679315047041,1679315047234
1679315047061,1679315047258
1679315047157,1679315047258
1679315047350,1679315047363
1679315047396,1679315047411
1679315047429,1679315047440
1679315047454,1679315047483
1679315047423,1679315047486
1679315047497,1679315047506
1679315047481,1679315047510
1679315047498,1679315047528
1679315047514,1679315047530
1679315047570,1679315047639
1679315047647,1679315047661
1679315047669,1679315047678
1679315047687,1679315047703
1679315047707,1679315047725
1679315047711,1679315047732
1679315047726,1679315047746
1679315047656,1679315047770
1679315047745,1679315047814
1679315047808,1679315047852
1679315047805,1679315047874
1679315047945,1679315047965
1679315047926,1679315047973
1679315047999,1679315048005
1679315047957,1679315048009
1679315048067,1679315048082
1679315048029,1679315048107
1679315048106,1679315048112
1679315048093,1679315048113
1679315048131,1679315048140
1679315048222,1679315048246
1679315048170,1679315048248
1679315048280,1679315048288
1679315048264,1679315048312
1679315048386,1679315048475
1679315048475,1679315048482
1679315048464,1679315048539
1679315048544,1679315048576
1679315048578,1679315048582
1679315048585,1679315048588
1679315048545,1679315048596
1679315048591,1679315048646
1679315048600,1679315048652
1679315048625,1679315048654
1679315048653,1679315048659
1679315048585,1679315048675
1679315048648,1679315048682
1679315048676,1679315048752
1679315048746,1679315048816
1679315048805,1679315048826
1679315048784,1679315048828
1679315048757,1679315048858
1679315048881,1679315048884
1679315048790,1679315048934
1679315048608,1679315048985
1679315048979,1679315048990
1679315049023,1679315049058
1679315048944,1679315049058
1679315048972,1679315049068
1679315048919,1679315049079
1679315048956,1679315049079
1679315048968,1679315049082
1679315049092,1679315049100
1679315049096,1679315049103
1679315048934,1679315049161
1679315049172,1679315049186
1679315049048,1679315049201
1679315049160,1679315049220
1679315049127,1679315049243
1679315049139,1679315049270
1679315049220,1679315049279
1679315049225,1679315049294
1679315049086,1679315049302
1679315049245,1679315049337
1679315049317,1679315049376
1679315049300,1679315049408
1679315049368,1679315049429
1679315049457,1679315049471
1679315049459,1679315049488
1679315049549,1679315049554
1679315049548,1679315049558
1679315049545,1679315049565
1679315049530,1679315049598
1679315049563,1679315049608
1679315049593,1679315049650
1679315049601,1679315049655
1679315049634,1679315049668
1679315049634,1679315049709
1679315049733,1679315049749
1679315049746,1679315049775
1679315049795,1679315049803
1679315049715,1679315049810
1679315049828,1679315049853
1679315049829,1679315049870
1679315049789,1679315049879
1679315049878,1679315049903
1679315049928,1679315049943
1679315049949,1679315049991
1679315050018,1679315050042
1679315050000,1679315050082
1679315050080,1679315050116
1679315049963,1679315050118
1679315050123,1679315050145
1679315050147,1679315050183
1679315050225,1679315050228
1679315050199,1679315050228
1679315050216,1679315050237
1679315050240,1679315050261
1679315050234,1679315050264
1679315050284,1679315050305
1679315050297,1679315050344
1679315050329,1679315050404
1679315050304,1679315050425
1679315050479,1679315050502
1679315050496,1679315050598
1679315050601,1679315050647
1679315050714,1679315050739
1679315050720,1679315050783
1679315050781,1679315050842
1679315050765,1679315050853
1679315050806,1679315050856
1679315050773,1679315050857
1679315050845,1679315050887
1679315050793,1679315050894
1679315050835,1679315050908
1679315050692,1679315050943
1679315050919,1679315050964
1679315050960,1679315050977
1679315050988,1679315051002
1679315051043,1679315051046
1679315050951,1679315051052
1679315050982,1679315051075
1679315051000,1679315051114
1679315050961,1679315051145
1679315051119,1679315051223
1679315051118,1679315051272
1679315051260,1679315051290
1679315051309,1679315051313
1679315051364,1679315051387
1679315051402,1679315051426
1679315051451,1679315051466
1679315051458,1679315051500
1679315051495,1679315051542
1679315051407,1679315051552
1679315051378,1679315051586
1679315051576,1679315051592
1679315051411,1679315051632
1679315051602,1679315051661
1679315051641,1679315051764
1679315051743,1679315051794
1679315051781,1679315051859
1679315051858,1679315051887
1679315051703,1679315051891
1679315051521,1679315051895
1679315051720,1679315051905
1679315051300,1679315051907
1679315051664,1679315051942
1679315051540,1679315051950
1679315051735,1679315051952
1679315051360,1679315051999
1679315051865,1679315052002
1679315051367,1679315052006
1679315051351,1679315052059
1679315051417,1679315052061
1679315052096,1679315052102
1679315052068,1679315052153
1679315052171,1679315052200
1679315051802,1679315052242
1679315052240,1679315052264
1679315052316,1679315052362
1679315052373,1679315052414
1679315052169,1679315052423
1679315052307,1679315052430
1679315052443,1679315052478
1679315052440,1679315052534
1679315052530,1679315052558
1679315052539,1679315052559
1679315052513,1679315052604
1679315052579,1679315052609
1679315052428,1679315052616
1679315052557,1679315052622
1679315052492,1679315052677
1679315052661,1679315052691
1679315052656,1679315052724
1679315052647,1679315052781
1679315052628,1679315052803
1679315052591,1679315052805
1679315052794,1679315052812
1679315052800,1679315052816
1679315052799,1679315052841
1679315052902,1679315052972
1679315052970,1679315052977
1679315052892,1679315052980
1679315052640,1679315053047
1679315053030,1679315053057
1679315052801,1679315053123
1679315053001,1679315053138
1679315053128,1679315053143
1679315053127,1679315053143
1679315053061,1679315053166
1679315053159,1679315053178
1679315053076,1679315053233
1679315053196,1679315053245
1679315053220,1679315053245
1679315053211,1679315053251
1679315053259,1679315053266
1679315053249,1679315053281
1679315053341,1679315053388
1679315053335,1679315053409
1679315053393,1679315053489
1679315053409,1679315053493
1679315053525,1679315053613
1679315053635,1679315053644
1679315053679,1679315053692
1679315053703,1679315053711
1679315053635,1679315053717
1679315053689,1679315053720
1679315053721,1679315053742
1679315053760,1679315053801
1679315053776,1679315053809
1679315053828,1679315053866
1679315053802,1679315053890
1679315053839,1679315053895
1679315053863,1679315054023
1679315054042,1679315054067
1679315053853,1679315054084
1679315054078,1679315054088
1679315053933,1679315054094
1679315053787,1679315054103
1679315054046,1679315054118
1679315053893,1679315054140
1679315054103,1679315054163
1679315054142,1679315054165
1679315054106,1679315054196
1679315054219,1679315054229
1679315054223,1679315054273
1679315054169,1679315054392
1679315054374,1679315054409
1679315054359,1679315054453
1679315054345,1679315054455
1679315054263,1679315054469
1679315054365,1679315054469
1679315054391,1679315054477
1679315054505,1679315054545
1679315054533,1679315054546
1679315054562,1679315054574
1679315054552,1679315054578
1679315054554,1679315054596
1679315054623,1679315054667
1679315054548,1679315054710
1679315054510,1679315054712
1679315054703,1679315054731
1679315054819,1679315054838
1679315054898,1679315054916
1679315054880,1679315054948
1679315054979,1679315055019
1679315055007,1679315055032
1679315054729,1679315055073
1679315054983,1679315055077
1679315055014,1679315055116
1679315055112,1679315055166
1679315054898,1679315055169
1679315055130,1679315055185
1679315055249,1679315055268
1679315055256,1679315055279
1679315055242,1679315055287
1679315055139,1679315055295
1679315055420,1679315055434
1679315055515,1679315055576
1679315055540,1679315055593
1679315055541,1679315055600
1679315055483,1679315055664
1679315055649,1679315055670
1679315055673,1679315055704
1679315055691,1679315055720
1679315055792,1679315055833
1679315055844,1679315055858
1679315055812,1679315055867
1679315055734,1679315055899
1679315055824,1679315055903
1679315055899,1679315055928
1679315055897,1679315055928
1679315055824,1679315055940
1679315055757,1679315055962
1679315055813,1679315055996
1679315055850,1679315056002
1679315055992,1679315056013
1679315055895,1679315056018
1679315056085,1679315056093
1679315056047,1679315056097
1679315056011,1679315056154
1679315056131,1679315056156
1679315056153,1679315056181
1679315056199,1679315056227
1679315056201,1679315056236
1679315056131,1679315056282
1679315056183,1679315056302
1679315056343,1679315056391
1679315056330,1679315056404
1679315056371,1679315056413
1679315056456,1679315056472
1679315056436,1679315056494
1679315056470,1679315056496
1679315056476,1679315056518
1679315056469,1679315056554
1679315056480,1679315056616
1679315056585,1679315056621
1679315056669,1679315056683
1679315056789,1679315056816
1679315056627,1679315056816
1679315056796,1679315056820
1679315056804,1679315056835
1679315056827,1679315056841
1679315056778,1679315056846
1679315056798,1679315056856
1679315056785,1679315056876
1679315056773,1679315056887
1679315056909,1679315056936
1679315056884,1679315057000
1679315057018,1679315057052
1679315057068,1679315057081
1679315057036,1679315057103
1679315056952,1679315057109
1679315057115,1679315057133
1679315057042,1679315057140
1679315057114,1679315057144
1679315057065,1679315057150
1679315057194,1679315057200
1679315057305,1679315057313
1679315057319,1679315057323
1679315057244,1679315057339
1679315057331,1679315057383
1679315057338,1679315057439
1679315057338,1679315057450
1679315057443,1679315057453
1679315057435,1679315057475
1679315057471,1679315057531
1679315057444,1679315057556
1679315057488,1679315057558
1679315057587,1679315057601
1679315057582,1679315057610
1679315057527,1679315057625
1679315057615,1679315057645
1679315057622,1679315057695
1679315057690,1679315057699
1679315057696,1679315057761
1679315057850,1679315057860
1679315057898,1679315057911
1679315057904,1679315057939
1679315057918,1679315057942
1679315057999,1679315058016
1679315058022,1679315058099
1679315058079,1679315058116
1679315058150,1679315058175
1679315058148,1679315058192
1679315058092,1679315058210
1679315058182,1679315058222
1679315058222,1679315058256
1679315058277,1679315058288
1679315058257,1679315058307
1679315058340,1679315058354
1679315058342,1679315058370
1679315058324,1679315058388
1679315058341,1679315058402
1679315058406,1679315058479
1679315058464,1679315058517
1679315058527,1679315058544
1679315058554,1679315058559
1679315058497,1679315058572
1679315058584,1679315058620
1679315058579,1679315058627
1679315058516,1679315058650
1679315058582,1679315058668
1679315058650,1679315058691
1679315058751,1679315058851
1679315058838,1679315058885
1679315058746,1679315058900
1679315058830,1679315058921
1679315058776,1679315058927
1679315058761,1679315058979
1679315058926,1679315058987
1679315058979,1679315058989
1679315058994,1679315059020
1679315059053,1679315059071
1679315059065,1679315059075
1679315059003,1679315059084
1679315059089,1679315059105
1679315059074,1679315059153
1679315059162,1679315059192
1679315059155,1679315059196
1679315059170,1679315059221
1679315059232,1679315059280
1679315059124,1679315059324
1679315059308,1679315059344
1679315059363,1679315059374
1679315059369,1679315059379
1679315059385,1679315059400
1679315059359,1679315059410
1679315059404,1679315059457
1679315059437,1679315059486
1679315059479,1679315059505
1679315059492,1679315059577
1679315059479,1679315059592
1679315059549,1679315059613
1679315059603,1679315059627
1679315059697,1679315059709
1679315059726,1679315059744
1679315059802,1679315059809
1679315059807,1679315059823
1679315059809,1679315059824
1679315059827,1679315059846
1679315059860,1679315059866
1679315059794,1679315059867
1679315059852,1679315059927
1679315059878,1679315059946
1679315059811,1679315059954
1679315059938,1679315059970
1679315059968,1679315060044
1679315059858,1679315060088
1679315060057,1679315060094
1679315060107,1679315060110
1679315059851,1679315060110
1679315059866,1679315060141
1679315060138,1679315060176
1679315059939,1679315060192
1679315060172,1679315060202
1679315060158,1679315060225
1679315060177,1679315060230
1679315060235,1679315060278
1679315060268,1679315060280
1679315060205,1679315060341
1679315060326,1679315060366
1679315060364,1679315060374
1679315060334,1679315060384
1679315060274,1679315060425
1679315060290,1679315060436
1679315060370,1679315060465
1679315060520,1679315060538
1679315060543,1679315060558
1679315060504,1679315060562
1679315060561,1679315060578
1679315060607,1679315060616
1679315060622,1679315060632
1679315060573,1679315060653
1679315060611,1679315060673
1679315060582,1679315060713
1679315060705,1679315060716
1679315060663,1679315060731
1679315060794,1679315060831
1679315060843,1679315060883
1679315060885,1679315060921
1679315060919,1679315060970
1679315060917,1679315061007
1679315061006,1679315061014
1679315061046,1679315061064
1679315061074,1679315061078
1679315061098,1679315061115
1679315061077,1679315061139
1679315060886,1679315061152
1679315061173,1679315061207
1679315061227,1679315061244
1679315061241,1679315061249
1679315061223,1679315061265
1679315061303,1679315061311
1679315061282,1679315061323
1679315061374,1679315061376
1679315061379,1679315061398
1679315061356,1679315061400
1679315061311,1679315061437
1679315061384,1679315061475
1679315061478,1679315061504
1679315061517,1679315061525
1679315061613,1679315061642
1679315061620,1679315061649
1679315061613,1679315061658
1679315061706,1679315061737
1679315061646,1679315061740
1679315061730,1679315061758
1679315061670,1679315061768
1679315061764,1679315061778
1679315061775,1679315061779
1679315061834,1679315061847
1679315061719,1679315061853
1679315061869,1679315061887
1679315061898,1679315061904
1679315061911,1679315061920
1679315061851,1679315061929
1679315061937,1679315061957
1679315061956,1679315061980
1679315061947,1679315061992
1679315061959,1679315062027
1679315062052,1679315062057
1679315061951,1679315062061
1679315062030,1679315062069
1679315062014,1679315062146
1679315061946,1679315062146
1679315062144,1679315062153
1679315062159,1679315062174
1679315062192,1679315062199
1679315062051,1679315062206
1679315062156,1679315062217
1679315062189,1679315062275
1679315062290,1679315062299
1679315062254,1679315062315
1679315062399,1679315062422
1679315062445,1679315062463
1679315062403,1679315062482
1679315062449,1679315062494
1679315062460,1679315062553
1679315062546,1679315062608
1679315062597,1679315062616
1679315062579,1679315062625
1679315062617,1679315062654
1679315062597,1679315062662
1679315062645,1679315062699
1679315062668,1679315062702
1679315062711,1679315062752
1679315062745,1679315062760
1679315062708,1679315062783
1679315062662,1679315062822
1679315062689,1679315062873
1679315062863,1679315062888
1679315062918,1679315062922
1679315062981,1679315063002
1679315062992,1679315063060
1679315063098,1679315063109
1679315063077,1679315063113
1679315063004,1679315063127
1679315063121,1679315063129
1679315063012,1679315063129
1679315063134,1679315063147
1679315063183,1679315063186
1679315063201,1679315063215
1679315063217,1679315063231
1679315063230,1679315063235
1679315063300,1679315063331
1679315063316,1679315063398
1679315063401,1679315063416
1679315063388,1679315063427
1679315063369,1679315063452
1679315063446,1679315063467
1679315063327,1679315063513
1679315063481,1679315063539
1679315063458,1679315063604
1679315063613,1679315063619
1679315063470,1679315063630
1679315063604,1679315063637
1679315063620,1679315063669
1679315063686,1679315063695
1679315063690,1679315063706
1679315063682,1679315063741
1679315063671,1679315063774
1679315063773,1679315063800
1679315063757,1679315063815
1679315063803,1679315063833
1679315063871,1679315063877
1679315063879,1679315063903
1679315063798,1679315063903
1679315063913,1679315063917
1679315063881,1679315063920
1679315063929,1679315063964
1679315063843,1679315063975
1679315063950,1679315063985
1679315063829,1679315063995
1679315063956,1679315064003
1679315063997,1679315064009
1679315063995,1679315064012
1679315064013,1679315064032
1679315063978,1679315064049
1679315064019,1679315064056
1679315064014,1679315064074
1679315064008,1679315064085
1679315064097,1679315064129
1679315064098,1679315064138
1679315064140,1679315064152
1679315064141,1679315064171
1679315064111,1679315064197
1679315064324,1679315064333
1679315064289,1679315064344
1679315064312,1679315064366
1679315064318,1679315064370
1679315064396,1679315064423
1679315064441,1679315064526
1679315064523,1679315064532
1679315064507,1679315064568
1679315064603,1679315064610
1679315064655,1679315064663
1679315064548,1679315064668
1679315064695,1679315064729
1679315064705,1679315064761
1679315064762,1679315064770
1679315064733,1679315064791
1679315064741,1679315064808
1679315064681,1679315064827
1679315064824,1679315064849
1679315064793,1679315064889
1679315064924,1679315064942
1679315064965,1679315064998
1679315064961,1679315065000
1679315065073,1679315065091
1679315064953,1679315065129
1679315065104,1679315065138
1679315065142,1679315065156
1679315064959,1679315065191
1679315065205,1679315065278
1679315065269,1679315065309
1679315065351,1679315065355
1679315065363,1679315065379
1679315065234,1679315065382
1679315065390,1679315065417
1679315065371,1679315065425
1679315065434,1679315065485
1679315065488,1679315065492
1679315065481,1679315065497
1679315065448,1679315065504
1679315065368,1679315065512
1679315065409,1679315065518
1679315065481,1679315065531
1679315065441,1679315065537
1679315065532,1679315065554
1679315065381,1679315065573
1679315065501,1679315065601
1679315065655,1679315065658
1679315065590,1679315065666
1679315065632,1679315065673
1679315065690,1679315065697
1679315065668,1679315065716
1679315065810,1679315065830
1679315065812,1679315065839
1679315065797,1679315065850
1679315065783,1679315065866
1679315065940,1679315065971
1679315065988,1679315066013
1679315066019,1679315066059
1679315066077,1679315066081
1679315066079,1679315066089
1679315066081,1679315066090
1679315066159,1679315066170
1679315066146,1679315066171
1679315066172,1679315066176
1679315066144,1679315066197
1679315066204,1679315066209
1679315066215,1679315066272
1679315066268,1679315066316
1679315066223,1679315066326
1679315066317,1679315066345
1679315066240,1679315066345
1679315066200,1679315066366
1679315066388,1679315066409
1679315066408,1679315066435
1679315066324,1679315066460
1679315066577,1679315066633
1679315066627,1679315066636
1679315066645,1679315066656
1679315066695,1679315066708
1679315066701,1679315066718
1679315066729,1679315066736
1679315066731,1679315066754
1679315066694,1679315066786
1679315066778,1679315066805
1679315066842,1679315066856
1679315066915,1679315066924
1679315066835,1679315067000
1679315067130,1679315067143
1679315067104,1679315067154
1679315067089,1679315067155
1679315067094,1679315067156
1679315067157,1679315067164
1679315067182,1679315067190
1679315067216,1679315067243
1679315067109,1679315067258
1679315067243,1679315067294
1679315067271,1679315067339
1679315067439,1679315067443
1679315067446,1679315067498
1679315067491,1679315067522
1679315067433,1679315067525
1679315067517,1679315067528
1679315067455,1679315067534
1679315067470,1679315067537
1679315067583,1679315067592
1679315067511,1679315067593
1679315067564,1679315067606
1679315067593,1679315067613
1679315067549,1679315067623
1679315067656,1679315067658
1679315067589,1679315067663
1679315067667,1679315067676
1679315067653,1679315067684
1679315067600,1679315067741
1679315067696,1679315067779
1679315067771,1679315067781
1679315067736,1679315067785
1679315067793,1679315067812
1679315067834,1679315067845
1679315067818,1679315067853
1679315067830,1679315067884
1679315067774,1679315067906
1679315067796,1679315067915
1679315067911,1679315067919
1679315067923,1679315067945
1679315067829,1679315067968
1679315067951,1679315067979
1679315068005,1679315068029
1679315068110,1679315068117
1679315068107,1679315068134
1679315068068,1679315068168
1679315068142,1679315068173
1679315068134,1679315068191
1679315068192,1679315068226
1679315068228,1679315068257
1679315068260,1679315068315
1679315068345,1679315068413
1679315068438,1679315068467
1679315068393,1679315068479
1679315068421,1679315068499
1679315068594,1679315068601
1679315068449,1679315068618
1679315068600,1679315068679
1679315068749,1679315068767
1679315068741,1679315068809
1679315068831,1679315068845
1679315068609,1679315068865
1679315068897,1679315068911
1679315068893,1679315068941
1679315068956,1679315068975
1679315068982,1679315068986
1679315068896,1679315068996
1679315068988,1679315069001
1679315069015,1679315069028
1679315069014,1679315069034
1679315069026,1679315069067
1679315069032,1679315069088
1679315069242,1679315069290
1679315069242,1679315069293
1679315069276,1679315069295
1679315069315,1679315069339
1679315069319,1679315069341
1679315069308,1679315069371
1679315069339,1679315069396
1679315069254,1679315069415
1679315069404,1679315069431
1679315069428,1679315069445
1679315069445,1679315069472
1679315069467,1679315069487
1679315069422,1679315069498
1679315069476,1679315069531
1679315069459,1679315069544
1679315069410,1679315069554
1679315069575,1679315069585
1679315069521,1679315069592
1679315069611,1679315069627
1679315069575,1679315069637
1679315069629,1679315069656
1679315069539,1679315069661
1679315069672,1679315069693
1679315069634,1679315069705
1679315069578,1679315069766
1679315069631,1679315069780
1679315069705,1679315069796
1679315069844,1679315069876
1679315069823,1679315069894
1679315069830,1679315069896
1679315069896,1679315069954
1679315069955,1679315069991
1679315070000,1679315070008
1679315070103,1679315070154
1679315070153,1679315070190
1679315070180,1679315070216
1679315070220,1679315070225
1679315070232,1679315070264
1679315070285,1679315070322
1679315070256,1679315070327
1679315070325,1679315070421
1679315070423,1679315070430
1679315070360,1679315070441
1679315070473,1679315070538
1679315070573,1679315070581
1679315070537,1679315070605
1679315070579,1679315070627
1679315070638,1679315070668
1679315070722,1679315070729
1679315070652,1679315070757
1679315070715,1679315070769
1679315070736,1679315070770
1679315070810,1679315070838
1679315070762,1679315070847
1679315070826,1679315070883
1679315070870,1679315070884
1679315070865,1679315070897
1679315070882,1679315070906
1679315070891,1679315070925
1679315070826,1679315070937
1679315070944,1679315070958
1679315070886,1679315070999
1679315070975,1679315071028
1679315070968,1679315071037
1679315071003,1679315071051
1679315071110,1679315071147
1679315071063,1679315071162
1679315071115,1679315071179
1679315071199,1679315071206
1679315071203,1679315071206
1679315071136,1679315071222
1679315071210,1679315071228
1679315071176,1679315071234
1679315071235,1679315071258
1679315071203,1679315071272
1679315071183,1679315071283
1679315071335,1679315071403
1679315071359,1679315071405
1679315071397,1679315071442
1679315071508,1679315071546
1679315071595,1679315071619
1679315071613,1679315071633
1679315071599,1679315071639
1679315071709,1679315071724
1679315071721,1679315071733
1679315071740,1679315071784
1679315071733,1679315071789
1679315071927,1679315071937
1679315071857,1679315071940
1679315071996,1679315072008
1679315072017,1679315072024
1679315072017,1679315072130
1679315072037,1679315072130
1679315071997,1679315072132
1679315072140,1679315072150
1679315072173,1679315072184
1679315072069,1679315072189
1679315072125,1679315072202
1679315072203,1679315072209
1679315072166,1679315072221
1679315072224,1679315072240
1679315072318,1679315072321
1679315072284,1679315072350
1679315072317,1679315072371
1679315072222,1679315072385
1679315072376,1679315072413
1679315072491,1679315072504
1679315072554,1679315072570
1679315072548,1679315072616
1679315072530,1679315072668
1679315072606,1679315072677
1679315072551,1679315072686
1679315072595,1679315072718
1679315072771,1679315072779
1679315072786,1679315072801
1679315072769,1679315072805
1679315072830,1679315072843
1679315072876,1679315072883
1679315072859,1679315072894
1679315072887,1679315072938
1679315072843,1679315072963
1679315072971,1679315073020
1679315072956,1679315073025
1679315072770,1679315073037
1679315073087,1679315073092
1679315073015,1679315073113
1679315073147,1679315073151
1679315073132,1679315073165
1679315073232,1679315073242
1679315073239,1679315073257
1679315073250,1679315073265
1679315073312,1679315073330
1679315073277,1679315073365
1679315073306,1679315073381
1679315073387,1679315073390
1679315073327,1679315073415
1679315073413,1679315073439
1679315073382,1679315073475
1679315073259,1679315073492
1679315073459,1679315073514
1679315073503,1679315073529
1679315073477,1679315073531
1679315073550,1679315073557
1679315073642,1679315073679
1679315073628,1679315073683
1679315073689,1679315073707
1679315073668,1679315073718
1679315073749,1679315073755
1679315073717,1679315073776
1679315073772,1679315073777
1679315073707,1679315073777
1679315073744,1679315073789
1679315073649,1679315073843
1679315073849,1679315073862
1679315073907,1679315074017
1679315074019,1679315074070
1679315074065,1679315074076
1679315074075,1679315074092
1679315074053,1679315074116
1679315074071,1679315074117
1679315074074,1679315074160
1679315074135,1679315074233
1679315074272,1679315074284
1679315074304,1679315074311
1679315074269,1679315074314
1679315074258,1679315074337
1679315074267,1679315074395
1679315074344,1679315074401
1679315074364,1679315074403
1679315074423,1679315074433
1679315074423,1679315074439
1679315074487,1679315074491
1679315074453,1679315074517
1679315074516,1679315074522
1679315074522,1679315074525
1679315074454,1679315074531
1679315074555,1679315074581
1679315074463,1679315074590
1679315074669,1679315074674
1679315074631,1679315074696
1679315074674,1679315074704
1679315074688,1679315074733
1679315074752,1679315074768
1679315074614,1679315074777
1679315074833,1679315074847
1679315074804,1679315074864
1679315074867,1679315074880
1679315074932,1679315074944
1679315074867,1679315074973
1679315074895,1679315075002
1679315075026,1679315075067
1679315075066,1679315075080
1679315075096,1679315075117
1679315075027,1679315075132
1679315075117,1679315075145
1679315075103,1679315075153
1679315075221,1679315075225
1679315075213,1679315075263
1679315075273,1679315075279
1679315075245,1679315075283
1679315075390,1679315075420
1679315075429,1679315075447
1679315075405,1679315075448
1679315075475,1679315075502
1679315075524,1679315075550
1679315075547,1679315075582
1679315075566,1679315075588
1679315075593,1679315075617
1679315075574,1679315075633
1679315075648,1679315075657
1679315075640,1679315075660
1679315075681,1679315075701
1679315075632,1679315075703
1679315075687,1679315075713
1679315075677,1679315075737
1679315075725,1679315075774
1679315075825,1679315075834
1679315075822,1679315075848
1679315075827,1679315075850
1679315075828,1679315075873
1679315075910,1679315075948
1679315075937,1679315075966
1679315075966,1679315075985
1679315076054,1679315076058
1679315076043,1679315076110
1679315076118,1679315076128
1679315076066,1679315076139
1679315076155,1679315076168
1679315076136,1679315076170
1679315076070,1679315076176
1679315076181,1679315076184
1679315076214,1679315076218
1679315076244,1679315076285
1679315076330,1679315076347
1679315076411,1679315076415
1679315076462,1679315076472
1679315076393,1679315076491
1679315076348,1679315076501
1679315076488,1679315076526
1679315076511,1679315076529
1679315076457,1679315076553
1679315076539,1679315076596
1679315076675,1679315076696
1679315076688,1679315076704
1679315076655,1679315076708
1679315076712,1679315076718
1679315076710,1679315076723
1679315076676,1679315076733
1679315076734,1679315076736
1679315076666,1679315076737
1679315076818,1679315076820
1679315076861,1679315076883
1679315076802,1679315076896
1679315076947,1679315076954
1679315076949,1679315076971
1679315076956,1679315076982
1679315076928,1679315076994
1679315077021,1679315077025
1679315076951,1679315077068
1679315077077,1679315077081
1679315077077,1679315077104
1679315077128,1679315077141
1679315077082,1679315077225
1679315077089,1679315077264
1679315077307,1679315077311
1679315077379,1679315077388
1679315077338,1679315077398
1679315077426,1679315077434
1679315077324,1679315077447
1679315077465,1679315077487
1679315077439,1679315077518
1679315077525,1679315077529
1679315077428,1679315077590
1679315077583,1679315077598
1679315077584,1679315077608
1679315077584,1679315077626
1679315077401,1679315077644
1679315077618,1679315077649
1679315077651,1679315077679
1679315077578,1679315077739
1679315077670,1679315077741
1679315077695,1679315077749
1679315077856,1679315077876
1679315077766,1679315077909
1679315077921,1679315077963
1679315077959,1679315077965
1679315077885,1679315077982
1679315077978,1679315077989
1679315078010,1679315078026
1679315078046,1679315078060
1679315077928,1679315078067
1679315077992,1679315078093
1679315078081,1679315078133
1679315078066,1679315078136
1679315078134,1679315078137
1679315078213,1679315078261
1679315078236,1679315078312
1679315078285,1679315078333
1679315078379,1679315078389
1679315078378,1679315078417
1679315078374,1679315078426
1679315078368,1679315078438
1679315078372,1679315078470
1679315078376,1679315078476
1679315078472,1679315078492
1679315078633,1679315078637
1679315078624,1679315078640
1679315078659,1679315078666
1679315078644,1679315078686
1679315078461,1679315078689
1679315078650,1679315078699
1679315078754,1679315078766
1679315078784,1679315078791
1679315078811,1679315078814
1679315078823,1679315078835
1679315078735,1679315078853
1679315078847,1679315078867
1679315078869,1679315078933
1679315078922,1679315078950
1679315078917,1679315078951
1679315078938,1679315078957
1679315078920,1679315078963
1679315078949,1679315079019
1679315079018,1679315079045
1679315078992,1679315079083
1679315079086,1679315079113
1679315079092,1679315079151
1679315079171,1679315079188
1679315079196,1679315079203
1679315079160,1679315079212
1679315079209,1679315079216
1679315079365,1679315079391
1679315079344,1679315079399
1679315079365,1679315079408
1679315079426,1679315079437
1679315079437,1679315079444
1679315079412,1679315079490
1679315079504,1679315079524
1679315079413,1679315079606
1679315079505,1679315079607
1679315079610,1679315079615
1679315079566,1679315079636
1679315079570,1679315079638
1679315079673,1679315079678
1679315079667,1679315079703
1679315079617,1679315079731
1679315079709,1679315079754
1679315079698,1679315079772
1679315079745,1679315079803
1679315079817,1679315079841
1679315079829,1679315079862
1679315079833,1679315079872
1679315079721,1679315079892
1679315079855,1679315079933
1679315079909,1679315079961
1679315079848,1679315080072
1679315079947,1679315080095
1679315080148,1679315080174
1679315080172,1679315080190
1679315080168,1679315080225
1679315080222,1679315080265
1679315080247,1679315080275
1679315080222,1679315080294
1679315080266,1679315080298
1679315080331,1679315080354
1679315080372,1679315080406
1679315080363,1679315080446
1679315080409,1679315080449
1679315080438,1679315080453
1679315080435,1679315080463
1679315080366,1679315080471
1679315080449,1679315080498
1679315080486,1679315080550
1679315080556,1679315080567
1679315080617,1679315080645
1679315080618,1679315080658
1679315080652,1679315080677
1679315080541,1679315080700
1679315080785,1679315080829
1679315080793,1679315080850
1679315080857,1679315080867
1679315080645,1679315080879
1679315080800,1679315080884
1679315080868,1679315080895
1679315080900,1679315080955
1679315080897,1679315080960
1679315080953,1679315080980
1679315081124,1679315081156
1679315081125,1679315081161
1679315081152,1679315081164
1679315081146,1679315081188
1679315081161,1679315081198
1679315081178,1679315081260
1679315081178,1679315081294
1679315081336,1679315081347
1679315081361,1679315081390
1679315081398,1679315081425
1679315081410,1679315081477
1679315081470,1679315081478
1679315081461,1679315081484
1679315081485,1679315081491
1679315081490,1679315081498
1679315081491,1679315081507
1679315081473,1679315081515
1679315081443,1679315081518
1679315081519,1679315081523
1679315081469,1679315081533
1679315081492,1679315081556
1679315081548,1679315081578
1679315081477,1679315081580
1679315081557,1679315081586
1679315081578,1679315081607
1679315081460,1679315081629
1679315081534,1679315081664
1679315081655,1679315081671
1679315081796,1679315081813
1679315081810,1679315081851
1679315081851,1679315081883
1679315081886,1679315081893
1679315081911,1679315081928
1679315081952,1679315081969
1679315081964,1679315081993
1679315081874,1679315082019
1679315082041,1679315082047
1679315081968,1679315082065
1679315082038,1679315082122
1679315082008,1679315082195
1679315082194,1679315082234
1679315082240,1679315082247
1679315082234,1679315082248
1679315082190,1679315082287
1679315082214,1679315082353
1679315082383,1679315082402
1679315082409,1679315082427
1679315082431,1679315082465
1679315082307,1679315082475
1679315082362,1679315082507
1679315082530,1679315082538
1679315082545,1679315082585
1679315082614,1679315082641
1679315082638,1679315082684
1679315082608,1679315082704
1679315082682,1679315082710
1679315082754,1679315082769
1679315082768,1679315082794
1679315082689,1679315082794
1679315082630,1679315082802
1679315082801,1679315082809
1679315082829,1679315082855
1679315082778,1679315082867
1679315082880,1679315082891
1679315082845,1679315082915
1679315082940,1679315082950
1679315082813,1679315082980
1679315082904,1679315083001
1679315083005,1679315083027
1679315083030,1679315083044
1679315082994,1679315083045
1679315082943,1679315083073
1679315083097,1679315083137
1679315083142,1679315083150
1679315083038,1679315083229
1679315083240,1679315083300
1679315083188,1679315083387
1679315083393,1679315083452
1679315083423,1679315083462
1679315083460,1679315083465
1679315083356,1679315083488
1679315083376,1679315083520
1679315083577,1679315083584
1679315083558,1679315083585
1679315083568,1679315083589
1679315083600,1679315083625
1679315083561,1679315083636
1679315083631,1679315083639
1679315083639,1679315083689
1679315083688,1679315083701
1679315083541,1679315083750
1679315083776,1679315083801
1679315083810,1679315083825
1679315083795,1679315083843
1679315083779,1679315083854
1679315083884,1679315083922
1679315083868,1679315083934
1679315083936,1679315083958
1679315083945,1679315083963
1679315083926,1679315083981
1679315084089,1679315084112
1679315084101,1679315084119
1679315084098,1679315084142
1679315084107,1679315084142
1679315084107,1679315084193
1679315084169,1679315084202
1679315084170,1679315084217
1679315084216,1679315084221
1679315084324,1679315084351
1679315084347,1679315084360
1679315084184,1679315084379
1679315084336,1679315084393
1679315084402,1679315084419
1679315084443,1679315084459
1679315084381,1679315084481
1679315084466,1679315084482
1679315084420,1679315084516
1679315084501,1679315084521
1679315084515,1679315084576
1679315084576,1679315084597
1679315084545,1679315084600
1679315084587,1679315084610
1679315084596,1679315084621
1679315084504,1679315084628
1679315084484,1679315084649
1679315084626,1679315084732
1679315084741,1679315084764
1679315084747,1679315084772
1679315084800,1679315084827
1679315084817,1679315084839
1679315084808,1679315084847
1679315084838,1679315084853
1679315084826,1679315084863
1679315084861,1679315084891
1679315084883,1679315084907
1679315084903,1679315084936
1679315085000,1679315085015
1679315085013,1679315085026
1679315084993,1679315085029
1679315084994,1679315085043
1679315085056,1679315085066
1679315085079,1679315085145
1679315085164,1679315085176
1679315085147,1679315085238
1679315085227,1679315085299
1679315085376,1679315085408
1679315085375,1679315085443
1679315085479,1679315085489
1679315085472,1679315085534
1679315085505,1679315085548
1679315085409,1679315085554
1679315085509,1679315085590
1679315085547,1679315085640
1679315085593,1679315085652
1679315085691,1679315085701
1679315085581,1679315085713
1679315085707,1679315085731
1679315085642,1679315085747
1679315085712,1679315085759
1679315085778,1679315085865
1679315085820,1679315085925
1679315085945,1679315085962
1679315085970,1679315086048
1679315086021,1679315086051
1679315086035,1679315086054
1679315086030,1679315086072
1679315086083,1679315086094
1679315086092,1679315086110
1679315086159,1679315086173
1679315086206,1679315086227
1679315086241,1679315086248
1679315086252,1679315086283
1679315086244,1679315086304
1679315086169,1679315086317
1679315086251,1679315086347
1679315086347,1679315086365
1679315086330,1679315086371
1679315086388,1679315086412
1679315086394,1679315086466
1679315086478,1679315086528
1679315086462,1679315086567
1679315086638,1679315086676
1679315086658,1679315086684
1679315086703,1679315086723
1679315086668,1679315086753
1679315086645,1679315086779
1679315086775,1679315086782
1679315086852,1679315086872
1679315086813,1679315086927
1679315086886,1679315086928
1679315086942,1679315086980
1679315086976,1679315087031
1679315086956,1679315087059
1679315087009,1679315087060
1679315087052,1679315087087
1679315087058,1679315087109
1679315087000,1679315087162
1679315086938,1679315087163
1679315087175,1679315087191
1679315087184,1679315087201
1679315087196,1679315087231
1679315087220,1679315087247
1679315087324,1679315087331
1679315087273,1679315087346
1679315087304,1679315087359
1679315087465,1679315087495
1679315087464,1679315087515
1679315087527,1679315087588
1679315087651,1679315087655
1679315087633,1679315087656
1679315087559,1679315087672
1679315087705,1679315087711
1679315087699,1679315087720
1679315087721,1679315087726
1679315087722,1679315087741
1679315087725,1679315087745
1679315087713,1679315087751
1679315087737,1679315087751
1679315087763,1679315087776
1679315087741,1679315087776
1679315087780,1679315087784
1679315087718,1679315087785
1679315087783,1679315087838
1679315087882,1679315087886
1679315087720,1679315087902
1679315087808,1679315087923
1679315087735,1679315087926
1679315087731,1679315087964
1679315088095,1679315088114
1679315088112,1679315088149
1679315088195,1679315088224
1679315088240,1679315088282
1679315088210,1679315088291
1679315088203,1679315088310
1679315088317,1679315088329
1679315088342,1679315088350
1679315088306,1679315088367
1679315088273,1679315088388
1679315088415,1679315088419
1679315088444,1679315088449
1679315088364,1679315088457
1679315088312,1679315088472
1679315088465,1679315088530
1679315088557,1679315088562
1679315088542,1679315088625
1679315088630,1679315088633
1679315088676,1679315088678
1679315088540,1679315088680
1679315088666,1679315088714
1679315088745,1679315088769
1679315088726,1679315088821
1679315088851,1679315088863
1679315088844,1679315088909
1679315088926,1679315088933
1679315088834,1679315089004
1679315089005,1679315089011
1679315089026,1679315089043
1679315089040,1679315089080
1679315089038,1679315089095
1679315089090,1679315089104
1679315089030,1679315089104
1679315089075,1679315089139
1679315089143,1679315089224
1679315089145,1679315089264
1679315089127,1679315089270
1679315089245,1679315089273
1679315089235,1679315089308
1679315089326,1679315089374
1679315089346,1679315089379
1679315089346,1679315089402
1679315089441,1679315089458
1679315089367,1679315089473
1679315089389,1679315089494
1679315089486,1679315089501
1679315089504,1679315089509
1679315089517,1679315089543
1679315089514,1679315089555
1679315089498,1679315089559
1679315089657,1679315089670
1679315089579,1679315089680
1679315089635,1679315089680
1679315089676,1679315089681
1679315089542,1679315089716
1679315089733,1679315089745
1679315089795,1679315089855
1679315089782,1679315089868
1679315089913,1679315089919
1679315089964,1679315090054
1679315090032,1679315090059
1679315090130,1679315090144
1679315090056,1679315090151
1679315090196,1679315090200
1679315090136,1679315090201
1679315090220,1679315090254
1679315090244,1679315090257
1679315090240,1679315090257
1679315090284,1679315090294
1679315090256,1679315090336
1679315090331,1679315090354
1679315090336,1679315090400
1679315090447,1679315090465
1679315090383,1679315090534
1679315090500,1679315090547
1679315090536,1679315090557
1679315090500,1679315090604
1679315090583,1679315090612
1679315090600,1679315090628
1679315090592,1679315090697
1679315090567,1679315090776
1679315090737,1679315090776
1679315090805,1679315090811
1679315090656,1679315090818
1679315090775,1679315090834
1679315090831,1679315090858
1679315090860,1679315090893
1679315090835,1679315090971
1679315090959,1679315091005
1679315090959,1679315091026
1679315091011,1679315091028
1679315091051,1679315091064
1679315091068,1679315091075
1679315091075,1679315091078
1679315091061,1679315091123
1679315091111,1679315091137
1679315091157,1679315091167
1679315091170,1679315091212
1679315091176,1679315091224
1679315091265,1679315091290
1679315091324,1679315091355
1679315091368,1679315091390
1679315091381,1679315091396
1679315091340,1679315091400
1679315091307,1679315091456
1679315091440,1679315091533
1679315091511,1679315091540
1679315091483,1679315091608
1679315091594,1679315091623
1679315091378,1679315091631
1679315091658,1679315091662
1679315091653,1679315091677
1679315091678,1679315091705
1679315091681,1679315091767
1679315091701,1679315091794
1679315091796,1679315091800
1679315091808,1679315091820
1679315091647,1679315091852
1679315091926,1679315091962
1679315091966,1679315091975
1679315091949,1679315091975
1679315091993,1679315091995
1679315091985,1679315092001
1679315091988,1679315092083
1679315092024,1679315092117
1679315092191,1679315092197
1679315092198,1679315092234
1679315092220,1679315092263
1679315092306,1679315092313
1679315092306,1679315092319
1679315092307,1679315092330
1679315092315,1679315092350
1679315092281,1679315092374
1679315092469,1679315092472
1679315092438,1679315092481
1679315092571,1679315092575
1679315092547,1679315092585
1679315092508,1679315092643
1679315092589,1679315092674
1679315092651,1679315092681
1679315092693,1679315092698
1679315092694,1679315092744
1679315092522,1679315092791
1679315092795,1679315092817
1679315092795,1679315092843
1679315092749,1679315092890
1679315092871,1679315092900
1679315092929,1679315092953
1679315092956,1679315092964
1679315092997,1679315093005
1679315093049,1679315093069
1679315093054,1679315093070
1679315093058,1679315093096
1679315093104,1679315093140
1679315093142,1679315093205
1679315093197,1679315093207
1679315093132,1679315093222
1679315093200,1679315093233
1679315093241,1679315093261
1679315093271,1679315093289
1679315093303,1679315093326
1679315093307,1679315093384
1679315093357,1679315093401
1679315093408,1679315093417
1679315093432,1679315093440
1679315093502,1679315093536
1679315093505,1679315093617
1679315093577,1679315093645
1679315093627,1679315093648
1679315093520,1679315093681
1679315093610,1679315093690
1679315093580,1679315093699
1679315093701,1679315093735
1679315093716,1679315093740
1679315093653,1679315093751
1679315093735,1679315093758
1679315093797,1679315093834
1679315093824,1679315093845
1679315093743,1679315093866
1679315093971,1679315094010
1679315094059,1679315094070
1679315094035,1679315094072
1679315094097,1679315094140
1679315094147,1679315094151
1679315094199,1679315094222
1679315094216,1679315094241
1679315094182,1679315094255
1679315094219,1679315094293
1679315094247,1679315094345
1679315094299,1679315094383
1679315094353,1679315094394
1679315094417,1679315094429
1679315094423,1679315094454
1679315094508,1679315094512
1679315094443,1679315094520
1679315094525,1679315094551
1679315094563,1679315094569
1679315094543,1679315094588
1679315094624,1679315094666
1679315094608,1679315094667
1679315094699,1679315094738
1679315094737,1679315094757
1679315094781,1679315094786
1679315094801,1679315094803
1679315094724,1679315094824
1679315094812,1679315094832
1679315094887,1679315094903
1679315094891,1679315094904
1679315094900,1679315094908
1679315094856,1679315094912
1679315094880,1679315094916
1679315094898,1679315094917
1679315094910,1679315094920
1679315094900,1679315094929
1679315094911,1679315094931
1679315094901,1679315094972
1679315095015,1679315095019
1679315095015,1679315095021
1679315094993,1679315095080
1679315095047,1679315095157
1679315095155,1679315095160
1679315095325,1679315095336
1679315095319,1679315095357
1679315095299,1679315095366
1679315095368,1679315095396
1679315095354,1679315095436
1679315095410,1679315095442
1679315095425,1679315095444
1679315095399,1679315095494
1679315095504,1679315095517
1679315095573,1679315095628
1679315095579,1679315095639
1679315095605,1679315095667
1679315095657,1679315095731
1679315095727,1679315095740
1679315095684,1679315095795
1679315095763,1679315095827
1679315095740,1679315095852
1679315095850,1679315095855
1679315095863,1679315095888
1679315095880,1679315095914
1679315095982,1679315095989
1679315095935,1679315095996
1679315096000,1679315096020
1679315095996,1679315096029
1679315096020,1679315096060
1679315096090,1679315096099
1679315096029,1679315096152
1679315096090,1679315096170
1679315096157,1679315096196
1679315096206,1679315096238
1679315096265,1679315096272
1679315096282,1679315096288
1679315096213,1679315096293
1679315096345,1679315096350
1679315096346,1679315096359
1679315096340,1679315096408
1679315096428,1679315096442
1679315096409,1679315096481
1679315096468,1679315096490
1679315096498,1679315096504
1679315096389,1679315096517
1679315096576,1679315096612
1679315096564,1679315096612
1679315096615,1679315096625
1679315096617,1679315096626
1679315096528,1679315096654
1679315096611,1679315096685
1679315096696,1679315096715
1679315096768,1679315096784
1679315096992,1679315097011
1679315096977,1679315097023
1679315097080,1679315097107
1679315097142,1679315097148
1679315097142,1679315097188
1679315097122,1679315097210
1679315097246,1679315097252
1679315097145,1679315097257
1679315097176,1679315097285
1679315097276,1679315097287
1679315097319,1679315097337
1679315097132,1679315097350
1679315097348,1679315097354
1679315097371,1679315097375
1679315097409,1679315097455
1679315097420,1679315097478
1679315097474,1679315097496
1679315097352,1679315097546
1679315097537,1679315097588
1679315097530,1679315097632
1679315097692,1679315097704
1679315097688,1679315097754
1679315097753,1679315097778
1679315097769,1679315097780
1679315097797,1679315097844
1679315097756,1679315097884
1679315097798,1679315097886
1679315097874,1679315097944
1679315097780,1679315097953
1679315097949,1679315097982
1679315098031,1679315098052
1679315098060,1679315098094
1679315098086,1679315098104
1679315098079,1679315098155
1679315098121,1679315098176
1679315098176,1679315098192
1679315098211,1679315098223
1679315098199,1679315098240
1679315098219,1679315098282
1679315098267,1679315098301
1679315098333,1679315098384
1679315098307,1679315098400
1679315098387,1679315098437
1679315098350,1679315098478
1679315098501,1679315098516
1679315098621,1679315098631
1679315098633,1679315098637
1679315098681,1679315098728
1679315098651,1679315098736
1679315098661,1679315098757
1679315098692,1679315098759
1679315098652,1679315098762
1679315098806,1679315098863
1679315098886,1679315098904
1679315098880,1679315098975
1679315098971,1679315098988
1679315098927,1679315099002
1679315099027,1679315099036
1679315099026,1679315099052
1679315099038,1679315099056
1679315099034,1679315099071
1679315099015,1679315099092
1679315099046,1679315099092
1679315099054,1679315099119
1679315099128,1679315099133
1679315099094,1679315099138
1679315099032,1679315099179
1679315099195,1679315099210
1679315099199,1679315099223
1679315099198,1679315099237
1679315099262,1679315099265
1679315099033,1679315099266
1679315099229,1679315099285
1679315099310,1679315099339
1679315099343,1679315099353
1679315099352,1679315099376
1679315099415,1679315099483
1679315099437,1679315099497
1679315099455,1679315099500
1679315099486,1679315099539
1679315099515,1679315099571
1679315099581,1679315099600
1679315099574,1679315099621
1679315099627,1679315099638
1679315099594,1679315099679
1679315099730,1679315099793
1679315099905,1679315099923
1679315099932,1679315099939
1679315099913,1679315099990
1679315100002,1679315100005
1679315100018,1679315100030
1679315100064,1679315100105
1679315100115,1679315100132
1679315100191,1679315100206
1679315100168,1679315100228
1679315100177,1679315100231
1679315100184,1679315100262
1679315100346,1679315100378
1679315100338,1679315100394
1679315100341,1679315100415
1679315100414,1679315100431
1679315100438,1679315100466
1679315100275,1679315100491
1679315100496,1679315100501
1679315100478,1679315100511
1679315100519,1679315100535
1679315100518,1679315100552
1679315100502,1679315100556
1679315100590,1679315100595
1679315100582,1679315100604
1679315100573,1679315100620
1679315100592,1679315100620
1679315100510,1679315100646
1679315100635,1679315100686
1679315100744,1679315100763
1679315100770,1679315100775
1679315100738,1679315100816
1679315100590,1679315100841
1679315100823,1679315100849
1679315100744,1679315100852
1679315100881,1679315100934
1679315100987,1679315101001
1679315100998,1679315101005
1679315100909,1679315101035
1679315101138,1679315101164
1679315101115,1679315101192
1679315101127,1679315101261
1679315101248,1679315101276
1679315101230,1679315101307
1679315101304,1679315101319
1679315101261,1679315101340
1679315101356,1679315101385
1679315101329,1679315101395
1679315101397,1679315101402
1679315101458,1679315101488
1679315101467,1679315101505
1679315101459,1679315101541
1679315101599,1679315101624
1679315101565,1679315101646
1679315101588,1679315101674
1679315101674,1679315101716
1679315101705,1679315101721
1679315101702,1679315101722
1679315101704,1679315101738
1679315101707,1679315101740
1679315101739,1679315101763
1679315101668,1679315101767
1679315101768,1679315101788
1679315101715,1679315101857
1679315101931,1679315101944
1679315101921,1679315101945
1679315101955,1679315101968
1679315102001,1679315102064
1679315102051,1679315102119
1679315102106,1679315102120
1679315102076,1679315102121
1679315102102,1679315102143
1679315102145,1679315102160
1679315102150,1679315102177
1679315102148,1679315102187
1679315102151,1679315102190
1679315102250,1679315102262
1679315102264,1679315102269
1679315102120,1679315102291
1679315102291,1679315102402
1679315102385,1679315102418
1679315102355,1679315102441
1679315102441,1679315102458
1679315102446,1679315102486
1679315102536,1679315102543
1679315102597,1679315102610
1679315102525,1679315102664
1679315102660,1679315102667
1679315102705,1679315102769
1679315102786,1679315102809
1679315102786,1679315102809
1679315102616,1679315102893
1679315102890,1679315102914
1679315102914,1679315102924
1679315102684,1679315102929
1679315102988,1679315103012
1679315102759,1679315103023
1679315103018,1679315103026
1679315102963,1679315103093
1679315103130,1679315103176
1679315103164,1679315103177
1679315103128,1679315103187
1679315103166,1679315103188
1679315103209,1679315103215
1679315103159,1679315103220
1679315103180,1679315103244
1679315103279,1679315103312
1679315103315,1679315103342
1679315103377,1679315103395
1679315103293,1679315103403
1679315103362,1679315103434
1679315103461,1679315103483
1679315103461,1679315103495
1679315103512,1679315103541
1679315103558,1679315103601
1679315103597,1679315103604
1679315103617,1679315103621
1679315103485,1679315103625
1679315103630,1679315103637
1679315103642,1679315103654
1679315103561,1679315103676
1679315103478,1679315103694
1679315103645,1679315103725
1679315103652,1679315103729
1679315103740,1679315103750
1679315103753,1679315103770
1679315103758,1679315103774
1679315103733,1679315103780
1679315103810,1679315103890
1679315104019,1679315104044
1679315104167,1679315104182
1679315104134,1679315104188
1679315104228,1679315104232
1679315104228,1679315104233
1679315104232,1679315104239
1679315104146,1679315104262
1679315104222,1679315104265
1679315104302,1679315104309
1679315104368,1679315104387
1679315104370,1679315104395
1679315104385,1679315104404
1679315104222,1679315104450
1679315104357,1679315104451
1679315104432,1679315104465
1679315104382,1679315104598
1679315104605,1679315104612
1679315104567,1679315104627
1679315104633,1679315104647
1679315104675,1679315104680
1679315104689,1679315104693
1679315104624,1679315104705
1679315104615,1679315104739
1679315104744,1679315104750
1679315104743,1679315104789
1679315104773,1679315104796
1679315104791,1679315104837
1679315104797,1679315104837
1679315104799,1679315104847
1679315104927,1679315104961
1679315104969,1679315105006
1679315105006,1679315105053
1679315104910,1679315105066
1679315104946,1679315105093
1679315104876,1679315105105
1679315105138,1679315105187
1679315105187,1679315105192
1679315105188,1679315105193
1679315105177,1679315105221
1679315105322,1679315105331
1679315105192,1679315105352
1679315105367,1679315105369
1679315105281,1679315105376
1679315105402,1679315105418
1679315105405,1679315105453
1679315105440,1679315105485
1679315105445,1679315105491
1679315105456,1679315105497
1679315105589,1679315105591
1679315105434,1679315105616
1679315105585,1679315105629
1679315105504,1679315105630
1679315105669,1679315105707
1679315105709,1679315105722
1679315105726,1679315105748
1679315105618,1679315105756
1679315105790,1679315105800
1679315105788,1679315105858
1679315105800,1679315105864
1679315105738,1679315105876
1679315105912,1679315105916
1679315105962,1679315105973
1679315105868,1679315105996
1679315105845,1679315106066
1679315106004,1679315106076
1679315106156,1679315106202
1679315106212,1679315106243
1679315106226,1679315106245
1679315106218,1679315106254
1679315106218,1679315106259
1679315106187,1679315106263
1679315106252,1679315106265
1679315106311,1679315106327
1679315106294,1679315106328
1679315106336,1679315106359
1679315106350,1679315106414
1679315106393,1679315106424
1679315106430,1679315106448
1679315106383,1679315106464
1679315106437,1679315106473
1679315106485,1679315106510
1679315106510,1679315106516
1679315106400,1679315106520
1679315106522,1679315106532
1679315106517,1679315106535
1679315106596,1679315106643
1679315106580,1679315106699
1679315106663,1679315106718
1679315106703,1679315106763
1679315106688,1679315106793
1679315106789,1679315106826
1679315106868,1679315106875
1679315106825,1679315106916
1679315106903,1679315106928
1679315106921,1679315106930
1679315106880,1679315106958
1679315107014,1679315107052
1679315107161,1679315107236
1679315107105,1679315107246
1679315107220,1679315107301
1679315107283,1679315107308
1679315107164,1679315107316
1679315107302,1679315107323
1679315107285,1679315107327
1679315107358,1679315107375
1679315107373,1679315107381
1679315107396,1679315107408
1679315107423,1679315107431
1679315107430,1679315107433
1679315107455,1679315107488
1679315107466,1679315107495
1679315107593,1679315107624
1679315107591,1679315107630
1679315107556,1679315107646
1679315107569,1679315107648
1679315107753,1679315107785
1679315107794,1679315107834
1679315107591,1679315107847
1679315107780,1679315107854
1679315107791,1679315107865
1679315107870,1679315107889
1679315107876,1679315107900
1679315107893,1679315107901
1679315107968,1679315107978
1679315107909,1679315108021
1679315108065,1679315108084
1679315108121,1679315108135
1679315108131,1679315108154
1679315108163,1679315108235
1679315108197,1679315108247
1679315108224,1679315108248
1679315108254,1679315108279
1679315108287,1679315108310
1679315108375,1679315108385
1679315108293,1679315108404
1679315108245,1679315108438
1679315108433,1679315108442
1679315108492,1679315108566
1679315108552,1679315108571
1679315108486,1679315108579
1679315108561,1679315108579
1679315108563,1679315108592
1679315108583,1679315108597
1679315108564,1679315108635
1679315108625,1679315108638
1679315108617,1679315108665
1679315108629,1679315108671
1679315108709,1679315108715
1679315108723,1679315108743
1679315108751,1679315108784
1679315108763,1679315108791
1679315108711,1679315108855
1679315108836,1679315108870
1679315108826,1679315108942
1679315108917,1679315108948
1679315108900,1679315108957
1679315108977,1679315109002
1679315109061,1679315109084
1679315109040,1679315109101
1679315109065,1679315109116
1679315109116,1679315109128
1679315109163,1679315109168
1679315109150,1679315109187
1679315109160,1679315109254
1679315109225,1679315109288
1679315109325,1679315109330
1679315109364,1679315109388
1679315109447,1679315109459
1679315109365,1679315109464
1679315109519,1679315109523
1679315109557,1679315109572
1679315109557,1679315109583
1679315109543,1679315109618
1679315109744,1679315109750
1679315109756,1679315109791
1679315109722,1679315109804
1679315109728,1679315109821
1679315109823,1679315109857
1679315109866,1679315109888
1679315109894,1679315109929
1679315109909,1679315109944
1679315109814,1679315109946
1679315109944,1679315109971
1679315109980,1679315110031
1679315110041,1679315110070
1679315109999,1679315110094
1679315110071,1679315110101
1679315110077,1679315110105
1679315110113,1679315110140
1679315110188,1679315110196
1679315110215,1679315110269
1679315110245,1679315110275
1679315110156,1679315110319
1679315110251,1679315110382
1679315110378,1679315110416
1679315110423,1679315110448
1679315110535,1679315110549
1679315110545,1679315110573
1679315110580,1679315110608
1679315110607,1679315110627
1679315110625,1679315110699
1679315110543,1679315110719
1679315110735,1679315110749
1679315110619,1679315110752
1679315110728,1679315110768
1679315110789,1679315110804
1679315110794,1679315110817
1679315110947,1679315110968
1679315110955,1679315110990
1679315111010,1679315111029
1679315110993,1679315111055
1679315111039,1679315111067
1679315111076,1679315111094
1679315111051,1679315111097
1679315111087,1679315111116
1679315111013,1679315111165
1679315111147,1679315111173
1679315111174,1679315111188
1679315111119,1679315111203
1679315111186,1679315111216
1679315111197,1679315111219
1679315111301,1679315111320
1679315111304,1679315111331
1679315111291,1679315111338
1679315111259,1679315111376
1679315111378,1679315111407
1679315111310,1679315111407
1679315111419,1679315111435
1679315111303,1679315111441
1679315111344,1679315111443
1679315111449,1679315111466
1679315111378,1679315111496
1679315111555,1679315111611
1679315111657,1679315111692
1679315111695,1679315111704
1679315111627,1679315111711
1679315111732,1679315111752
1679315111787,1679315111790
1679315111796,1679315111825
1679315111819,1679315111851
1679315111828,1679315111981
1679315111999,1679315112006
1679315111968,1679315112021
1679315111999,1679315112023
1679315112045,1679315112074
1679315112136,1679315112143
1679315112170,1679315112211
1679315112196,1679315112216
1679315112159,1679315112234
1679315112244,1679315112271
1679315112249,1679315112287
1679315112285,1679315112318
1679315112321,1679315112327
1679315112331,1679315112337
1679315112200,1679315112357
1679315112223,1679315112359
1679315112382,1679315112385
1679315112479,1679315112524
1679315112468,1679315112546
1679315112556,1679315112578
1679315112602,1679315112624
1679315112560,1679315112658
1679315112669,1679315112690
1679315112660,1679315112717
1679315112714,1679315112748
1679315112752,1679315112782
1679315112744,1679315112848
1679315112822,1679315112853
1679315112919,1679315112938
1679315112910,1679315112938
1679315112961,1679315112968
1679315112958,1679315112973
1679315112967,1679315112993
1679315113061,1679315113081
1679315113063,1679315113092
1679315113127,1679315113144
1679315113127,1679315113174
1679315113203,1679315113236
1679315113239,1679315113257
1679315113178,1679315113266
1679315113274,1679315113294
1679315113300,1679315113323
1679315113322,1679315113338
1679315113334,1679315113346
1679315113312,1679315113362
1679315113404,1679315113411
1679315113335,1679315113414
1679315113407,1679315113450
1679315113523,1679315113528
1679315113549,1679315113552
1679315113542,1679315113577
1679315113540,1679315113591
1679315113585,1679315113605
1679315113596,1679315113634
1679315113732,1679315113757
1679315113748,1679315113758
1679315113642,1679315113768
1679315113792,1679315113797
1679315113802,1679315113818
1679315113856,1679315113881
1679315113666,1679315113901
1679315113932,1679315113985
1679315114027,1679315114061
1679315113934,1679315114109
1679315114129,1679315114146
1679315114164,1679315114189
1679315114138,1679315114195
1679315114197,1679315114214
1679315114210,1679315114223
1679315114051,1679315114234
1679315114173,1679315114283
1679315114271,1679315114307
1679315114299,1679315114316
1679315114285,1679315114337
1679315114365,1679315114393
1679315114399,1679315114404
1679315114375,1679315114426
1679315114386,1679315114426
1679315114373,1679315114435
1679315114437,1679315114490
1679315114403,1679315114507
1679315114410,1679315114507
1679315114443,1679315114568
1679315114549,1679315114603
1679315114566,1679315114615
1679315114565,1679315114629
1679315114630,1679315114655
1679315114659,1679315114737
1679315114728,1679315114831
1679315114761,1679315114879
1679315114822,1679315114884
1679315114853,1679315114900
1679315114861,1679315114911
1679315114855,1679315114947
1679315114965,1679315115050
1679315115037,1679315115063
1679315115046,1679315115073
1679315115103,1679315115120
1679315115135,1679315115155
1679315115112,1679315115169
1679315115120,1679315115175
1679315115167,1679315115179
1679315115184,1679315115219
1679315115186,1679315115236
1679315115204,1679315115280
1679315115420,1679315115456
1679315115381,1679315115459
1679315115464,1679315115490
1679315115452,1679315115492
1679315115532,1679315115541
1679315115541,1679315115581
1679315115584,1679315115592
1679315115607,1679315115626
1679315115649,1679315115663
1679315115602,1679315115668
1679315115377,1679315115688
1679315115683,1679315115726
1679315115738,1679315115752
1679315115764,1679315115806
1679315115803,1679315115810
1679315115651,1679315115851
1679315115847,1679315115871
1679315115856,1679315115876
1679315115814,1679315115897
1679315115928,1679315115957
1679315115923,1679315116012
1679315115952,1679315116027
1679315116007,1679315116047
1679315115962,1679315116053
1679315116050,1679315116079
1679315115963,1679315116089
1679315115999,1679315116090
1679315116062,1679315116096
1679315116090,1679315116102
1679315116062,1679315116109
1679315116286,1679315116319
1679315116284,1679315116328
1679315116305,1679315116375
1679315116354,1679315116390
1679315116330,1679315116461
1679315116470,1679315116521
1679315116524,1679315116551
1679315116521,1679315116563
1679315116480,1679315116576
1679315116631,1679315116650
1679315116581,1679315116658
1679315116606,1679315116690
1679315116661,1679315116709
1679315116698,1679315116723
1679315116758,1679315116767
1679315116698,1679315116799
1679315116877,1679315116918
1679315116756,1679315116935
1679315116845,1679315116941
1679315116901,1679315116953
1679315116978,1679315116995
1679315116997,1679315117009
1679315116984,1679315117076
1679315117084,1679315117136
1679315117138,1679315117175
1679315117185,1679315117190
1679315117209,1679315117249
1679315117171,1679315117258
1679315117250,1679315117263
1679315117260,1679315117273
1679315117217,1679315117285
1679315117241,1679315117324
1679315117305,1679315117324
1679315117328,1679315117367
1679315117382,1679315117399
1679315117393,1679315117434
1679315117402,1679315117456
1679315117442,1679315117467
1679315117521,1679315117609
1679315117583,1679315117609
1679315117589,1679315117616
1679315117616,1679315117619
1679315117659,1679315117759
1679315117723,1679315117784
1679315117769,1679315117794
1679315117681,1679315117795
1679315117812,1679315117863
1679315117795,1679315117887
1679315117945,1679315117970
1679315117932,1679315118011
1679315117961,1679315118019
1679315118022,1679315118028
1679315118029,1679315118085
1679315118094,1679315118121
1679315118169,1679315118188
1679315118198,1679315118211
1679315118214,1679315118230
1679315118241,1679315118251
1679315118314,1679315118354
1679315118305,1679315118363
1679315118346,1679315118392
1679315118251,1679315118402
1679315118306,1679315118413
1679315118454,1679315118467
1679315118498,1679315118522
1679315118489,1679315118585
1679315118581,1679315118587
1679315118571,1679315118605
1679315118597,1679315118617
1679315118620,1679315118624
1679315118593,1679315118695
1679315118587,1679315118697
1679315118706,1679315118712
1679315118677,1679315118723
1679315118718,1679315118733
1679315118799,1679315118837
1679315118901,1679315118942
1679315118921,1679315118947
1679315118977,1679315118983
1679315118920,1679315118989
1679315118947,1679315119007
1679315119009,1679315119031
1679315119000,1679315119033
1679315119036,1679315119044
1679315119077,1679315119109
1679315119047,1679315119147
1679315119138,1679315119238
1679315119227,1679315119252
1679315119117,1679315119279
1679315119309,1679315119312
1679315119216,1679315119320
1679315119349,1679315119354
1679315119400,1679315119413
1679315119414,1679315119418
1679315119425,1679315119438
1679315119383,1679315119442
1679315119439,1679315119475
1679315119432,1679315119509
1679315119491,1679315119550
1679315119565,1679315119578
1679315119612,1679315119650
1679315119636,1679315119673
1679315119528,1679315119676
1679315119614,1679315119679
1679315119694,1679315119758
1679315119600,1679315119759
1679315119812,1679315119817
1679315119812,1679315119817
1679315119840,1679315119878
1679315119969,1679315119975
1679315119876,1679315119987
1679315119943,1679315119987
1679315119943,1679315120003
1679315119936,1679315120028
1679315120033,1679315120043
1679315119962,1679315120082
1679315120123,1679315120161
1679315120074,1679315120177
1679315120111,1679315120237
1679315120266,1679315120285
1679315120271,1679315120292
1679315120236,1679315120356
1679315120276,1679315120361
1679315120354,1679315120393
1679315120417,1679315120425
1679315120428,1679315120464
1679315120445,1679315120486
1679315120501,1679315120534
1679315120405,1679315120556
1679315120556,1679315120567
1679315120620,1679315120641
1679315120549,1679315120666
1679315120729,1679315120741
1679315120724,1679315120747
1679315120689,1679315120831
1679315120863,1679315120871
1679315120612,1679315120929
1679315120911,1679315120941
1679315120963,1679315120987
1679315120889,1679315121031
1679315121034,1679315121037
1679315121045,1679315121066
1679315121019,1679315121072
1679315121015,1679315121072
1679315121043,1679315121094
1679315121059,1679315121109
1679315121088,1679315121121
1679315121124,1679315121172
1679315121165,1679315121221
1679315121169,1679315121221
1679315121241,1679315121292
1679315121374,1679315121439
1679315121487,1679315121493
1679315121414,1679315121532
1679315121490,1679315121611
1679315121599,1679315121630
1679315121601,1679315121652
1679315121594,1679315121653
1679315121697,1679315121704
1679315121660,1679315121715
1679315121743,1679315121751
1679315121747,1679315121762
1679315121780,1679315121791
1679315121786,1679315121821
1679315121783,1679315121884
1679315121758,1679315121911
1679315121915,1679315121935
1679315121911,1679315121993
1679315121973,1679315122027
1679315122024,1679315122028
1679315122030,1679315122075
1679315122034,1679315122093
1679315122116,1679315122122
1679315122016,1679315122176
1679315122197,1679315122213
1679315122095,1679315122280
1679315122298,1679315122322
1679315122232,1679315122324
1679315122341,1679315122383
1679315122380,1679315122412
1679315122343,1679315122419
1679315122462,1679315122485
1679315122458,1679315122508
1679315122493,1679315122521
1679315122418,1679315122522
1679315122538,1679315122543
1679315122544,1679315122581
1679315122570,1679315122664
1679315122658,1679315122680
1679315122663,1679315122706
1679315122732,1679315122742
1679315122753,1679315122806
1679315122762,1679315122814
1679315122521,1679315122851
1679315122879,1679315122898
1679315122956,1679315122980
1679315122959,1679315122987
1679315123002,1679315123018
1679315123025,1679315123032
1679315123003,1679315123056
1679315123068,1679315123114
1679315123126,1679315123132
1679315123127,1679315123133
1679315123137,1679315123154
1679315123162,1679315123229
1679315123211,1679315123236
1679315123284,1679315123332
1679315123355,1679315123370
1679315123503,1679315123542
1679315123536,1679315123587
1679315123573,1679315123632
1679315123560,1679315123660
1679315123659,1679315123676
1679315123632,1679315123699
1679315123711,1679315123775
1679315123739,1679315123789
1679315123664,1679315123819
1679315123808,1679315123825
1679315123816,1679315123871
1679315123851,1679315123873
1679315123827,1679315123880
1679315123976,1679315123987
1679315123886,1679315124008
1679315123910,1679315124045
1679315124022,1679315124049
1679315124051,1679315124087
1679315124100,1679315124140
1679315124065,1679315124177
1679315124154,1679315124197
1679315124092,1679315124204
1679315124220,1679315124260
1679315124244,1679315124276
1679315124261,1679315124294
1679315124172,1679315124305
1679315124325,1679315124329
1679315124374,1679315124454
1679315124385,1679315124461
1679315124434,1679315124479
1679315124503,1679315124505
1679315124551,1679315124560
1679315124548,1679315124582
1679315124544,1679315124583
1679315124626,1679315124650
1679315124632,1679315124722
1679315124664,1679315124728
1679315124811,1679315124855
1679315124867,1679315124895
1679315124885,1679315124915
1679315124867,1679315124926
1679315124793,1679315124949
1679315125003,1679315125017
1679315125010,1679315125046
1679315125059,1679315125111
1679315125111,1679315125163
1679315125192,1679315125218
1679315125071,1679315125230
1679315125266,1679315125276
1679315125283,1679315125292
1679315125273,1679315125294
1679315125298,1679315125311
1679315125260,1679315125315
1679315125328,1679315125338
1679315125322,1679315125339
1679315125359,1679315125376
1679315125351,1679315125380
1679315125403,1679315125415
1679315125403,1679315125430
1679315125496,1679315125535
1679315125489,1679315125547
1679315125558,1679315125592
1679315125689,1679315125738
1679315125736,1679315125745
1679315125796,1679315125824
1679315125779,1679315125870
1679315125872,1679315125901
1679315125880,1679315125924
1679315125948,1679315125981
1679315125994,1679315126011
1679315126070,1679315126077
1679315126066,1679315126080
1679315126024,1679315126089
1679315126072,1679315126113
1679315126024,1679315126117
1679315125868,1679315126180
1679315126141,1679315126186
1679315126163,1679315126194
1679315126283,1679315126384
1679315126365,1679315126402
1679315126399,1679315126427
1679315126390,1679315126483
1679315126407,1679315126510
1679315126485,1679315126519
1679315126514,1679315126543
1679315126554,1679315126573
1679315126500,1679315126608
1679315126631,1679315126682
1679315126698,1679315126738
1679315126666,1679315126741
1679315126650,1679315126780
1679315126779,1679315126795
1679315126770,1679315126822
1679315126817,1679315126850
1679315126849,1679315126909
1679315126783,1679315127013
1679315126907,1679315127036
1679315127035,1679315127083
1679315127109,1679315127131
1679315127185,1679315127203
1679315127160,1679315127206
1679315127164,1679315127208
1679315127200,1679315127248
1679315127242,1679315127256
1679315127185,1679315127260
1679315127177,1679315127293
1679315127290,1679315127355
1679315127403,1679315127443
1679315127416,1679315127448
1679315127551,1679315127571
1679315127525,1679315127576
1679315127528,1679315127606
1679315127586,1679315127610
1679315127614,1679315127644
1679315127589,1679315127655
1679315127652,1679315127664
1679315127602,1679315127678
1679315127652,1679315127684
1679315127694,1679315127728
1679315127611,1679315127784
1679315127786,1679315127802
1679315127729,1679315127804
1679315127766,1679315127813
1679315127897,1679315127906
1679315127916,1679315127919
1679315127905,1679315127920
1679315127794,1679315127948
1679315127974,1679315128005
1679315127931,1679315128009
1679315127991,1679315128062
1679315128038,1679315128081
1679315128123,1679315128143
1679315128108,1679315128146
1679315128121,1679315128173
1679315128228,1679315128255
1679315128263,1679315128282
1679315128326,1679315128344
1679315128360,1679315128366
1679315128360,1679315128411
1679315128461,1679315128466
1679315128486,1679315128529
1679315128479,1679315128568
1679315128403,1679315128631
1679315128603,1679315128663
1679315128673,1679315128699
1679315128712,1679315128723
1679315128702,1679315128734
1679315128742,1679315128749
1679315128745,1679315128788
1679315128707,1679315128840
1679315128666,1679315128864
1679315128867,1679315128874
1679315128906,1679315128925
1679315128924,1679315128987
1679315128970,1679315129002
1679315128826,1679315129063
1679315129041,1679315129071
1679315128972,1679315129092
1679315129125,1679315129136
1679315129082,1679315129141
1679315129166,1679315129178
1679315129141,1679315129206
1679315129357,1679315129389
1679315129401,1679315129465
1679315129457,1679315129480
1679315129445,1679315129487
1679315129654,1679315129713
1679315129731,1679315129757
1679315129699,1679315129760
1679315129769,1679315129778
1679315129832,1679315129852
1679315129791,1679315129852
1679315129852,1679315129859
1679315129769,1679315129916
1679315130034,1679315130042
1679315129922,1679315130045
1679315129994,1679315130101
1679315130102,1679315130121
1679315130122,1679315130129
1679315129900,1679315130185
1679315130172,1679315130197
1679315130197,1679315130206
1679315130145,1679315130215
1679315130195,1679315130229
1679315130244,1679315130266
1679315130306,1679315130313
1679315130276,1679315130333
1679315130329,1679315130356
1679315130303,1679315130368
1679315130399,1679315130428
1679315130449,1679315130460
1679315130429,1679315130468
1679315130530,1679315130549
1679315130533,1679315130554
1679315130476,1679315130584
1679315130632,1679315130687
1679315130648,1679315130688
1679315130884,1679315130953
1679315130939,1679315130958
1679315130939,1679315130959
1679315130937,1679315130975
1679315130908,1679315131023
1679315130995,1679315131087
1679315131032,1679315131095
1679315131191,1679315131197
1679315131174,1679315131220
1679315131247,1679315131259
1679315131352,1679315131367
1679315131415,1679315131421
1679315131414,1679315131429
1679315131452,1679315131457
1679315131524,1679315131532
1679315131557,1679315131596
1679315131630,1679315131636
1679315131647,1679315131662
1679315131655,1679315131675
1679315131552,1679315131697
1679315131664,1679315131699
1679315131736,1679315131742
1679315131774,1679315131787
1679315131772,1679315131797
1679315131719,1679315131805
1679315131726,1679315131814
1679315131776,1679315131826
1679315131806,1679315131864
1679315131731,1679315131866
1679315131739,1679315131917
1679315131924,1679315131972
1679315131840,1679315131989
1679315132017,1679315132040
1679315132134,1679315132139
1679315132230,1679315132247
1679315132087,1679315132261
1679315132284,1679315132315
1679315132282,1679315132376
1679315132375,1679315132422
1679315132361,1679315132424
1679315132422,1679315132428
1679315132387,1679315132457
1679315132434,1679315132481
1679315132460,1679315132495
1679315132441,1679315132527
1679315132546,1679315132553
1679315132555,1679315132593
1679315132483,1679315132631
1679315132710,1679315132772
1679315132764,1679315132774
1679315132750,1679315132778
1679315132771,1679315132812
1679315132750,1679315132857
1679315132795,1679315132860
1679315132758,1679315132887
1679315132785,1679315132909
1679315132904,1679315132922
1679315132913,1679315132950
1679315132876,1679315132994
1679315132963,1679315133010
1679315132996,1679315133028
1679315133043,1679315133074
1679315133045,1679315133081
1679315133047,1679315133090
1679315133070,1679315133102
1679315132896,1679315133145
1679315133212,1679315133233
1679315133198,1679315133244
1679315133130,1679315133261
1679315133106,1679315133269
1679315133161,1679315133305
1679315133380,1679315133393
1679315133399,1679315133434
1679315133348,1679315133491
1679315133383,1679315133522
1679315133519,1679315133527
1679315133541,1679315133583
1679315133569,1679315133584
1679315133517,1679315133590
1679315133688,1679315133718
1679315133632,1679315133731
1679315133808,1679315133852
1679315133846,1679315133872
1679315133866,1679315133925
1679315133878,1679315133932
1679315133950,1679315133957
1679315133887,1679315133958
1679315133958,1679315133996
1679315133908,1679315133997
1679315134011,1679315134082
1679315134091,1679315134227
1679315134234,1679315134243
1679315134313,1679315134317
1679315134305,1679315134325
1679315134184,1679315134341
1679315134404,1679315134421
1679315134394,1679315134450
1679315134415,1679315134453
1679315134470,1679315134473
1679315134316,1679315134508
1679315134479,1679315134541
1679315134377,1679315134557
1679315134605,1679315134615
1679315134524,1679315134636
1679315134624,1679315134643
1679315134652,1679315134669
1679315134651,1679315134690
1679315134673,1679315134702
1679315134694,1679315134712
1679315134709,1679315134713
1679315134637,1679315134728
1679315134688,1679315134744
1679315134786,1679315134822
1679315134829,1679315134842
1679315134700,1679315134915
1679315134782,1679315134955
1679315134969,1679315134974
1679315134945,1679315134989
1679315135078,1679315135118
1679315135171,1679315135187
1679315135157,1679315135195
1679315135200,1679315135247
1679315135171,1679315135257
1679315135244,1679315135277
1679315135248,1679315135303
1679315135376,1679315135389
1679315135391,1679315135466
1679315135462,1679315135493
1679315135545,1679315135581
1679315135534,1679315135596
1679315135606,1679315135626
1679315135569,1679315135647
1679315135637,1679315135676
1679315135736,1679315135745
1679315135578,1679315135746
1679315135743,1679315135774
1679315135776,1679315135778
1679315135808,1679315135816
1679315135828,1679315135836
1679315135832,1679315135868
1679315135947,1679315135956
1679315135947,1679315135959
1679315135950,1679315135963
1679315135866,1679315136047
1679315135985,1679315136050
1679315136046,1679315136057
1679315136094,1679315136116
1679315136082,1679315136154
1679315136108,1679315136165
1679315136181,1679315136202
1679315136143,1679315136235
1679315136237,1679315136252
1679315136283,1679315136303
1679315136308,1679315136314
1679315136239,1679315136314
1679315136255,1679315136319
1679315136343,1679315136355
1679315136309,1679315136357
1679315136355,1679315136389
1679315136306,1679315136403
1679315136398,1679315136415
1679315136415,1679315136475
1679315136418,1679315136512
1679315136513,1679315136541
1679315136527,1679315136542
1679315136588,1679315136667
1679315136816,1679315136819
1679315136835,1679315136868
1679315136875,1679315136881
1679315136883,1679315136895
1679315136799,1679315136936
1679315136914,1679315136940
1679315136980,1679315137021
1679315137062,1679315137115
1679315137102,1679315137128
1679315137181,1679315137184
1679315137140,1679315137201
1679315137165,1679315137208
1679315137141,1679315137238
1679315137244,1679315137298
1679315137086,1679315137301
1679315137297,1679315137337
1679315137404,1679315137462
1679315137465,1679315137475
1679315137510,1679315137513
1679315137504,1679315137525
1679315137575,1679315137613
1679315137710,1679315137717
1679315137672,1679315137720
1679315137709,1679315137739
1679315137795,1679315137814
1679315137847,1679315137866
1679315137859,1679315137868
1679315137777,1679315137923
1679315137930,1679315137936
1679315137875,1679315137988
1679315137931,1679315138007
1679315138089,1679315138121
1679315138061,1679315138124
1679315138026,1679315138132
1679315138114,1679315138133
1679315138141,1679315138145
1679315138139,1679315138162
1679315138029,1679315138173
1679315138234,1679315138247
1679315138247,1679315138260
1679315138241,1679315138265
1679315138280,1679315138340
1679315138333,1679315138351
1679315138343,1679315138371
1679315138368,1679315138386
1679315138399,1679315138449
1679315138350,1679315138460
1679315138490,1679315138512
1679315138497,1679315138538
1679315138540,1679315138544
1679315138713,1679315138730
1679315138672,1679315138746
1679315138769,1679315138788
1679315138792,1679315138799
1679315138787,1679315138846
1679315138852,1679315138890
1679315138924,1679315138969
1679315139142,1679315139157
1679315139206,1679315139212
1679315139010,1679315139220
1679315139299,1679315139312
1679315139270,1679315139323
1679315139012,1679315139326
1679315139331,1679315139338
1679315139309,1679315139341
1679315139389,1679315139422
1679315139386,1679315139436
1679315139286,1679315139452
1679315139503,1679315139520
1679315139535,1679315139549
1679315139502,1679315139558
1679315139580,1679315139606
1679315139619,1679315139624
1679315139649,1679315139652
1679315139625,1679315139669
1679315139635,1679315139702
1679315139707,1679315139715
1679315139711,1679315139756
1679315139725,1679315139769
1679315139715,1679315139839
1679315139553,1679315139842
1679315139907,1679315139936
1679315139921,1679315139952
1679315139907,1679315139993
1679315139992,1679315139995
1679315139916,1679315140034
1679315139966,1679315140095
1679315140143,1679315140148
1679315140157,1679315140161
1679315140082,1679315140283
1679315140270,1679315140319
1679315140445,1679315140469
1679315140431,1679315140486
1679315140473,1679315140489
1679315140462,1679315140503
1679315140460,1679315140516
1679315140470,1679315140538
1679315140555,1679315140601
1679315140582,1679315140602
1679315140492,1679315140618
1679315140663,1679315140678
1679315140695,1679315140704
1679315140686,1679315140726
1679315140668,1679315140749
1679315140778,1679315140809
1679315140717,1679315140842
1679315140837,1679315140870
1679315140886,1679315140894
1679315140932,1679315140936
1679315140935,1679315140956
1679315140899,1679315140971
1679315140918,1679315140977
1679315140938,1679315140978
1679315140985,1679315141008
1679315141000,1679315141036
1679315140939,1679315141067
1679315140947,1679315141068
1679315141073,1679315141088
1679315141013,1679315141105
1679315141084,1679315141140
1679315141162,1679315141166
1679315141220,1679315141237
1679315141250,1679315141300
1679315141316,1679315141334
1679315141280,1679315141347
1679315141337,1679315141402
1679315141433,1679315141458
1679315141586,1679315141646
1679315141657,1679315141729
1679315141686,1679315141752
1679315141748,1679315141792
1679315141686,1679315141795
1679315141781,1679315141801
1679315141793,1679315141842
1679315141915,1679315141968
1679315141972,1679315142004
1679315142029,1679315142040
1679315141974,1679315142041
1679315142045,1679315142054
1679315142012,1679315142076
1679315142075,1679315142079
1679315142040,1679315142091
1679315142112,1679315142171
1679315142264,1679315142282
1679315142210,1679315142373
1679315142326,1679315142376
1679315142315,1679315142388
1679315142384,1679315142398
1679315142404,1679315142455
1679315142402,1679315142463
1679315142455,1679315142468
1679315142469,1679315142479
1679315142434,1679315142486
1679315142479,1679315142525
1679315142464,1679315142570
1679315142608,1679315142616
1679315142616,1679315142708
1679315142753,1679315142769
1679315142730,1679315142769
1679315142765,1679315142785
1679315142731,1679315142806
1679315142734,1679315142828
1679315142756,1679315142858
1679315142929,1679315142937
1679315142875,1679315142949
1679315142954,1679315142961
1679315142936,1679315142971
1679315142948,1679315142999
1679315142983,1679315143002
1679315142960,1679315143005
1679315143155,1679315143171
1679315143158,1679315143179
1679315143204,1679315143256
1679315143314,1679315143341
1679315143416,1679315143465
1679315143452,1679315143467
1679315143603,1679315143645
1679315143664,1679315143709
1679315143720,1679315143733
1679315143780,1679315143800
1679315143757,1679315143812
1679315143788,1679315143821
1679315143836,1679315143853
1679315143853,1679315143856
1679315143783,1679315143862
1679315143863,1679315143871
1679315143900,1679315143934
1679315143848,1679315143936
1679315143867,1679315143937
1679315143905,1679315143941
1679315143987,1679315143991
1679315143990,1679315143998
1679315143974,1679315144028
1679315144001,1679315144041
1679315144013,1679315144044
1679315144006,1679315144072
1679315144087,1679315144095
1679315144010,1679315144147
1679315144138,1679315144151
1679315144029,1679315144187
1679315144136,1679315144191
1679315144183,1679315144211
1679315144238,1679315144243
1679315144271,1679315144297
1679315144364,1679315144373
1679315144384,1679315144388
1679315144310,1679315144395
1679315144465,1679315144491
1679315144476,1679315144532
1679315144396,1679315144554
1679315144530,1679315144572
1679315144533,1679315144585
1679315144602,1679315144608
1679315144595,1679315144640
1679315144495,1679315144651
1679315144647,1679315144660
1679315144772,1679315144798
1679315144839,1679315144843
1679315144848,1679315144865
1679315144855,1679315144901
1679315144962,1679315144987
1679315144977,1679315144993
1679315145005,1679315145013
1679315144992,1679315145039
1679315144994,1679315145058
1679315145024,1679315145081
1679315145077,1679315145129
1679315145126,1679315145147
1679315145155,1679315145164
1679315145163,1679315145210
1679315145195,1679315145227
1679315145255,1679315145261
1679315145255,1679315145283
1679315145279,1679315145303
1679315145419,1679315145424
1679315145491,1679315145506
1679315145466,1679315145524
1679315145449,1679315145543
1679315145546,1679315145561
1679315145560,1679315145564
1679315145602,1679315145643
1679315145661,1679315145667
1679315145645,1679315145687
1679315145704,1679315145752
1679315145738,1679315145822
1679315145869,1679315145876
1679315145876,1679315145884
1679315145795,1679315145895
1679315145896,1679315145910
1679315145855,1679315145946
1679315145941,1679315145954
1679315145929,1679315145977
1679315146036,1679315146084
1679315146052,1679315146086
1679315146086,1679315146121
1679315146203,1679315146207
1679315146168,1679315146220
1679315146221,1679315146281
1679315146152,1679315146294
1679315146231,1679315146316
1679315146385,1679315146402
1679315146393,1679315146415
1679315146437,1679315146557
1679315146551,1679315146581
1679315146581,1679315146595
1679315146719,1679315146756
1679315146739,1679315146774
1679315146751,1679315146812
1679315146810,1679315146815
1679315146799,1679315146824
1679315146820,1679315146827
1679315146762,1679315146840
1679315146787,1679315146843
1679315146800,1679315146853
1679315146844,1679315146862
1679315146955,1679315146977
1679315146789,1679315146994
1679315147003,1679315147015
1679315147013,1679315147060
1679315147035,1679315147078
1679315147124,1679315147157
1679315147168,1679315147184
1679315147208,1679315147215
1679315147208,1679315147240
1679315147208,1679315147254
1679315147252,1679315147256
1679315147332,1679315147353
1679315147344,1679315147395
1679315147367,1679315147401
1679315147372,1679315147431
1679315147401,1679315147477
1679315147440,1679315147495
1679315147448,1679315147506
1679315147510,1679315147515
1679315147541,1679315147545
1679315147421,1679315147561
1679315147565,1679315147570
1679315147582,1679315147593
1679315147590,1679315147630
1679315147672,1679315147696
1679315147699,1679315147741
1679315147801,1679315147818
1679315147788,1679315147823
1679315147768,1679315147866
1679315147922,1679315147965
1679315147945,1679315147993
1679315147980,1679315148001
1679315148037,1679315148041
1679315148045,1679315148080
1679315148037,1679315148125
1679315148085,1679315148181
1679315148217,1679315148248
1679315148237,1679315148269
1679315148328,1679315148387
1679315148383,1679315148403
1679315148447,1679315148473
1679315148489,1679315148533
1679315148482,1679315148541
1679315148475,1679315148570
1679315148504,1679315148573
1679315148523,1679315148593
1679315148587,1679315148597
1679315148575,1679315148709
1679315148629,1679315148718
1679315148736,1679315148744
1679315148737,1679315148781
1679315148921,1679315148927
1679315148742,1679315148933
1679315149035,1679315149049
1679315149066,1679315149107
1679315149057,1679315149121
1679315149007,1679315149135
1679315149125,1679315149158
1679315149064,1679315149172
1679315149092,1679315149199
1679315149132,1679315149211
1679315149196,1679315149215
1679315149247,1679315149252
1679315149247,1679315149288
1679315149292,1679315149317
1679315149174,1679315149390
1679315149438,1679315149464
1679315149460,1679315149487
1679315149303,1679315149521
1679315149542,1679315149566
1679315149565,1679315149616
1679315149569,1679315149628
1679315149650,1679315149685
1679315149736,1679315149789
1679315149831,1679315149840
1679315149827,1679315149868
1679315149861,1679315149870
1679315149855,1679315149942
1679315149948,1679315149979
1679315149987,1679315150028
1679315150087,1679315150092
1679315150153,1679315150158
1679315150157,1679315150165
1679315150142,1679315150180
1679315150178,1679315150187
1679315150110,1679315150189
1679315149982,1679315150199
1679315150153,1679315150255
1679315150234,1679315150262
1679315150242,1679315150271
1679315150186,1679315150275
1679315150281,1679315150296
1679315150313,1679315150318
1679315150257,1679315150399
1679315150438,1679315150515
1679315150516,1679315150536
1679315150351,1679315150564
1679315150485,1679315150603
1679315150596,1679315150624
1679315150682,1679315150690
1679315150673,1679315150715
1679315150622,1679315150726
1679315150771,1679315150794
1679315150758,1679315150802
1679315150820,1679315150873
1679315150980,1679315151005
1679315150994,1679315151011
1679315150965,1679315151037
1679315151022,1679315151105
1679315151131,1679315151137
1679315151176,1679315151214
1679315151194,1679315151242
1679315151292,1679315151303
1679315151229,1679315151318
1679315151280,1679315151353
1679315151238,1679315151394
1679315151254,1679315151430
1679315151411,1679315151435
1679315151370,1679315151545
1679315151580,1679315151620
1679315151654,1679315151662
1679315151636,1679315151683
1679315151670,1679315151704
1679315151603,1679315151728
1679315151739,1679315151752
1679315151644,1679315151780
1679315151815,1679315151819
1679315151669,1679315151839
1679315151859,1679315151892
1679315151838,1679315151915
1679315151861,1679315151916
1679315151908,1679315151958
1679315151876,1679315151971
1679315151897,1679315152007
1679315151963,1679315152032
1679315152051,1679315152055
1679315152086,1679315152093
1679315152185,1679315152191
1679315152211,1679315152220
1679315152199,1679315152226
1679315152331,1679315152369
1679315152338,1679315152385
1679315152397,1679315152407
1679315152473,1679315152477
1679315152537,1679315152550
1679315152570,1679315152602
1679315152619,1679315152634
1679315152583,1679315152659
1679315152683,1679315152690
1679315152747,1679315152817
1679315152911,1679315152926
1679315152792,1679315152928
1679315152971,1679315153022
1679315153050,1679315153088
1679315153039,1679315153091
1679315153078,1679315153104
1679315153129,1679315153140
1679315153131,1679315153160
1679315153163,1679315153175
1679315153148,1679315153181
1679315153064,1679315153227
1679315153257,1679315153301
1679315153289,1679315153310
1679315153305,1679315153443
1679315153430,1679315153451
1679315153392,1679315153458
1679315153489,1679315153506
1679315153457,1679315153551
1679315153545,1679315153573
1679315153648,1679315153678
1679315153642,1679315153789
1679315153760,1679315153840
1679315153889,1679315153895
1679315153962,1679315153969
1679315153907,1679315154017
1679315154025,1679315154072
1679315154044,1679315154155
1679315154231,1679315154260
1679315154234,1679315154265
1679315154255,1679315154280
1679315154263,1679315154280
1679315154249,1679315154314
1679315154307,1679315154317
1679315154271,1679315154319
1679315154260,1679315154356
1679315154319,1679315154397
1679315154397,1679315154401
1679315154301,1679315154415
1679315154411,1679315154484
1679315154417,1679315154508
1679315154456,1679315154508
1679315154468,1679315154533
1679315154578,1679315154630
1679315154411,1679315154632
1679315154602,1679315154691
1679315154602,1679315154694
1679315154743,1679315154785
1679315154824,1679315154842
1679315154828,1679315154851
1679315155007,1679315155053
1679315155047,1679315155080
1679315155117,1679315155170
1679315155201,1679315155210
1679315155238,1679315155266
1679315155296,1679315155305
1679315155324,1679315155335
1679315155359,1679315155364
1679315155357,1679315155383
1679315155394,1679315155401
1679315155292,1679315155430
1679315155281,1679315155441
1679315155420,1679315155454
1679315155543,1679315155553
1679315155541,1679315155565
1679315155529,1679315155596
1679315155602,1679315155605
1679315155635,1679315155652
1679315155380,1679315155664
1679315155745,1679315155753
1679315155783,1679315155868
1679315155890,1679315155920
1679315155885,1679315155958
1679315155921,1679315155960
1679315155931,1679315155968
1679315156089,1679315156102
1679315155936,1679315156111
1679315156093,1679315156120
1679315156062,1679315156225
1679315156205,1679315156238
1679315156207,1679315156240
1679315156235,1679315156249
1679315156255,1679315156275
1679315156221,1679315156289
1679315156253,1679315156321
1679315156309,1679315156324
1679315156322,1679315156343
1679315156509,1679315156568
1679315156528,1679315156581
1679315156580,1679315156587
1679315156474,1679315156662
1679315156684,1679315156698
1679315156637,1679315156765
1679315156737,1679315156767
1679315156736,1679315156802
1679315156847,1679315156864
1679315156771,1679315156873
1679315156801,1679315156889
1679315156913,1679315156919
1679315156908,1679315156983
1679315156936,1679315156986
1679315156966,1679315157027
1679315156929,1679315157032
1679315157027,1679315157064
1679315157066,1679315157070
1679315156995,1679315157098
1679315157106,1679315157109
1679315157228,1679315157250
1679315157331,1679315157365
1679315157321,1679315157426
1679315157445,1679315157459
1679315157430,1679315157522
1679315157576,1679315157592
1679315157630,1679315157638
1679315157619,1679315157671
1679315157653,1679315157683
1679315157681,1679315157698
1679315157765,1679315157772
1679315157780,1679315157784
1679315157780,1679315157798
1679315157700,1679315157832
1679315157807,1679315157891
1679315157880,1679315157933
1679315157862,1679315157978
1679315157935,1679315157984
1679315158034,1679315158046
1679315157919,1679315158059
1679315158016,1679315158060
1679315158086,1679315158091
1679315158113,1679315158119
1679315158089,1679315158170
1679315158132,1679315158205
1679315158204,1679315158210
1679315158200,1679315158295
1679315158308,1679315158321
1679315158313,1679315158323
1679315158286,1679315158440
1679315158440,1679315158492
1679315158465,1679315158506
1679315158396,1679315158543
1679315158550,1679315158567
1679315158540,1679315158568
1679315158552,1679315158582
1679315158557,1679315158584
1679315158500,1679315158750
1679315158724,1679315158766
1679315158766,1679315158769
1679315158791,1679315158806
1679315158769,1679315158827
1679315158838,1679315158883
1679315159154,1679315159203
1679315159064,1679315159262
1679315159127,1679315159279
1679315159276,1679315159314
1679315159303,1679315159320
1679315159194,1679315159329
1679315159356,1679315159371
1679315159389,1679315159406
1679315159304,1679315159427
1679315159423,1679315159442
1679315159367,1679315159457
1679315159495,1679315159500
1679315159508,1679315159513
1679315159333,1679315159532
1679315159132,1679315159548
1679315159493,1679315159561
1679315159569,1679315159611
1679315159647,1679315159678
1679315159733,1679315159739
1679315159766,1679315159799
1679315159842,1679315159869
1679315159879,1679315159892
1679315159850,1679315159904
1679315159855,1679315159945
1679315159707,1679315159947
1679315159915,1679315159952
1679315159945,1679315160001
1679315159869,1679315160006
1679315159959,1679315160020
1679315159970,1679315160063
1679315159981,1679315160081
1679315160036,1679315160086
1679315159998,1679315160101
1679315160090,1679315160163
1679315160143,1679315160183
1679315160124,1679315160188
1679315160180,1679315160200
1679315160338,1679315160347
1679315160471,1679315160492
1679315160608,1679315160627
1679315160568,1679315160632
1679315160626,1679315160681
1679315160700,1679315160728
1679315160698,1679315160733
1679315160718,1679315160734
1679315160704,1679315160742
1679315160727,1679315160787
1679315160768,1679315160791
1679315160777,1679315160872
1679315160920,1679315160923
1679315160958,1679315160969
1679315160973,1679315161017
1679315161044,1679315161071
1679315160996,1679315161123
1679315161060,1679315161148
1679315161072,1679315161243
1679315161138,1679315161269
1679315161281,1679315161303
1679315161243,1679315161336
1679315161341,1679315161351
1679315161356,1679315161365
1679315161373,1679315161397
1679315161379,1679315161405
1679315161388,1679315161419
1679315161385,1679315161454
1679315161382,1679315161471
1679315161482,1679315161502
1679315161533,1679315161545
1679315161455,1679315161579
1679315161668,1679315161674
1679315161566,1679315161745
1679315161829,1679315161871
1679315161761,1679315161881
1679315161891,1679315161914
1679315161926,1679315161941
1679315161913,1679315162015
1679315161940,1679315162073
1679315161975,1679315162077
1679315162021,1679315162104
1679315162129,1679315162164
1679315162153,1679315162192
1679315162206,1679315162251
1679315162300,1679315162356
1679315162349,1679315162373
1679315162264,1679315162395
1679315162352,1679315162410
1679315162410,1679315162416
1679315162411,1679315162426
1679315162389,1679315162457
1679315162524,1679315162602
1679315162573,1679315162603
1679315162573,1679315162606
1679315162570,1679315162613
1679315162671,1679315162677
1679315162582,1679315162688
1679315162714,1679315162732
1679315162844,1679315162873
1679315162892,1679315162903
1679315162970,1679315162977
1679315162979,1679315162985
1679315162980,1679315163008
1679315162949,1679315163041
1679315162996,1679315163058
1679315162985,1679315163106
1679315162926,1679315163160
1679315163168,1679315163189
1679315163175,1679315163306
1679315163281,1679315163328
1679315163315,1679315163348
1679315163385,1679315163401
1679315163455,1679315163467
1679315163464,1679315163493
1679315163476,1679315163534
1679315163514,1679315163552
1679315163633,1679315163642
1679315163590,1679315163645
1679315163725,1679315163761
1679315163764,1679315163780
1679315163800,1679315163842
1679315163853,1679315163877
1679315163904,1679315163914
1679315163928,1679315163950
1679315163956,1679315163981
1679315163968,1679315163987
1679315163965,1679315164028
1679315163985,1679315164036
1679315164059,1679315164083
1679315164063,1679315164142
1679315164111,1679315164146
1679315164192,1679315164202
1679315164282,1679315164314
1679315164414,1679315164425
1679315164405,1679315164460
1679315164416,1679315164495
1679315164464,1679315164516
1679315164505,1679315164543
1679315164528,1679315164601
1679315164586,1679315164644
1679315164765,1679315164786
1679315164686,1679315164827
1679315164788,1679315164832
1679315164784,1679315164852
1679315164856,1679315164878
1679315164839,1679315164901
1679315164922,1679315164987
1679315164940,1679315164991
1679315165002,1679315165010
1679315165001,1679315165075
1679315165042,1679315165089
1679315165125,1679315165135
1679315165090,1679315165163
1679315165170,1679315165187
1679315165108,1679315165207
1679315165243,1679315165261
1679315165198,1679315165312
1679315165394,1679315165408
1679315165534,1679315165611
1679315165347,1679315165703
1679315165677,1679315165746
1679315165827,1679315165832
1679315165848,1679315165874
1679315165849,1679315165932
1679315165888,1679315165953
1679315165912,1679315166033
1679315166008,1679315166052
1679315166067,1679315166139
1679315166103,1679315166152
1679315166125,1679315166156
1679315166185,1679315166202
1679315166347,1679315166364
1679315166365,1679315166398
1679315166344,1679315166426
1679315166396,1679315166443
1679315166458,1679315166472
1679315166415,1679315166483
1679315166416,1679315166530
1679315166559,1679315166567
1679315166523,1679315166574
1679315166532,1679315166598
1679315166594,1679315166598
1679315166611,1679315166614
1679315166703,1679315166773
1679315166722,1679315166817
1679315166871,1679315166903
1679315166931,1679315166960
1679315166960,1679315167033
1679315167158,1679315167173
1679315167127,1679315167188
1679315167298,1679315167306
1679315167300,1679315167309
1679315167219,1679315167372
1679315167464,1679315167469
1679315167489,1679315167515
1679315167459,1679315167530
1679315167539,1679315167551
1679315167545,1679315167568
1679315167534,1679315167570
1679315167547,1679315167575
1679315167578,1679315167598
1679315167570,1679315167609
1679315167599,1679315167614
1679315167376,1679315167710
1679315167747,1679315167759
1679315167731,1679315167834
1679315167873,1679315167922
1679315167891,1679315167936
1679315167941,1679315167945
1679315167926,1679315167945
1679315167970,1679315167989
1679315168027,1679315168046
1679315168019,1679315168059
1679315168106,1679315168124
1679315168125,1679315168141
1679315167991,1679315168180
1679315168176,1679315168232
1679315168260,1679315168383
1679315168341,1679315168425
1679315168419,1679315168433
1679315168553,1679315168566
1679315168650,1679315168690
1679315168682,1679315168703
1679315168757,1679315168776
1679315168862,1679315168874
1679315168746,1679315168882
1679315168829,1679315168896
1679315168971,1679315168993
1679315168986,1679315169060
1679315169065,1679315169072
1679315169048,1679315169078
1679315169081,1679315169087
1679315169066,1679315169104
1679315168987,1679315169111
1679315169042,1679315169168
1679315169192,1679315169273
1679315169258,1679315169308
1679315169289,1679315169363
1679315169373,1679315169403
1679315169402,1679315169463
1679315169284,1679315169497
1679315169450,1679315169497
1679315169504,1679315169512
1679315169554,1679315169556
1679315169456,1679315169561
1679315169560,1679315169581
1679315169585,1679315169651
1679315169688,1679315169694
1679315169588,1679315169721
1679315169602,1679315169776
1679315169885,1679315169904
1679315169932,1679315169960
1679315169984,1679315169993
1679315169960,1679315170021
1679315169928,1679315170072
1679315170103,1679315170108
1679315170114,1679315170129
1679315170108,1679315170166
1679315170119,1679315170175
1679315170202,1679315170219
1679315170236,1679315170276
1679315170251,1679315170322
1679315170310,1679315170361
1679315170533,1679315170557
1679315170563,1679315170627
1679315170623,1679315170648
1679315170613,1679315170683
1679315170708,1679315170729
1679315170664,1679315170736
1679315170720,1679315170759
1679315170733,1679315170839
1679315170854,1679315170885
1679315170922,1679315170939
1679315170920,1679315170955
1679315171013,1679315171052
1679315170951,1679315171053
1679315171008,1679315171077
1679315171008,1679315171088
1679315171006,1679315171093
1679315171055,1679315171111
1679315171055,1679315171152
1679315171118,1679315171161
1679315171052,1679315171194
1679315171278,1679315171307
1679315171371,1679315171376
1679315171404,1679315171409
1679315171490,1679315171525
1679315171604,1679315171611
1679315171545,1679315171626
1679315171587,1679315171646
1679315171638,1679315171650
1679315171625,1679315171671
1679315171641,1679315171673
1679315171686,1679315171695
1679315171419,1679315171700
1679315171546,1679315171711
1679315171779,1679315171821
1679315171809,1679315171850
1679315171759,1679315171855
1679315171543,1679315171868
1679315171646,1679315171890
1679315171821,1679315171900
1679315171928,1679315171962
1679315171984,1679315171996
1679315171933,1679315172077
1679315171988,1679315172147
1679315172054,1679315172150
1679315172184,1679315172256
1679315172276,1679315172283
1679315172279,1679315172319
1679315172274,1679315172393
1679315172355,1679315172417
1679315172423,1679315172455
1679315172404,1679315172496
1679315172577,1679315172599
1679315172708,1679315172728
1679315172745,1679315172775
1679315172710,1679315172809
1679315172829,1679315172859
1679315172683,1679315172888
1679315172900,1679315172929
1679315172916,1679315172936
1679315172951,1679315172973
1679315172989,1679315173002
1679315173098,1679315173104
1679315173164,1679315173190
1679315173244,1679315173269
1679315173107,1679315173269
1679315173219,1679315173321
1679315173214,1679315173377
1679315173518,1679315173522
1679315173524,1679315173553
1679315173544,1679315173557
1679315173523,1679315173566
1679315173575,1679315173606
1679315173572,1679315173644
1679315173435,1679315173650
1679315173559,1679315173708
1679315173708,1679315173739
1679315173734,1679315173766
1679315173739,1679315173791
1679315173748,1679315173803
1679315173727,1679315173820
1679315173746,1679315173821
1679315173902,1679315173908
1679315173896,1679315173965
1679315173988,1679315174003
1679315174017,1679315174029
1679315173976,1679315174057
1679315174035,1679315174071
1679315174027,1679315174110
1679315174123,1679315174134
1679315174178,1679315174235
1679315174191,1679315174240
1679315174232,1679315174247
1679315174269,1679315174300
1679315174302,1679315174387
1679315174378,1679315174389
1679315174453,1679315174483
1679315174446,1679315174512
1679315174626,1679315174683
1679315174704,1679315174800
1679315174779,1679315174840
1679315174849,1679315174885
1679315174840,1679315174904
1679315174914,1679315174925
1679315174961,1679315174965
1679315174969,1679315174975
1679315174938,1679315175009
1679315174915,1679315175020
1679315175081,1679315175135
1679315175140,1679315175142
1679315175150,1679315175170
1679315175136,1679315175206
1679315175172,1679315175221
1679315175219,1679315175233
1679315175231,1679315175237
1679315175241,1679315175249
1679315175251,1679315175261
1679315175273,1679315175282
1679315175082,1679315175297
1679315175279,1679315175303
1679315175584,1679315175637
1679315175589,1679315175640
1679315175652,1679315175656
1679315175656,1679315175698
1679315175656,1679315175737
1679315175697,1679315175765
1679315175783,1679315175794
1679315175791,1679315175846
1679315175792,1679315175871
1679315175863,1679315175928
1679315175953,1679315175969
1679315175976,1679315176024
1679315176037,1679315176121
1679315176083,1679315176265
1679315176232,1679315176267
1679315176231,1679315176275
1679315176244,1679315176337
1679315176346,1679315176356
1679315176264,1679315176436
1679315176425,1679315176478
1679315176548,1679315176572
1679315176554,1679315176573
1679315176545,1679315176600
1679315176611,1679315176626
1679315176593,1679315176635
1679315176686,1679315176695
1679315176601,1679315176701
1679315176714,1679315176731
1679315176737,1679315176750
1679315176811,1679315176844
1679315176842,1679315176852
1679315176889,1679315176912
1679315176914,1679315176921
1679315176713,1679315176937
1679315177039,1679315177054
1679315177037,1679315177055
1679315177080,1679315177101
1679315177121,1679315177144
1679315177255,1679315177273
1679315177040,1679315177302
1679315177299,1679315177324
1679315177352,1679315177399
1679315177412,1679315177448
1679315177475,1679315177505
1679315177450,1679315177548
1679315177515,1679315177555
1679315177645,1679315177656
1679315177609,1679315177664
1679315177515,1679315177688
1679315177631,1679315177702
1679315177686,1679315177710
1679315177637,1679315177741
1679315177718,1679315177802
1679315177825,1679315177838
1679315177819,1679315177851
1679315177893,1679315177897
1679315177958,1679315177990
1679315177896,1679315178033
1679315178068,1679315178075
1679315178045,1679315178085
1679315177985,1679315178102
1679315177977,1679315178143
1679315178258,1679315178324
1679315178310,1679315178357
1679315178479,1679315178512
1679315178470,1679315178526
1679315178516,1679315178526
1679315178489,1679315178540
1679315178409,1679315178571
1679315178580,1679315178619
1679315178686,1679315178700
1679315178676,1679315178725
1679315178809,1679315178815
1679315178679,1679315178819
1679315178811,1679315178836
1679315178835,1679315178846
1679315178717,1679315178878
1679315178841,1679315178911
1679315178894,1679315178931
1679315178977,1679315179004
1679315179095,1679315179100
1679315179105,1679315179112
1679315179063,1679315179115
1679315179106,1679315179135
1679315179168,1679315179171
1679315179165,1679315179175
1679315179195,1679315179217
1679315179265,1679315179280
1679315179270,1679315179312
1679315179310,1679315179313
1679315179234,1679315179336
1679315179273,1679315179356
1679315179126,1679315179363
1679315179390,1679315179393
1679315179432,1679315179441
1679315179370,1679315179460
1679315179393,1679315179469
1679315179428,1679315179489
1679315179435,1679315179498
1679315179420,1679315179506
1679315179592,1679315179631
1679315179640,1679315179652
1679315179771,1679315179777
1679315179853,1679315179857
1679315179973,1679315179978
1679315179983,1679315180005
1679315179984,1679315180083
1679315180141,1679315180146
1679315180159,1679315180163
1679315180165,1679315180208
1679315179886,1679315180238
1679315180335,1679315180372
1679315180315,1679315180379
1679315180373,1679315180396
1679315180401,1679315180476
1679315180433,1679315180505
1679315180473,1679315180513
1679315180398,1679315180519
1679315180498,1679315180526
1679315180526,1679315180537
1679315180469,1679315180559
1679315180565,1679315180606
1679315180518,1679315180609
1679315180615,1679315180632
1679315180632,1679315180658
1679315180735,1679315180749
1679315180746,1679315180757
1679315180827,1679315180918
1679315180827,1679315180947
1679315180896,1679315180953
1679315180913,1679315180963
1679315180965,1679315181008
1679315181014,1679315181035
1679315181093,1679315181117
1679315181076,1679315181136
1679315181139,1679315181176
1679315181237,1679315181283
1679315181279,1679315181293
1679315181229,1679315181322
1679315181380,1679315181454
1679315181511,1679315181525
1679315181524,1679315181564
1679315181512,1679315181569
1679315181616,1679315181620
1679315181616,1679315181655
1679315181649,1679315181674
1679315181683,1679315181694
1679315181679,1679315181745
1679315181688,1679315181829
1679315181841,1679315181902
1679315181887,1679315181911
1679315181848,1679315181941
1679315181941,1679315181947
1679315181952,1679315182036
1679315182044,1679315182056
1679315182103,1679315182108
1679315182102,1679315182138
1679315182141,1679315182149
1679315182133,1679315182189
1679315182221,1679315182252
1679315182248,1679315182266
1679315182187,1679315182317
1679315182351,1679315182390
1679315182365,1679315182461
1679315182461,1679315182465
1679315182492,1679315182499
1679315182567,1679315182577
1679315182588,1679315182653
1679315182617,1679315182703
1679315182725,1679315182733
1679315182731,1679315182766
1679315182731,1679315182785
1679315182686,1679315182810
1679315182852,1679315182855
1679315182862,1679315182941
1679315183004,1679315183046
1679315183000,1679315183145
1679315183164,1679315183229
1679315183157,1679315183237
1679315183254,1679315183271
1679315183233,1679315183301
1679315183339,1679315183346
1679315183371,1679315183382
1679315183355,1679315183398
1679315183388,1679315183405
1679315183482,1679315183547
1679315183575,1679315183584
1679315183660,1679315183678
1679315183688,1679315183743
1679315183810,1679315183865
1679315183786,1679315183901
1679315183895,1679315183928
1679315183913,1679315183937
1679315183932,1679315183938
1679315183932,1679315183939
1679315183946,1679315183952
1679315183950,1679315183957
1679315183919,1679315183966
1679315183898,1679315183987
1679315183954,1679315184019
1679315183925,1679315184028
1679315183969,1679315184076
1679315183892,1679315184110
1679315184079,1679315184110
1679315184124,1679315184145
1679315184108,1679315184157
1679315184130,1679315184206
1679315184183,1679315184220
1679315184190,1679315184222
1679315184249,1679315184263
1679315184330,1679315184347
1679315184290,1679315184360
1679315184403,1679315184424
1679315184530,1679315184589
1679315184583,1679315184623
1679315184618,1679315184743
1679315184819,1679315184825
1679315184734,1679315184832
1679315184939,1679315184947
1679315184946,1679315184975
1679315184953,1679315185016
1679315184963,1679315185021
1679315185020,1679315185034
1679315184964,1679315185061
1679315184958,1679315185063
1679315185009,1679315185065
1679315185061,1679315185069
1679315184955,1679315185092
1679315185052,1679315185117
1679315185152,1679315185163
1679315185198,1679315185233
1679315185238,1679315185241
1679315185232,1679315185272
1679315185173,1679315185302
1679315185292,1679315185321
1679315185252,1679315185352
1679315185313,1679315185355
1679315185333,1679315185365
1679315185382,1679315185414
1679315185393,1679315185466
1679315185331,1679315185504
1679315185494,1679315185596
1679315185572,1679315185601
1679315185558,1679315185740
1679315185837,1679315185843
1679315185824,1679315185846
1679315185840,1679315185866
1679315185891,1679315185899
1679315186066,1679315186084
1679315186116,1679315186127
1679315186115,1679315186129
1679315186126,1679315186148
1679315186083,1679315186158
1679315186189,1679315186197
1679315186177,1679315186203
1679315186136,1679315186227
1679315186097,1679315186229
1679315186171,1679315186250
1679315186309,1679315186379
1679315186386,1679315186394
1679315186438,1679315186454
1679315186485,1679315186493
1679315186544,1679315186567
1679315186587,1679315186599
1679315186574,1679315186605
1679315186565,1679315186612
1679315186595,1679315186641
1679315186596,1679315186666
1679315186674,1679315186688
1679315186691,1679315186704
1679315186693,1679315186722
1679315186612,1679315186766
1679315186783,1679315186809
1679315186812,1679315186845
1679315186860,1679315186899
1679315186918,1679315186927
1679315186972,1679315187038
1679315187023,1679315187039
1679315187028,1679315187081
1679315187028,1679315187119
1679315187010,1679315187153
1679315187164,1679315187187
1679315187178,1679315187233
1679315187196,1679315187254
1679315187325,1679315187331
1679315187255,1679315187351
1679315187328,1679315187401
1679315187447,1679315187468
1679315187434,1679315187495
1679315187613,1679315187635
1679315187698,1679315187715
1679315187717,1679315187755
1679315187779,1679315187798
1679315187859,1679315187888
1679315187796,1679315187891
1679315187904,1679315187953
1679315188068,1679315188093
1679315188107,1679315188125
1679315188087,1679315188157
1679315188171,1679315188193
1679315188132,1679315188208
1679315188277,1679315188292
1679315188275,1679315188298
1679315188322,1679315188349
1679315188349,1679315188375
1679315188343,1679315188448
1679315188438,1679315188474
1679315188527,1679315188538
1679315188544,1679315188550
1679315188554,1679315188561
1679315188538,1679315188570
1679315188554,1679315188573
1679315188615,1679315188629
1679315188606,1679315188648
1679315188683,1679315188773
1679315188735,1679315188834
1679315188818,1679315188837
1679315188838,1679315188851
1679315188947,1679315188979
1679315188961,1679315188980
1679315189010,1679315189017
1679315188950,1679315189078
1679315189110,1679315189145
1679315189209,1679315189224
1679315189203,1679315189253
1679315189242,1679315189307
1679315189364,1679315189372
1679315189358,1679315189419
1679315189420,1679315189465
1679315189428,1679315189472
1679315189532,1679315189551
1679315189568,1679315189573
1679315189507,1679315189609
1679315189592,1679315189640
1679315189676,1679315189680
1679315189719,1679315189766
1679315189765,1679315189778
1679315189827,1679315189888
1679315189894,1679315189955
1679315190038,1679315190050
1679315190033,1679315190077
1679315190088,1679315190104
1679315189933,1679315190107
1679315190080,1679315190117
1679315190116,1679315190122
1679315190124,1679315190147
1679315190153,1679315190183
1679315190129,1679315190241
1679315190245,1679315190258
1679315189985,1679315190272
1679315190111,1679315190296
1679315190366,1679315190389
1679315190399,1679315190444
1679315190408,1679315190451
1679315190438,1679315190462
1679315190418,1679315190487
1679315190525,1679315190592
1679315190651,1679315190694
1679315190703,1679315190733
1679315190752,1679315190763
1679315190871,1679315190875
1679315190693,1679315190895
1679315190947,1679315190982
1679315191007,1679315191034
1679315191053,1679315191067
1679315191078,1679315191083
1679315191064,1679315191102
1679315191065,1679315191123
1679315191062,1679315191156
1679315191172,1679315191264
1679315191205,1679315191288
1679315191287,1679315191296
1679315191296,1679315191304
1679315191331,1679315191338
1679315191064,1679315191361
1679315191549,1679315191580
1679315191591,1679315191609
1679315191593,1679315191623
1679315191515,1679315191630
1679315191558,1679315191631
1679315191569,1679315191638
1679315191667,1679315191676
1679315191744,1679315191753
1679315191744,1679315191754
1679315191774,1679315191800
1679315191781,1679315191854
1679315191862,1679315191905
1679315191949,1679315191983
1679315191966,1679315192000
1679315191939,1679315192058
1679315192029,1679315192074
1679315192178,1679315192184
1679315192218,1679315192226
1679315192197,1679315192231
1679315192307,1679315192330
1679315192356,1679315192369
1679315192388,1679315192411
1679315192435,1679315192448
1679315192595,1679315192611
1679315192596,1679315192621
1679315192493,1679315192638
1679315192680,1679315192716
1679315192749,1679315192778
1679315192783,1679315192806
1679315192806,1679315192810
1679315192734,1679315192818
1679315192860,1679315192868
1679315192909,1679315192917
1679315192904,1679315192960
1679315192957,1679315192963
1679315193001,1679315193026
1679315193030,1679315193046
1679315193004,1679315193049
1679315193036,1679315193068
1679315193134,1679315193142
1679315193157,1679315193179
1679315193057,1679315193190
1679315193069,1679315193191
1679315193274,1679315193317
1679315193301,1679315193363
1679315193313,1679315193372
1679315193294,1679315193378
1679315193296,1679315193386
1679315193546,1679315193556
1679315193750,1679315193794
1679315193747,1679315193794
1679315193921,1679315193977
1679315193969,1679315193995
1679315193972,1679315193997
1679315193910,1679315194004
1679315193944,1679315194023
1679315194074,1679315194098
1679315194142,1679315194145
1679315194140,1679315194148
1679315194063,1679315194164
1679315194175,1679315194189
1679315194140,1679315194239
1679315194196,1679315194293
1679315194309,1679315194326
1679315194385,1679315194392
1679315194422,1679315194443
1679315194382,1679315194501
1679315194678,1679315194698
1679315194711,1679315194715
1679315194651,1679315194821
1679315194915,1679315194938
1679315194914,1679315194943
1679315195002,1679315195021
1679315195039,1679315195073
1679315195013,1679315195073
1679315195109,1679315195195
1679315195164,1679315195216
1679315195205,1679315195232
1679315195233,1679315195258
1679315195239,1679315195267
1679315195228,1679315195289
1679315195241,1679315195295
1679315195220,1679315195315
1679315195301,1679315195362
1679315195347,1679315195367
1679315195442,1679315195459
1679315195464,1679315195473
1679315195430,1679315195489
1679315195523,1679315195559
1679315195405,1679315195562
1679315195389,1679315195596
1679315195567,1679315195616
1679315195748,1679315195788
1679315195779,1679315195802
1679315195816,1679315195833
1679315195820,1679315195840
1679315195744,1679315195845
1679315195879,1679315195897
1679315195978,1679315196036
1679315196068,1679315196101
1679315196004,1679315196121
1679315196160,1679315196167
1679315196215,1679315196222
1679315196207,1679315196246
1679315196248,1679315196288
1679315196246,1679315196315
1679315196307,1679315196335
1679315196397,1679315196473
1679315196554,1679315196593
1679315196551,1679315196651
1679315196642,1679315196656
1679315196654,1679315196767
1679315196904,1679315196912
1679315196800,1679315196922
1679315196963,1679315197013
1679315196976,1679315197018
1679315196977,1679315197052
1679315197167,1679315197173
1679315197192,1679315197233
1679315197239,1679315197256
1679315197333,1679315197346
1679315197313,1679315197348
1679315197323,1679315197403
1679315197336,1679315197416
1679315197434,1679315197442
1679315197308,1679315197468
1679315197322,1679315197486
1679315197405,1679315197502
1679315197478,1679315197507
1679315197532,1679315197569
1679315197317,1679315197576
1679315197405,1679315197670
1679315197770,1679315197787
1679315197664,1679315197799
1679315197704,1679315197824
1679315197753,1679315197837
1679315197788,1679315197899
1679315197791,1679315197910
1679315197888,1679315197964
1679315198039,1679315198053
1679315198093,1679315198111
1679315198260,1679315198293
1679315198270,1679315198377
1679315198392,1679315198404
1679315198390,1679315198418
1679315198515,1679315198532
1679315198497,1679315198608
1679315198606,1679315198616
1679315198603,1679315198629
1679315198577,1679315198699
1679315198643,1679315198756
1679315198728,1679315198791
1679315198776,1679315198819
1679315198816,1679315198832
1679315198877,1679315198881
1679315198906,1679315198912
1679315198909,1679315198929
1679315198897,1679315198970
1679315198945,1679315199030
1679315198958,1679315199066
1679315199226,1679315199231
1679315199209,1679315199272
1679315199181,1679315199286
1679315199307,1679315199340
1679315199335,1679315199342
1679315199328,1679315199358
1679315199365,1679315199393
1679315199394,1679315199406
1679315199407,1679315199472
1679315199425,1679315199478
1679315199532,1679315199561
1679315199543,1679315199596
1679315199596,1679315199608
1679315199678,1679315199788
1679315199853,1679315199882
1679315199880,1679315199891
1679315199918,1679315200047
1679315199980,1679315200057
1679315200160,1679315200164
1679315200166,1679315200193
1679315200188,1679315200213
1679315200014,1679315200236
1679315200286,1679315200299
1679315200326,1679315200376
1679315200366,1679315200403
1679315200390,1679315200414
1679315200384,1679315200454
1679315200379,1679315200471
1679315200296,1679315200544
1679315200575,1679315200599
1679315200627,1679315200675
1679315200647,1679315200675
1679315200743,1679315200750
1679315200762,1679315200788
1679315200722,1679315200824
1679315200804,1679315200825
1679315200845,1679315200866
1679315200902,1679315201003
1679315201000,1679315201036
1679315200912,1679315201083
1679315201046,1679315201141
1679315201151,1679315201265
1679315201252,1679315201274
1679315201277,1679315201281
1679315201219,1679315201332
1679315201354,1679315201358
1679315201419,1679315201487
1679315201499,1679315201503
1679315201437,1679315201521
1679315201441,1679315201527
1679315201574,1679315201612
1679315201604,1679315201670
1679315201699,1679315201743
1679315201807,1679315201835
1679315201683,1679315201863
1679315201866,1679315201908
1679315201919,1679315201925
1679315201990,1679315202009
1679315201926,1679315202059
1679315201958,1679315202146
1679315202085,1679315202148
1679315202250,1679315202253
1679315202233,1679315202256
1679315202333,1679315202401
1679315202412,1679315202420
1679315202384,1679315202444
1679315202378,1679315202457
1679315202529,1679315202536
1679315202538,1679315202573
1679315202514,1679315202574
1679315202555,1679315202600
1679315202725,1679315202740
1679315202779,1679315202793
1679315202698,1679315202802
1679315202797,1679315202815
1679315202738,1679315202832
1679315202921,1679315202933
1679315202956,1679315202961
1679315202954,1679315203082
1679315203016,1679315203089
1679315203137,1679315203158
1679315203200,1679315203209
1679315203237,1679315203298
1679315203263,1679315203319
1679315203268,1679315203326
1679315203452,1679315203492
1679315203430,1679315203511
1679315203516,1679315203527
1679315203448,1679315203542
1679315203481,1679315203547
1679315203530,1679315203568
1679315203612,1679315203622
1679315203568,1679315203642
1679315203668,1679315203692
1679315203694,1679315203731
1679315203802,1679315203805
1679315203720,1679315203831
1679315203852,1679315203868
1679315203925,1679315203985
1679315203931,1679315204043
1679315204026,1679315204095
1679315204077,1679315204112
1679315204087,1679315204118
1679315204124,1679315204148
1679315204136,1679315204150
1679315204059,1679315204190
1679315204234,1679315204256
1679315204305,1679315204316
1679315204371,1679315204381
1679315204413,1679315204430
1679315204345,1679315204463
1679315204442,1679315204475
1679315204413,1679315204573
1679315204660,1679315204669
1679315204617,1679315204692
1679315204725,1679315204797
1679315204813,1679315204831
1679315204861,1679315204891
1679315204900,1679315204933
1679315204892,1679315204992
1679315205005,1679315205030
1679315205093,1679315205100
1679315205112,1679315205140
1679315205158,1679315205188
1679315205173,1679315205204
1679315205129,1679315205206
1679315205194,1679315205252
1679315205246,1679315205261
1679315205218,1679315205264
1679315205274,1679315205373
1679315205425,1679315205484
1679315205424,1679315205492
1679315205473,1679315205527
1679315205516,1679315205533
1679315205390,1679315205593
1679315205582,1679315205606
1679315205844,1679315205865
1679315205848,1679315205871
1679315205892,1679315205921
1679315205919,1679315205936
1679315205930,1679315205959
1679315205943,1679315206013
1679315205964,1679315206031
1679315206081,1679315206107
1679315206079,1679315206218
1679315206295,1679315206332
1679315206277,1679315206451
1679315206439,1679315206459
1679315206481,1679315206537
1679315206482,1679315206542
1679315206253,1679315206550
1679315206539,1679315206577
1679315206543,1679315206615
1679315206571,1679315206635
1679315206568,1679315206652
1679315206645,1679315206679
1679315206671,1679315206723
1679315206688,1679315206758
1679315206679,1679315206772
1679315206657,1679315206920
1679315206898,1679315206926
1679315206951,1679315206962
1679315206848,1679315206974
1679315207022,1679315207111
1679315207340,1679315207369
1679315207032,1679315207384
1679315207435,1679315207475
1679315207487,1679315207490
1679315207503,1679315207516
1679315207493,1679315207524
1679315207507,1679315207529
1679315207433,1679315207560
1679315207472,1679315207597
1679315207617,1679315207621
1679315207532,1679315207629
1679315207613,1679315207682
1679315207710,1679315207737
1679315207739,1679315207767
1679315207803,1679315207818
1679315207851,1679315207887
1679315207940,1679315207974
1679315207982,1679315208036
1679315208046,1679315208057
1679315207982,1679315208073
1679315208042,1679315208083
1679315208081,1679315208088
1679315208050,1679315208124
1679315208207,1679315208231
1679315208215,1679315208235
1679315208247,1679315208281
1679315208407,1679315208415
1679315208542,1679315208561
1679315208587,1679315208628
1679315208646,1679315208673
1679315208711,1679315208751
1679315208832,1679315208874
1679315208880,1679315208908
1679315208915,1679315208997
1679315208998,1679315209024
1679315209063,1679315209092
1679315209088,1679315209102
1679315209041,1679315209110
1679315209281,1679315209344
1679315209372,1679315209377
1679315209382,1679315209391
1679315209456,1679315209465
1679315209431,1679315209481
1679315209466,1679315209494
1679315209565,1679315209569
1679315209556,1679315209633
1679315209573,1679315209633
1679315209749,1679315209805
1679315209663,1679315209819
1679315209862,1679315209866
1679315209832,1679315209875
1679315209873,1679315209908
1679315209882,1679315209912
1679315209806,1679315209941
1679315209995,1679315210033
1679315210021,1679315210043
1679315210144,1679315210189
1679315210188,1679315210222
1679315210233,1679315210253
1679315210277,1679315210283
1679315210418,1679315210432
1679315210508,1679315210528
1679315210510,1679315210560
1679315210397,1679315210613
1679315210616,1679315210666
1679315210690,1679315210771
1679315210778,1679315210803
1679315210804,1679315210822
1679315210705,1679315210823
1679315210878,1679315210895
1679315210865,1679315210926
1679315210934,1679315210972
1679315210942,1679315210978
1679315210991,1679315210996
1679315210960,1679315211005
1679315211063,1679315211076
1679315211189,1679315211194
1679315211180,1679315211317
1679315211304,1679315211320
1679315211316,1679315211333
1679315211270,1679315211347
1679315211336,1679315211352
1679315211339,1679315211356
1679315211412,1679315211416
1679315211484,1679315211488
1679315211498,1679315211530
1679315211561,1679315211582
1679315211606,1679315211619
1679315211638,1679315211657
1679315211597,1679315211710
1679315211698,1679315211740
1679315211721,1679315211742
1679315211712,1679315211746
1679315211800,1679315211807
1679315211854,1679315211884
1679315211875,1679315211908
1679315211878,1679315211925
1679315211951,1679315212047
1679315212121,1679315212126
1679315211987,1679315212139
1679315212166,1679315212173
1679315212147,1679315212200
1679315212004,1679315212259
1679315212201,1679315212276
1679315212422,1679315212427
1679315212474,1679315212516
1679315212583,1679315212757
1679315212834,1679315212859
1679315212878,1679315212880
1679315212853,1679315212907
1679315213027,1679315213052
1679315212980,1679315213070
1679315212987,1679315213079
1679315213103,1679315213149
1679315213113,1679315213168
1679315213137,1679315213170
1679315213147,1679315213192
1679315213198,1679315213200
1679315213236,1679315213245
1679315213246,1679315213267
1679315213252,1679315213283
1679315213282,1679315213293
1679315213359,1679315213365
1679315213411,1679315213437
1679315213540,1679315213548
1679315213490,1679315213552
1679315213518,1679315213557
1679315213678,1679315213685
1679315213681,1679315213692
1679315213686,1679315213702
1679315213839,1679315213856
1679315213851,1679315213878
1679315213950,1679315213992
1679315214092,1679315214101
1679315214158,1679315214201
1679315214169,1679315214226
1679315214229,1679315214300
1679315214338,1679315214370
1679315214214,1679315214394
1679315214201,1679315214396
1679315214372,1679315214452
1679315214418,1679315214489
1679315214509,1679315214515
1679315214583,1679315214605
1679315214599,1679315214607
1679315214484,1679315214645
1679315214630,1679315214651
1679315214667,1679315214671
1679315214696,1679315214700
1679315214717,1679315214759
1679315214708,1679315214776
1679315214803,1679315214809
1679315214715,1679315214834
1679315214745,1679315214837
1679315214710,1679315214838
1679315214834,1679315214849
1679315214965,1679315214988
1679315214982,1679315215025
1679315215029,1679315215072
1679315215129,1679315215137
1679315215140,1679315215142
1679315215163,1679315215206
1679315215216,1679315215228
1679315215216,1679315215249
1679315215192,1679315215263
1679315215202,1679315215282
1679315215294,1679315215303
1679315215409,1679315215509
1679315215653,1679315215666
1679315215674,1679315215715
1679315215595,1679315215719
1679315215703,1679315215737
1679315215763,1679315215793
1679315215822,1679315215826
1679315215934,1679315216028
1679315215952,1679315216045
1679315215979,1679315216075
1679315216009,1679315216091
1679315216130,1679315216150
1679315216237,1679315216262
1679315216277,1679315216317
1679315216349,1679315216362
1679315216404,1679315216413
1679315216373,1679315216416
1679315216387,1679315216445
1679315216434,1679315216469
1679315216561,1679315216580
1679315216551,1679315216583
1679315216496,1679315216584
1679315216461,1679315216592
1679315216614,1679315216629
1679315216624,1679315216647
1679315216694,1679315216706
1679315216683,1679315216740
1679315216736,1679315216761
1679315216673,1679315216792
1679315216774,1679315216803
1679315216894,1679315216924
1679315216980,1679315217026
1679315217017,1679315217049
1679315217121,1679315217139
1679315217149,1679315217282
1679315217275,1679315217392
1679315217348,1679315217405
1679315217314,1679315217477
1679315217391,1679315217529
1679315217527,1679315217548
1679315217566,1679315217574
1679315217563,1679315217579
1679315217563,1679315217631
1679315217701,1679315217706
1679315217792,1679315217812
1679315217796,1679315217903
1679315217901,1679315217913
1679315217826,1679315217914
1679315217898,1679315217938
1679315217920,1679315217955
1679315217947,1679315217961
1679315217932,1679315218031
1679315218056,1679315218079
1679315218083,1679315218092
1679315218210,1679315218224
1679315218214,1679315218227
1679315218364,1679315218436
1679315218291,1679315218496
1679315218493,1679315218541
1679315218562,1679315218580
1679315218596,1679315218607
1679315218609,1679315218633
1679315218698,1679315218703
1679315218649,1679315218719
1679315218811,1679315218824
1679315218853,1679315218856
1679315218871,1679315218876
1679315218891,1679315218930
1679315218838,1679315218932
1679315218989,1679315219016
1679315219042,1679315219057
1679315219042,1679315219122
1679315219133,1679315219164
1679315219065,1679315219166
1679315219167,1679315219186
1679315219252,1679315219283
1679315219288,1679315219355
1679315219227,1679315219377
1679315219335,1679315219437
1679315219479,1679315219487
1679315219720,1679315219753
1679315219707,1679315219758
1679315219741,1679315219803
1679315219780,1679315219814
1679315219929,1679315219939
1679315219964,1679315219985
1679315219946,1679315220025
1679315219971,1679315220034
1679315220014,1679315220061
1679315220058,1679315220154
1679315220251,1679315220308
1679315220268,1679315220309
1679315220336,1679315220361
1679315220326,1679315220375
1679315220350,1679315220380
1679315220392,1679315220400
1679315220380,1679315220405
1679315220411,1679315220427
1679315220586,1679315220616
1679315220646,1679315220666
1679315220831,1679315220835
1679315220859,1679315220918
1679315220851,1679315220928
1679315220924,1679315220936
1679315220862,1679315220947
1679315220922,1679315220947
1679315220959,1679315221028
1679315221097,1679315221105
1679315221159,1679315221168
1679315221185,1679315221192
1679315221209,1679315221235
1679315221254,1679315221264
1679315221371,1679315221375
1679315221365,1679315221410
1679315221413,1679315221428
1679315221430,1679315221448
1679315221396,1679315221451
1679315221560,1679315221583
1679315221693,1679315221711
1679315221708,1679315221721
1679315221879,1679315221896
1679315222078,1679315222101
1679315222073,1679315222131
1679315222123,1679315222134
1679315222124,1679315222205
1679315222198,1679315222237
1679315222338,1679315222345
1679315222379,1679315222483
1679315222537,1679315222558
1679315222556,1679315222564
1679315222518,1679315222565
1679315222349,1679315222575
1679315222511,1679315222582
1679315222608,1679315222632
1679315222620,1679315222636
1679315222664,1679315222694
1679315222802,1679315222809
1679315222803,1679315222835
1679315222768,1679315222897
1679315222865,1679315222925
1679315222828,1679315222937
1679315222880,1679315222973
1679315222805,1679315222973
1679315222804,1679315222974
1679315222949,1679315223023
1679315223122,1679315223152
1679315223138,1679315223158
1679315223048,1679315223192
1679315223178,1679315223200
1679315223225,1679315223232
1679315223301,1679315223325
1679315223316,1679315223325
1679315223384,1679315223496
1679315223498,1679315223520
1679315223656,1679315223671
1679315223745,1679315223800
1679315223741,1679315223834
1679315223844,1679315223855
1679315223864,1679315223894
1679315223892,1679315223902
1679315223940,1679315223964
1679315224097,1679315224145
1679315224190,1679315224251
1679315224249,1679315224278
1679315224262,1679315224322
1679315224317,1679315224340
1679315224327,1679315224341
1679315224337,1679315224362
1679315224430,1679315224476
1679315224530,1679315224537
1679315224531,1679315224551
1679315224532,1679315224632
1679315224596,1679315224639
1679315224654,1679315224668
1679315224687,1679315224747
1679315224701,1679315224758
1679315224652,1679315224847
1679315224836,1679315224864
1679315224857,1679315224867
1679315224867,1679315224919
1679315224901,1679315224933
1679315224903,1679315225022
1679315224976,1679315225030
1679315224979,1679315225031
1679315225003,1679315225051
1679315225056,1679315225062
1679315225244,1679315225248
1679315225297,1679315225369
1679315225286,1679315225383
1679315225319,1679315225390
1679315225245,1679315225440
1679315225414,1679315225443
1679315225454,1679315225493
1679315225463,1679315225515
1679315225266,1679315225533
1679315225576,1679315225598
1679315225560,1679315225616
1679315225679,1679315225758
1679315225755,1679315225787
1679315225762,1679315225793
1679315225643,1679315225794
1679315226011,1679315226081
1679315226041,1679315226096
1679315226108,1679315226144
1679315226419,1679315226426
1679315226354,1679315226450
1679315226413,1679315226456
1679315226343,1679315226470
1679315226312,1679315226473
1679315226328,1679315226480
1679315226478,1679315226510
1679315226558,1679315226562
1679315226568,1679315226585
1679315226587,1679315226591
1679315226452,1679315226649
1679315226458,1679315226675
1679315226706,1679315226794
1679315226796,1679315226827
1679315226850,1679315226869
1679315226958,1679315227006
1679315227098,1679315227132
1679315227027,1679315227139
1679315227138,1679315227170
1679315227090,1679315227250
1679315227256,1679315227262
1679315227212,1679315227291
1679315227289,1679315227368
1679315227400,1679315227405
1679315227411,1679315227419
1679315227442,1679315227502
1679315227477,1679315227518
1679315227476,1679315227549
1679315227529,1679315227552
1679315227548,1679315227596
1679315227599,1679315227642
1679315227810,1679315227858
1679315227830,1679315227903
1679315227956,1679315227963
1679315227911,1679315227975
1679315227927,1679315228001
1679315228044,1679315228088
1679315228122,1679315228180
1679315228303,1679315228365
1679315228369,1679315228381
1679315228476,1679315228500
1679315228238,1679315228537
1679315228551,1679315228576
1679315228551,1679315228594
1679315228557,1679315228616
1679315228668,1679315228692
1679315228699,1679315228770
1679315228746,1679315228780
1679315228828,1679315228891
1679315228954,1679315228959
1679315228682,1679315228981
1679315228985,1679315229010
1679315229037,1679315229045
1679315229134,1679315229140
1679315229148,1679315229158
1679315229105,1679315229180
1679315229098,1679315229180
1679315229205,1679315229237
1679315229181,1679315229237
1679315229278,1679315229310
1679315229342,1679315229413
1679315229394,1679315229429
1679315229534,1679315229539
1679315229488,1679315229572
1679315229597,1679315229602
1679315229672,1679315229690
1679315229768,1679315229779
1679315229829,1679315229872
1679315229993,1679315229998
1679315230000,1679315230017
1679315230034,1679315230042
1679315229949,1679315230044
1679315230004,1679315230054
1679315229994,1679315230064
1679315229984,1679315230080
1679315230015,1679315230111
1679315230125,1679315230167
1679315230066,1679315230205
1679315230267,1679315230273
1679315230345,1679315230352
1679315230421,1679315230468
1679315230387,1679315230468
1679315230451,1679315230482
1679315230456,1679315230521
1679315230578,1679315230636
1679315230566,1679315230668
1679315230532,1679315230698
1679315230712,1679315230715
1679315230698,1679315230717
1679315230734,1679315230757
1679315230747,1679315230926
1679315231082,1679315231099
1679315231075,1679315231104
1679315231027,1679315231153
1679315231117,1679315231175
1679315231241,1679315231259
1679315231159,1679315231267
1679315231294,1679315231305
1679315231358,1679315231369
1679315231351,1679315231382
1679315231473,1679315231504
1679315231590,1679315231594
1679315231539,1679315231601
1679315231578,1679315231671
1679315231621,1679315231755
1679315231794,1679315231823
1679315231726,1679315231840
1679315231882,1679315231898
1679315231886,1679315231955
1679315231957,1679315231981
1679315231891,1679315232000
1679315232002,1679315232013
1679315232239,1679315232264
1679315232274,1679315232302
1679315232301,1679315232351
1679315232298,1679315232399
1679315232385,1679315232423
1679315232358,1679315232455
1679315232411,1679315232479
1679315232516,1679315232537
1679315232520,1679315232607
1679315232624,1679315232641
1679315232607,1679315232676
1679315232697,1679315232712
1679315232822,1679315232866
1679315233007,1679315233029
1679315233013,1679315233055
1679315233070,1679315233128
1679315233082,1679315233141
1679315233079,1679315233166
1679315233098,1679315233180
1679315233132,1679315233192
1679315233188,1679315233193
1679315233070,1679315233206
1679315233278,1679315233290
1679315233156,1679315233292
1679315233343,1679315233359
1679315233421,1679315233443
1679315233448,1679315233468
1679315233444,1679315233493
1679315233442,1679315233510
1679315233519,1679315233535
1679315233671,1679315233681
1679315233656,1679315233689
1679315233684,1679315233695
1679315233829,1679315233845
1679315233923,1679315233926
1679315233924,1679315233942
1679315233919,1679315233952
1679315233917,1679315233956
1679315233893,1679315233959
1679315234092,1679315234100
1679315234102,1679315234107
1679315234097,1679315234172
1679315234212,1679315234216
1679315234161,1679315234217
1679315234194,1679315234343
1679315234297,1679315234344
1679315234426,1679315234447
1679315234410,1679315234464
1679315234437,1679315234491
1679315234477,1679315234497
1679315234513,1679315234517
1679315234490,1679315234656
1679315234652,1679315234698
1679315234618,1679315234720
1679315234725,1679315234750
1679315234814,1679315234827
1679315234906,1679315234933
1679315234907,1679315234949
1679315234894,1679315234991
1679315234868,1679315235009
1679315234967,1679315235062
1679315235060,1679315235086
1679315235095,1679315235100
1679315235095,1679315235106
1679315235097,1679315235142
1679315235105,1679315235145
1679315235249,1679315235290
1679315235280,1679315235297
1679315235281,1679315235311
1679315235287,1679315235371
1679315235341,1679315235376
1679315235439,1679315235465
1679315235452,1679315235476
1679315235506,1679315235585
1679315235603,1679315235612
1679315235639,1679315235670
1679315235665,1679315235785
1679315235857,1679315235875
1679315235842,1679315235887
1679315235916,1679315235940
1679315235948,1679315235960
1679315235938,1679315235964
1679315236020,1679315236131
1679315236157,1679315236187
1679315236146,1679315236198
1679315236168,1679315236204
1679315236147,1679315236209
1679315236205,1679315236226
1679315236223,1679315236229
1679315236286,1679315236339
1679315236336,1679315236342
1679315236377,1679315236395
1679315236505,1679315236515
1679315236540,1679315236547
1679315236558,1679315236567
1679315236533,1679315236596
1679315236582,1679315236611
1679315236558,1679315236613
1679315236798,1679315236802
1679315236886,1679315236947
1679315236925,1679315237040
1679315237031,1679315237058
1679315237048,1679315237061
1679315236987,1679315237165
1679315237115,1679315237257
1679315237314,1679315237344
1679315237430,1679315237460
1679315237480,1679315237518
1679315237436,1679315237548
1679315237565,1679315237570
1679315237576,1679315237600
1679315237625,1679315237668
1679315237765,1679315237782
1679315237743,1679315237845
1679315237837,1679315237852
1679315237783,1679315237860
1679315237859,1679315237893
1679315238069,1679315238098
1679315238048,1679315238103
1679315238128,1679315238162
1679315238175,1679315238196
1679315238187,1679315238204
1679315238018,1679315238214
1679315238144,1679315238230
1679315238193,1679315238261
1679315238217,1679315238273
1679315238211,1679315238315
1679315238427,1679315238440
1679315238407,1679315238503
1679315238546,1679315238557
1679315238663,1679315238707
1679315238635,1679315238738
1679315238711,1679315238739
1679315238779,1679315238798
1679315238785,1679315238805
1679315238802,1679315238823
1679315238816,1679315238916
1679315238947,1679315238960
1679315239009,1679315239059
1679315239213,1679315239229
1679315239235,1679315239258
1679315239211,1679315239303
1679315239215,1679315239307
1679315239066,1679315239334
1679315239235,1679315239348
1679315239204,1679315239367
1679315239322,1679315239384
1679315239262,1679315239395
1679315239441,1679315239463
1679315239460,1679315239503
1679315239478,1679315239527
1679315239571,1679315239587
1679315239705,1679315239767
1679315239776,1679315239794
1679315239646,1679315239874
1679315239865,1679315239878
1679315239974,1679315239982
1679315239984,1679315239993
1679315240026,1679315240039
1679315240098,1679315240113
1679315240088,1679315240122
1679315240131,1679315240167
1679315240181,1679315240192
1679315240223,1679315240226
1679315240230,1679315240233
1679315240227,1679315240238
1679315240170,1679315240359
1679315240237,1679315240390
1679315240374,1679315240422
1679315240444,1679315240456
1679315240363,1679315240477
1679315240433,1679315240482
1679315240520,1679315240559
1679315240525,1679315240573
1679315240518,1679315240610
1679315240578,1679315240627
1679315240632,1679315240642
1679315240658,1679315240693
1679315240698,1679315240703
1679315240572,1679315240713
1679315240704,1679315240743
1679315240725,1679315240771
1679315240771,1679315240832
1679315241022,1679315241030
1679315241044,1679315241074
1679315241213,1679315241217
1679315241115,1679315241219
1679315241176,1679315241235
1679315241222,1679315241259
1679315240935,1679315241284
1679315241337,1679315241341
1679315241335,1679315241367
1679315241469,1679315241498
1679315241484,1679315241503
1679315241510,1679315241581
1679315241588,1679315241602
1679315241575,1679315241622
1679315241681,1679315241689
1679315241715,1679315241731
1679315241825,1679315241851
1679315241795,1679315241868
1679315241880,1679315241888
1679315241857,1679315241904
1679315241780,1679315241945
1679315241995,1679315241998
1679315241960,1679315242002
1679315242041,1679315242128
1679315242123,1679315242131
1679315242164,1679315242264
1679315242260,1679315242279
1679315242315,1679315242377
1679315242316,1679315242398
1679315242362,1679315242553
1679315242356,1679315242566
1679315242520,1679315242584
1679315242566,1679315242589
1679315242514,1679315242590
1679315242534,1679315242647
1679315242620,1679315242662
1679315242674,1679315242700
1679315242518,1679315242724
1679315242750,1679315242864
1679315242542,1679315242874
1679315243085,1679315243170
1679315243071,1679315243199
1679315243193,1679315243207
1679315243212,1679315243242
1679315243272,1679315243283
1679315243279,1679315243309
1679315243284,1679315243316
1679315243312,1679315243324
1679315243331,1679315243335
1679315243275,1679315243423
1679315243455,1679315243469
1679315243453,1679315243475
1679315243348,1679315243480
1679315243499,1679315243514
1679315243411,1679315243519
1679315243587,1679315243633
1679315243681,1679315243698
1679315243680,1679315243700
1679315243777,1679315243802
1679315243826,1679315243847
1679315243922,1679315243945
1679315243879,1679315243957
1679315243956,1679315244003
1679315244147,1679315244157
1679315244144,1679315244173
1679315244178,1679315244181
1679315244040,1679315244184
1679315244152,1679315244226
1679315244221,1679315244255
1679315244251,1679315244289
1679315244294,1679315244321
1679315244334,1679315244350
1679315244298,1679315244381
1679315244438,1679315244455
1679315244494,1679315244533
1679315244552,1679315244560
1679315244640,1679315244652
1679315244609,1679315244681
1679315244785,1679315244792
1679315244739,1679315244799
1679315244883,1679315244896
1679315244833,1679315244980
1679315245010,1679315245022
1679315244993,1679315245024
1679315244807,1679315245029
1679315245039,1679315245072
1679315245050,1679315245075
1679315245131,1679315245144
1679315245118,1679315245157
1679315245152,1679315245165
1679315245189,1679315245210
1679315245223,1679315245282
1679315245290,1679315245319
1679315245361,1679315245406
1679315245381,1679315245411
1679315245397,1679315245444
1679315245349,1679315245463
1679315245445,1679315245582
1679315245530,1679315245598
1679315245588,1679315245646
1679315245672,1679315245686
1679315245652,1679315245719
1679315245695,1679315245739
1679315245778,1679315245802
1679315245940,1679315245974
1679315245931,1679315246011
1679315246056,1679315246124
1679315246151,1679315246166
1679315246121,1679315246183
1679315246159,1679315246245
1679315246153,1679315246277
1679315246380,1679315246424
1679315246380,1679315246424
1679315246468,1679315246483
1679315246401,1679315246512
1679315246520,1679315246528
1679315246545,1679315246603
1679315246579,1679315246606
1679315246620,1679315246677
1679315246654,1679315246681
1679315246708,1679315246749
1679315246725,1679315246752
1679315246742,1679315246770
1679315246949,1679315246965
1679315246902,1679315246975
1679315246825,1679315247032
1679315246992,1679315247049
1679315247043,1679315247063
1679315247116,1679315247204
1679315247192,1679315247255
1679315247306,1679315247320
1679315247349,1679315247352
1679315247512,1679315247563
1679315247538,1679315247590
1679315247366,1679315247622
1679315247614,1679315247632
1679315247455,1679315247655
1679315247711,1679315247738
1679315247898,1679315247929
1679315247890,1679315247941
1679315247932,1679315247957
1679315248021,1679315248047
1679315247996,1679315248063
1679315248285,1679315248336
1679315248347,1679315248353
1679315248385,1679315248404
1679315248413,1679315248419
1679315248400,1679315248455
1679315248428,1679315248461
1679315248479,1679315248488
1679315248456,1679315248529
1679315248532,1679315248588
1679315248562,1679315248592
1679315248654,1679315248661
1679315248664,1679315248682
1679315248798,1679315248833
1679315248969,1679315248993
1679315249015,1679315249039
1679315249074,1679315249089
1679315249083,1679315249091
1679315249096,1679315249122
1679315249309,1679315249312
1679315249169,1679315249341
1679315249361,1679315249384
1679315249165,1679315249386
1679315249380,1679315249390
1679315249409,1679315249477
1679315249531,1679315249534
1679315249755,1679315249795
1679315249822,1679315249830
1679315249755,1679315249862
1679315249804,1679315249889
1679315249916,1679315249982
1679315250051,1679315250092
1679315250068,1679315250104
1679315250111,1679315250134
1679315250062,1679315250174
1679315250286,1679315250292
1679315250264,1679315250304
1679315250344,1679315250365
1679315250409,1679315250437
1679315250432,1679315250452
1679315250445,1679315250531
1679315250522,1679315250554
1679315250490,1679315250562
1679315250438,1679315250564
1679315250576,1679315250592
1679315250536,1679315250661
1679315250731,1679315250821
1679315250883,1679315250898
1679315250878,1679315250924
1679315250915,1679315250931
1679315251050,1679315251062
1679315251156,1679315251192
1679315251172,1679315251205
1679315251134,1679315251236
1679315251200,1679315251276
1679315251266,1679315251325
1679315251409,1679315251473
1679315251456,1679315251477
1679315251492,1679315251506
1679315251583,1679315251588
1679315251538,1679315251666
1679315251724,1679315251743
1679315251714,1679315251767
1679315251679,1679315251773
1679315251807,1679315251910
1679315251840,1679315251948
1679315251887,1679315251960
1679315251758,1679315251983
1679315252024,1679315252045
1679315252042,1679315252053
1679315252028,1679315252113
1679315252092,1679315252123
1679315252168,1679315252177
1679315252106,1679315252230
1679315252489,1679315252527
1679315252481,1679315252533
1679315252531,1679315252552
1679315252552,1679315252711
1679315252729,1679315252737
1679315252742,1679315252748
1679315252757,1679315252761
1679315252789,1679315252836
1679315252846,1679315252854
1679315252926,1679315253016
1679315253012,1679315253048
1679315253015,1679315253117
1679315253092,1679315253136
1679315253108,1679315253194
1679315253122,1679315253204
1679315253258,1679315253364
1679315253309,1679315253372
1679315253479,1679315253498
1679315253486,1679315253504
1679315253479,1679315253508
1679315253436,1679315253508
1679315253492,1679315253509
1679315253581,1679315253589
1679315253618,1679315253654
1679315253596,1679315253707
1679315253665,1679315253711
1679315253714,1679315253729
1679315253656,1679315253753
1679315253756,1679315253778
1679315253867,1679315253879
1679315253805,1679315253898
1679315253914,1679315254014
1679315254083,1679315254131
1679315254128,1679315254163
1679315254267,1679315254294
1679315253915,1679315254340
1679315254362,1679315254365
1679315254350,1679315254439
1679315254430,1679315254518
1679315254498,1679315254519
1679315254493,1679315254552
1679315254635,1679315254696
1679315254729,1679315254738
1679315254757,1679315254775
1679315254763,1679315254781
1679315254658,1679315254811
1679315254846,1679315254878
1679315254883,1679315254917
1679315254899,1679315254931
1679315254966,1679315254980
1679315254986,1679315254997
1679315254996,1679315255014
1679315255094,1679315255174
1679315255091,1679315255183
1679315255430,1679315255468
1679315255427,1679315255521
1679315255501,1679315255545
1679315255564,1679315255568
1679315255592,1679315255634
1679315255781,1679315255817
1679315255827,1679315255860
1679315255839,1679315255868
1679315255814,1679315255874
1679315255809,1679315255881
1679315255875,1679315255889
1679315256086,1679315256131
1679315256124,1679315256138
1679315256110,1679315256171
1679315256172,1679315256182
1679315256128,1679315256189
1679315256191,1679315256235
1679315256264,1679315256271
1679315256408,1679315256426
1679315256426,1679315256439
1679315256469,1679315256482
1679315256478,1679315256528
1679315256530,1679315256533
1679315256437,1679315256542
1679315256568,1679315256576
1679315256545,1679315256640
1679315256618,1679315256646
1679315256640,1679315256659
1679315256710,1679315256734
1679315256918,1679315256929
1679315256921,1679315256987
1679315256980,1679315257099
1679315257025,1679315257127
1679315257108,1679315257140
1679315257117,1679315257159
1679315257324,1679315257341
1679315257377,1679315257410
1679315257423,1679315257474
1679315257520,1679315257572
1679315257553,1679315257577
1679315257558,1679315257579
1679315257543,1679315257588
1679315257561,1679315257596
1679315257717,1679315257737
1679315257750,1679315257754
1679315257741,1679315257765
1679315257677,1679315257783
1679315257565,1679315257821
1679315257850,1679315257861
1679315257868,1679315257871
1679315257886,1679315257921
1679315258001,1679315258007
1679315258022,1679315258069
1679315258002,1679315258143
1679315258139,1679315258162
1679315258088,1679315258196
1679315258271,1679315258298
1679315258288,1679315258361
1679315258482,1679315258538
1679315258549,1679315258559
1679315258558,1679315258591
1679315258569,1679315258597
1679315258777,1679315258786
1679315258767,1679315258828
1679315258814,1679315258834
1679315258900,1679315258906
1679315258844,1679315258984
1679315259033,1679315259037
1679315259010,1679315259038
1679315259043,1679315259062
1679315259076,1679315259130
1679315259130,1679315259151
1679315259190,1679315259236
1679315259270,1679315259277
1679315259305,1679315259317
1679315259425,1679315259442
1679315259504,1679315259531
1679315259471,1679315259540
1679315259573,1679315259579
1679315259468,1679315259587
1679315259508,1679315259598
1679315259607,1679315259614
1679315259620,1679315259625
1679315259624,1679315259628
1679315259632,1679315259651
1679315259717,1679315259738
1679315259864,1679315259868
1679315259820,1679315259887
1679315259833,1679315259938
1679315259878,1679315260005
1679315259957,1679315260032
1679315260037,1679315260047
1679315259868,1679315260066
1679315260085,1679315260088
1679315260107,1679315260119
1679315260071,1679315260247
1679315260152,1679315260261
1679315260208,1679315260279
1679315260277,1679315260349
1679315260454,1679315260486
1679315260458,1679315260554
1679315260537,1679315260598
1679315260629,1679315260681
1679315260750,1679315260770
1679315260717,1679315260774
1679315260772,1679315260802
1679315260805,1679315260815
1679315260798,1679315260831
1679315260766,1679315260882
1679315260879,1679315260907
1679315261028,1679315261048
1679315260991,1679315261066
1679315261055,1679315261078
1679315261031,1679315261109
1679315261280,1679315261308
1679315261229,1679315261310
1679315261298,1679315261328
1679315261289,1679315261404
1679315261344,1679315261404
1679315261359,1679315261419
1679315261490,1679315261591
1679315261579,1679315261593
1679315261621,1679315261628
1679315261485,1679315261642
1679315261625,1679315261753
1679315261713,1679315261757
1679315261756,1679315261768
1679315261613,1679315261774
1679315261679,1679315261778
1679315261860,1679315261896
1679315261848,1679315261922
1679315261878,1679315261925
1679315261923,1679315261952
1679315261891,1679315261969
1679315261981,1679315261995
1679315262017,1679315262036
1679315262109,1679315262142
1679315262238,1679315262271
1679315262352,1679315262362
1679315262371,1679315262429
1679315262377,1679315262456
1679315262443,1679315262476
1679315262360,1679315262477
1679315262454,1679315262487
1679315262415,1679315262500
1679315262837,1679315262840
1679315262760,1679315262855
1679315262896,1679315262904
1679315262888,1679315262920
1679315262908,1679315262931
1679315262904,1679315262937
1679315262872,1679315262952
1679315262947,1679315262970
1679315263000,1679315263050
1679315262994,1679315263078
1679315263108,1679315263120
1679315263063,1679315263128
1679315263092,1679315263169
1679315263097,1679315263179
1679315263248,1679315263306
1679315263247,1679315263325
1679315263304,1679315263358
1679315263421,1679315263463
1679315263503,1679315263576
1679315263588,1679315263621
1679315263635,1679315263649
1679315263620,1679315263661
1679315263846,1679315263868
1679315263896,1679315264008
1679315263969,1679315264026
1679315264003,1679315264043
1679315264014,1679315264051
1679315264051,1679315264062
1679315264082,1679315264097
1679315264199,1679315264297
1679315264332,1679315264363
1679315264383,1679315264396
1679315264371,1679315264427
1679315264366,1679315264462
1679315264544,1679315264547
1679315264517,1679315264550
1679315264545,1679315264593
1679315264582,1679315264629
1679315264623,1679315264645
1679315264678,1679315264683
1679315264692,1679315264777
1679315264863,1679315264897
1679315265042,1679315265056
1679315264881,1679315265057
1679315264922,1679315265083
1679315265130,1679315265239
1679315265222,1679315265247
1679315265479,1679315265486
1679315265503,1679315265530
1679315265441,1679315265532
1679315265611,1679315265613
1679315265567,1679315265626
1679315265628,1679315265667
1679315265745,1679315265751
1679315265733,1679315265754
1679315265744,1679315265785
1679315265729,1679315265812
1679315265825,1679315265877
1679315265742,1679315265883
1679315265904,1679315265926
1679315265821,1679315265955
1679315266067,1679315266088
1679315266079,1679315266111
1679315266063,1679315266125
1679315266210,1679315266217
1679315266262,1679315266272
1679315266266,1679315266279
1679315266299,1679315266305
1679315266312,1679315266345
1679315266413,1679315266440
1679315266521,1679315266548
1679315266690,1679315266699
1679315266810,1679315266817
1679315266841,1679315266887
1679315266827,1679315266919
1679315266776,1679315266942
1679315267038,1679315267068
1679315267050,1679315267105
1679315267237,1679315267283
1679315267273,1679315267300
1679315267417,1679315267480
1679315267479,1679315267489
1679315267468,1679315267504
1679315267464,1679315267576
1679315267598,1679315267673
1679315267691,1679315267696
1679315267650,1679315267792
1679315267671,1679315267813
1679315267802,1679315267832
1679315267795,1679315267851
1679315267871,1679315267875
1679315267772,1679315267882
1679315267978,1679315268089
1679315267891,1679315268133
1679315268117,1679315268146
1679315268205,1679315268225
1679315268219,1679315268353
1679315268316,1679315268354
1679315268336,1679315268359
1679315268227,1679315268491
1679315268389,1679315268533
1679315268538,1679315268548
1679315268539,1679315268552
1679315268725,1679315268743
1679315268752,1679315268827
1679315268846,1679315268852
1679315268906,1679315268929
1679315269022,1679315269030
1679315269022,1679315269141
1679315269127,1679315269177
1679315269305,1679315269317
1679315269181,1679315269330
1679315269066,1679315269340
1679315269273,1679315269345
1679315269343,1679315269392
1679315269416,1679315269431
1679315269381,1679315269434
1679315269454,1679315269476
1679315269527,1679315269559
1679315269756,1679315269789
1679315269815,1679315269916
1679315269876,1679315269919
1679315269910,1679315269942
1679315269999,1679315270014
1679315269999,1679315270052
1679315270035,1679315270069
1679315270047,1679315270108
1679315270098,1679315270137
1679315270356,1679315270367
1679315270349,1679315270372
1679315270301,1679315270397
1679315270394,1679315270415
1679315270435,1679315270451
1679315270390,1679315270474
1679315270488,1679315270528
1679315270470,1679315270539
1679315270544,1679315270626
1679315270609,1679315270643
1679315270692,1679315270807
1679315270779,1679315270832
1679315270795,1679315270907
1679315270956,1679315271046
1679315271046,1679315271061
1679315271054,1679315271062
1679315271092,1679315271108
1679315271195,1679315271244
1679315271250,1679315271280
1679315271029,1679315271315
1679315271297,1679315271323
1679315271385,1679315271395
1679315271355,1679315271449
1679315271469,1679315271480
1679315271434,1679315271597
1679315271589,1679315271617
1679315271617,1679315271642
1679315271554,1679315271645
1679315271921,1679315271977
1679315271949,1679315271996
1679315272050,1679315272088
1679315272077,1679315272094
1679315272088,1679315272102
1679315272140,1679315272180
1679315272296,1679315272323
1679315272250,1679315272392
1679315272123,1679315272409
1679315272435,1679315272443
1679315272562,1679315272586
1679315272687,1679315272701
1679315272729,1679315272741
1679315272729,1679315272765
1679315272621,1679315272793
1679315272786,1679315272820
1679315272854,1679315272860
1679315272853,1679315272881
1679315272694,1679315272890
1679315272845,1679315272932
1679315272906,1679315272967
1679315272947,1679315273031
1679315273030,1679315273070
1679315273106,1679315273163
1679315273170,1679315273232
1679315273377,1679315273421
1679315273399,1679315273451
1679315273486,1679315273527
1679315273508,1679315273550
1679315273688,1679315273699
1679315273766,1679315273812
1679315273755,1679315273858
1679315273913,1679315273924
1679315273938,1679315273944
1679315273894,1679315273965
1679315273977,1679315273999
1679315274129,1679315274142
1679315274074,1679315274186
1679315274230,1679315274276
1679315274231,1679315274321
1679315274309,1679315274332
1679315274164,1679315274371
1679315274428,1679315274451
1679315274400,1679315274486
1679315274475,1679315274495
1679315274629,1679315274634
1679315274699,1679315274716
1679315274942,1679315274966
1679315274964,1679315275009
1679315274997,1679315275029
1679315275049,1679315275094
1679315275119,1679315275165
1679315274902,1679315275187
1679315275129,1679315275197
1679315275295,1679315275316
1679315275261,1679315275331
1679315275337,1679315275340
1679315275465,1679315275517
1679315275779,1679315275787
1679315275910,1679315275937
1679315275910,1679315275940
1679315275972,1679315275983
1679315275922,1679315275989
1679315275983,1679315276017
1679315276118,1679315276138
1679315276017,1679315276148
1679315276169,1679315276205
1679315276216,1679315276280
1679315276258,1679315276344
1679315276356,1679315276362
1679315276446,1679315276487
1679315276513,1679315276535
1679315276365,1679315276555
1679315276717,1679315276731
1679315276740,1679315276752
1679315276789,1679315276802
1679315276799,1679315276889
1679315276886,1679315276890
1679315276923,1679315276954
1679315276913,1679315276970
1679315276909,1679315277022
1679315276921,1679315277027
1679315276931,1679315277034
1679315277070,1679315277081
1679315277192,1679315277198
1679315277200,1679315277209
1679315277138,1679315277236
1679315277207,1679315277237
1679315277457,1679315277523
1679315277498,1679315277605
1679315277805,1679315277866
1679315277836,1679315277886
1679315277886,1679315277888
1679315277820,1679315277899
1679315277961,1679315277983
1679315277963,1679315278045
1679315277858,1679315278066
1679315278058,1679315278081
1679315278061,1679315278113
1679315278197,1679315278208
1679315278141,1679315278213
1679315278237,1679315278245
1679315278273,1679315278280
1679315278295,1679315278347
1679315278469,1679315278506
1679315278513,1679315278536
1679315278581,1679315278588
1679315278672,1679315278689
1679315278700,1679315278728
1679315278729,1679315278733
1679315278761,1679315278771
1679315278718,1679315278852
1679315279012,1679315279038
1679315279088,1679315279214
1679315279237,1679315279242
1679315279261,1679315279284
1679315279312,1679315279328
1679315279413,1679315279417
1679315279485,1679315279488
1679315279452,1679315279495
1679315279487,1679315279498
1679315279528,1679315279540
1679315279681,1679315279758
1679315279738,1679315279786
1679315279809,1679315279817
1679315279802,1679315279861
1679315279814,1679315279898
1679315279986,1679315280011
1679315280063,1679315280078
1679315280135,1679315280221
1679315280315,1679315280356
1679315280235,1679315280371
1679315280370,1679315280383
1679315280413,1679315280461
1679315280518,1679315280559
1679315280556,1679315280560
1679315280599,1679315280612
1679315280754,1679315280761
1679315280779,1679315280860
1679315280878,1679315280933
1679315280883,1679315280950
1679315280957,1679315280974
1679315280978,1679315281030
1679315280984,1679315281045
1679315280991,1679315281059
1679315280906,1679315281082
1679315281048,1679315281092
1679315281085,1679315281105
1679315281104,1679315281114
1679315281141,1679315281200
1679315281280,1679315281294
1679315281337,1679315281360
1679315281311,1679315281400
1679315281464,1679315281488
1679315281480,1679315281607
1679315281622,1679315281664
1679315281654,1679315281690
1679315281586,1679315281854
1679315281851,1679315281998
1679315281779,1679315282035
1679315282085,1679315282095
1679315282148,1679315282175
1679315282132,1679315282223
1679315282279,1679315282322
1679315282366,1679315282392
1679315282354,1679315282405
1679315282463,1679315282493
1679315282548,1679315282629
1679315282647,1679315282654
1679315282647,1679315282672
1679315282614,1679315282715
1679315282745,1679315282748
1679315282635,1679315282826
1679315282752,1679315282833
1679315282815,1679315282849
1679315282723,1679315282890
1679315282926,1679315282935
1679315282960,1679315282981
1679315283095,1679315283125
1679315283161,1679315283167
1679315283061,1679315283210
1679315283267,1679315283274
1679315283577,1679315283643
1679315283652,1679315283667
1679315283722,1679315283740
1679315283764,1679315283778
1679315283763,1679315283793
1679315283768,1679315283829
1679315283850,1679315283853
1679315283804,1679315283855
1679315283875,1679315283926
1679315284166,1679315284171
1679315284200,1679315284241
1679315284257,1679315284328
1679315284382,1679315284415
1679315284402,1679315284463
1679315284455,1679315284491
1679315284429,1679315284492
1679315284542,1679315284564
1679315284643,1679315284716
1679315284679,1679315284757
1679315284817,1679315284821
1679315284814,1679315284840
1679315284817,1679315284841
1679315284831,1679315284892
1679315284995,1679315285001
1679315285004,1679315285059
1679315285049,1679315285095
1679315285056,1679315285166
1679315285131,1679315285167
1679315285188,1679315285270
1679315285244,1679315285306
1679315285357,1679315285390
1679315285418,1679315285426
1679315285362,1679315285458
1679315285492,1679315285531
1679315285689,1679315285739
1679315285720,1679315285749
1679315285896,1679315285901
1679315285800,1679315285936
1679315285972,1679315285977
1679315285937,1679315286004
1679315285902,1679315286004
1679315286002,1679315286021
1679315286064,1679315286100
1679315286119,1679315286125
1679315286021,1679315286131
1679315286189,1679315286192
1679315286370,1679315286413
1679315286536,1679315286572
1679315286569,1679315286647
1679315286561,1679315286710
1679315286753,1679315286760
1679315286759,1679315286775
1679315286768,1679315286838
1679315286911,1679315286942
1679315287054,1679315287073
1679315286977,1679315287078
1679315287054,1679315287097
1679315287073,1679315287187
1679315287240,1679315287255
1679315287205,1679315287261
1679315287349,1679315287360
1679315287372,1679315287378
1679315287356,1679315287441
1679315287463,1679315287509
1679315287578,1679315287592
1679315287731,1679315287763
1679315287801,1679315287869
1679315287810,1679315287878
1679315287863,1679315287899
1679315287922,1679315288047
1679315288025,1679315288052
1679315288081,1679315288127
1679315288026,1679315288169
1679315288146,1679315288222
1679315288239,1679315288269
1679315288316,1679315288352
1679315288442,1679315288555
1679315288578,1679315288637
1679315288613,1679315288684
1679315288689,1679315288699
1679315288591,1679315288756
1679315288760,1679315288796
1679315288943,1679315289024
1679315289000,1679315289042
1679315289067,1679315289089
1679315289085,1679315289142
1679315289204,1679315289245
1679315289244,1679315289339
1679315289439,1679315289486
1679315289548,1679315289575
1679315289664,1679315289688
1679315289722,1679315289725
1679315289764,1679315289811
1679315289627,1679315289827
1679315289828,1679315289841
1679315289832,1679315289842
1679315289785,1679315289846
1679315289944,1679315290030
1679315290048,1679315290085
1679315290058,1679315290087
1679315290258,1679315290281
1679315290287,1679315290312
1679315290340,1679315290373
1679315290434,1679315290449
1679315290424,1679315290491
1679315290457,1679315290575
1679315290508,1679315290606
1679315290652,1679315290685
1679315290719,1679315290734
1679315291060,1679315291088
1679315291132,1679315291147
1679315291131,1679315291151
1679315291155,1679315291163
1679315291073,1679315291171
1679315291147,1679315291196
1679315291254,1679315291273
1679315291272,1679315291286
1679315291248,1679315291339
1679315291292,1679315291347
1679315291379,1679315291400
1679315291351,1679315291502
1679315291550,1679315291560
1679315291841,1679315291856
1679315291715,1679315291888
1679315291928,1679315291994
1679315292069,1679315292112
1679315292095,1679315292120
1679315292107,1679315292127
1679315292150,1679315292166
1679315292119,1679315292186
1679315292160,1679315292249
1679315292351,1679315292366
1679315292404,1679315292420
1679315292429,1679315292452
1679315292477,1679315292516
1679315292408,1679315292618
1679315292536,1679315292708
1679315292627,1679315292719
1679315292745,1679315292749
1679315292732,1679315292754
1679315292752,1679315292767
1679315292766,1679315292777
1679315292891,1679315292911
1679315293104,1679315293126
1679315293139,1679315293157
1679315293178,1679315293191
1679315293308,1679315293316
1679315293221,1679315293358
1679315293174,1679315293377
1679315293363,1679315293432
1679315293375,1679315293458
1679315293398,1679315293480
1679315293554,1679315293559
1679315293588,1679315293663
1679315293638,1679315293671
1679315293713,1679315293740
1679315293764,1679315293779
1679315293878,1679315293913
1679315293932,1679315293942
1679315293976,1679315294016
1679315293937,1679315294060
1679315294107,1679315294116
1679315294142,1679315294228
1679315294218,1679315294247
1679315294180,1679315294274
1679315294250,1679315294355
1679315294273,1679315294374
1679315294374,1679315294439
1679315294371,1679315294476
1679315294487,1679315294537
1679315294569,1679315294581
1679315294551,1679315294628
1679315294738,1679315294772
1679315294764,1679315294795
1679315294765,1679315294813
1679315294951,1679315294980
1679315294881,1679315295001
1679315294993,1679315295033
1679315295251,1679315295293
1679315295260,1679315295372
1679315295350,1679315295402
1679315295412,1679315295487
1679315295440,1679315295523
1679315295565,1679315295585
1679315295536,1679315295622
1679315295522,1679315295721
1679315295754,1679315295764
1679315295770,1679315295783
1679315295783,1679315295794
1679315295852,1679315295962
1679315295974,1679315295988
1679315296154,1679315296159
1679315296195,1679315296200
1679315296242,1679315296270
1679315296272,1679315296277
1679315296266,1679315296288
1679315296604,1679315296613
1679315296502,1679315296616
1679315296607,1679315296649
1679315296568,1679315296668
1679315296738,1679315296761
1679315296821,1679315296853
1679315296989,1679315297011
1679315296963,1679315297061
1679315297059,1679315297080
1679315297119,1679315297133
1679315297033,1679315297167
1679315297199,1679315297222
1679315297243,1679315297248
1679315297001,1679315297314
1679315297356,1679315297409
1679315297405,1679315297416
1679315297424,1679315297453
1679315297320,1679315297593
1679315297782,1679315297840
1679315297843,1679315297867
1679315297868,1679315297871
1679315297822,1679315297878
1679315298019,1679315298031
1679315298075,1679315298079
1679315298094,1679315298144
1679315298102,1679315298148
1679315298328,1679315298345
1679315298250,1679315298464
1679315298474,1679315298487
1679315298513,1679315298567
1679315298624,1679315298640
1679315298578,1679315298674
1679315298681,1679315298741
1679315298695,1679315298750
1679315298688,1679315298777
1679315298833,1679315298851
1679315298951,1679315298983
1679315298979,1679315298989
1679315299057,1679315299088
1679315299096,1679315299100
1679315299097,1679315299118
1679315299206,1679315299220
1679315299258,1679315299280
1679315299383,1679315299401
1679315299465,1679315299517
1679315299452,1679315299558
1679315299596,1679315299620
1679315299597,1679315299718
1679315299737,1679315299767
1679315299758,1679315299800
1679315299794,1679315299831
1679315299698,1679315299850
1679315299801,1679315299957
1679315299849,1679315299958
1679315299975,1679315299991
1679315299972,1679315300007
1679315300034,1679315300042
1679315300191,1679315300233
1679315300393,1679315300398
1679315300452,1679315300456
1679315300449,1679315300527
1679315300698,1679315300769
1679315300792,1679315300844
1679315300893,1679315300896
1679315300953,1679315300999
1679315300954,1679315300999
1679315301028,1679315301090
1679315301052,1679315301097
1679315301077,1679315301109
1679315301210,1679315301220
1679315301196,1679315301248
1679315301277,1679315301281
1679315301282,1679315301296
1679315301308,1679315301323
1679315301332,1679315301340
1679315301347,1679315301365
1679315301378,1679315301498
1679315301578,1679315301604
1679315301493,1679315301625
1679315301585,1679315301627
1679315301744,1679315301775
1679315301896,1679315301928
1679315302056,1679315302072
1679315302073,1679315302099
1679315302222,1679315302232
1679315302287,1679315302305
1679315302335,1679315302421
1679315302315,1679315302423
1679315302469,1679315302510
1679315302511,1679315302523
1679315302631,1679315302644
1679315302694,1679315302700
1679315302654,1679315302711
1679315302823,1679315302887
1679315303004,1679315303021
1679315303088,1679315303108
1679315303109,1679315303135
1679315303263,1679315303339
1679315303324,1679315303342
1679315303335,1679315303357
1679315303328,1679315303359
1679315303315,1679315303368
1679315303344,1679315303378
1679315303439,1679315303452
1679315303475,1679315303479
1679315303399,1679315303489
1679315303331,1679315303497
1679315303600,1679315303629
1679315303651,1679315303665
1679315303556,1679315303698
1679315303693,1679315303701
1679315303723,1679315303736
1679315303718,1679315303737
1679315303846,1679315303880
1679315303876,1679315303917
1679315303744,1679315303948
1679315304152,1679315304164
1679315304330,1679315304454
1679315304648,1679315304653
1679315304580,1679315304664
1679315304684,1679315304727
1679315304850,1679315304860
1679315304845,1679315304860
1679315304835,1679315304861
1679315304855,1679315304877
1679315304989,1679315305011
1679315304990,1679315305023
1679315305035,1679315305050
1679315305096,1679315305151
1679315305262,1679315305303
1679315305298,1679315305314
1679315305226,1679315305315
1679315305233,1679315305363
1679315305358,1679315305376
1679315305440,1679315305446
1679315305605,1679315305609
1679315305272,1679315305699
1679315305664,1679315305720
1679315305809,1679315305856
1679315306068,1679315306087
1679315306009,1679315306097
1679315306064,1679315306130
1679315306142,1679315306169
1679315306198,1679315306241
1679315306277,1679315306313
1679315306344,1679315306351
1679315306416,1679315306463
1679315306358,1679315306489
1679315306621,1679315306632
1679315306571,1679315306652
1679315306618,1679315306685
1679315306765,1679315306779
1679315306776,1679315306828
1679315306890,1679315306893
1679315306816,1679315306973
1679315307051,1679315307057
1679315307143,1679315307150
1679315307322,1679315307332
1679315307338,1679315307343
1679315307332,1679315307345
1679315307401,1679315307424
1679315307424,1679315307476
1679315307747,1679315307761
1679315307829,1679315307870
1679315307798,1679315307872
1679315307668,1679315307906
1679315307874,1679315307942
1679315308007,1679315308019
1679315307998,1679315308028
1679315308144,1679315308169
1679315308184,1679315308234
1679315308258,1679315308282
1679315308255,1679315308301
1679315308311,1679315308386
1679315308430,1679315308433
1679315308427,1679315308442
1679315308415,1679315308464
1679315308441,1679315308477
1679315308415,1679315308485
1679315308514,1679315308563
1679315308589,1679315308600
1679315308574,1679315308617
1679315308803,1679315308851
1679315308872,1679315308885
1679315308860,1679315308909
1679315308809,1679315308913
1679315308876,1679315308938
1679315309190,1679315309217
1679315309303,1679315309312
1679315309327,1679315309414
1679315309351,1679315309421
1679315309525,1679315309560
1679315309566,1679315309610
1679315309594,1679315309626
1679315309598,1679315309689
1679315309653,1679315309783
1679315309810,1679315309815
1679315309824,1679315309854
1679315309627,1679315309889
1679315310046,1679315310074
1679315309951,1679315310105
1679315310148,1679315310155
1679315310146,1679315310180
1679315310257,1679315310289
1679315310341,1679315310425
1679315310413,1679315310486
1679315310482,1679315310501
1679315310490,1679315310545
1679315310601,1679315310614
1679315310727,1679315310751
1679315310776,1679315310795
1679315310595,1679315310812
1679315310815,1679315310829
1679315310980,1679315311006
1679315311114,1679315311120
1679315311093,1679315311222
1679315311237,1679315311245
1679315311119,1679315311247
1679315311338,1679315311499
1679315311516,1679315311521
1679315311511,1679315311537
1679315311560,1679315311598
1679315311641,1679315311676
1679315311626,1679315311735
1679315311695,1679315311773
1679315311823,1679315311861
1679315311878,1679315311900
1679315311869,1679315311926
1679315312038,1679315312041
1679315311883,1679315312074
1679315312104,1679315312126
1679315312106,1679315312128
1679315312309,1679315312343
1679315312512,1679315312522
1679315312513,1679315312592
1679315312608,1679315312616
1679315312602,1679315312635
1679315312634,1679315312676
1679315312668,1679315312689
1679315312914,1679315312989
1679315313023,1679315313093
1679315313052,1679315313101
1679315313153,1679315313160
1679315313224,1679315313260
1679315313355,1679315313365
1679315313382,1679315313394
1679315313417,1679315313502
1679315313507,1679315313518
1679315313609,1679315313613
1679315313525,1679315313656
1679315313848,1679315313893
1679315313992,1679315314036
1679315314140,1679315314147
1679315314123,1679315314150
1679315314045,1679315314165
1679315314216,1679315314218
1679315314185,1679315314240
1679315314212,1679315314240
1679315314441,1679315314446
1679315314441,1679315314461
1679315314482,1679315314508
1679315314541,1679315314566
1679315314547,1679315314592
1679315314679,1679315314694
1679315314868,1679315314913
1679315314932,1679315314959
1679315315166,1679315315171
1679315315131,1679315315260
1679315315069,1679315315308
1679315315308,1679315315314
1679315315274,1679315315349
1679315315328,1679315315351
1679315315449,1679315315452
1679315315575,1679315315590
1679315315566,1679315315590
1679315315560,1679315315602
1679315315424,1679315315605
1679315315686,1679315315693
1679315315494,1679315315694
1679315315630,1679315315696
1679315315851,1679315315871
1679315315934,1679315315950
1679315316230,1679315316290
1679315316333,1679315316351
1679315316346,1679315316352
1679315316380,1679315316388
1679315316419,1679315316425
1679315316414,1679315316456
1679315316604,1679315316617
1679315316621,1679315316628
1679315316617,1679315316630
1679315316586,1679315316645
1679315316744,1679315316754
1679315316824,1679315316864
1679315316949,1679315316987
1679315316930,1679315316996
1679315317041,1679315317097
1679315317118,1679315317132
1679315317124,1679315317144
1679315317423,1679315317443
1679315317388,1679315317446
1679315317473,1679315317480
1679315317443,1679315317491
1679315317616,1679315317621
1679315317609,1679315317636
1679315317619,1679315317678
1679315317741,1679315317771
1679315317943,1679315317950
1679315317967,1679315317975
1679315317960,1679315317976
1679315318014,1679315318101
1679315318083,1679315318137
1679315318083,1679315318151
1679315318222,1679315318239
1679315318215,1679315318271
1679315318421,1679315318463
1679315318454,1679315318518
1679315318688,1679315318704
1679315318586,1679315318817
1679315318779,1679315318847
1679315318835,1679315318876
1679315318992,1679315319013
1679315319223,1679315319233
1679315319180,1679315319248
1679315319249,1679315319271
1679315319260,1679315319277
1679315319331,1679315319391
1679315319323,1679315319457
1679315319234,1679315319569
1679315319555,1679315319616
1679315319622,1679315319665
1679315319708,1679315319744
1679315319836,1679315319873
1679315319823,1679315319937
1679315319839,1679315319966
1679315319919,1679315319973
1679315320009,1679315320020
1679315319935,1679315320029
1679315320277,1679315320327
1679315320385,1679315320395
1679315320489,1679315320519
1679315320533,1679315320587
1679315320634,1679315320665
1679315320530,1679315320672
1679315320630,1679315320677
1679315320554,1679315320786
1679315320694,1679315320807
1679315320759,1679315320813
1679315320786,1679315320838
1679315320894,1679315320938
1679315320959,1679315320991
1679315320980,1679315320992
1679315320909,1679315321097
1679315321209,1679315321227
1679315321401,1679315321451
1679315321463,1679315321485
1679315321522,1679315321530
1679315321532,1679315321537
1679315321534,1679315321554
1679315321641,1679315321649
1679315321698,1679315321705
1679315321671,1679315321715
1679315321810,1679315321838
1679315321815,1679315321869
1679315321991,1679315322029
1679315322035,1679315322078
1679315322118,1679315322133
1679315322252,1679315322304
1679315322298,1679315322334
1679315322495,1679315322528
1679315322512,1679315322533
1679315322801,1679315322811
1679315322747,1679315322832
1679315322745,1679315322908
1679315322867,1679315322965
1679315323093,1679315323103
1679315322904,1679315323115
1679315323277,1679315323289
1679315323187,1679315323307
1679315323373,1679315323409
1679315323397,1679315323439
1679315323477,1679315323509
1679315323429,1679315323534
1679315323539,1679315323594
1679315323597,1679315323637
1679315323685,1679315323697
1679315323693,1679315323701
1679315323628,1679315323715
1679315323682,1679315323738
1679315324026,1679315324030
1679315323988,1679315324036
1679315324157,1679315324210
1679315324219,1679315324294
1679315324297,1679315324331
1679315324338,1679315324389
1679315324431,1679315324456
1679315324486,1679315324507
1679315324677,1679315324701
1679315324314,1679315324725
1679315324707,1679315324730
1679315324746,1679315324759
1679315324773,1679315324841
1679315324778,1679315324878
1679315324982,1679315325016
1679315325120,1679315325127
1679315325080,1679315325177
1679315325319,1679315325342
1679315325325,1679315325364
1679315325387,1679315325410
1679315325454,1679315325460
1679315325493,1679315325505
1679315325459,1679315325561
1679315325492,1679315325580
1679315325753,1679315325775
1679315325729,1679315325789
1679315325790,1679315325841
1679315326064,1679315326101
1679315326108,1679315326122
1679315325910,1679315326129
1679315326181,1679315326202
1679315326298,1679315326326
1679315326442,1679315326452
1679315326372,1679315326477
1679315326552,1679315326690
1679315326695,1679315326709
1679315326743,1679315326752
1679315326680,1679315326763
1679315326750,1679315326774
1679315326746,1679315326789
1679315326735,1679315326801
1679315326740,1679315326848
1679315326822,1679315326869
1679315326884,1679315326907
1679315326959,1679315327015
1679315326936,1679315327018
1679315326991,1679315327026
1679315326968,1679315327027
1679315327086,1679315327100
1679315327100,1679315327112
1679315327094,1679315327152
1679315327135,1679315327172
1679315327418,1679315327446
1679315327416,1679315327473
1679315327545,1679315327647
1679315327776,1679315327856
1679315327878,1679315327944
1679315327945,1679315327947
1679315327953,1679315327958
1679315327950,1679315327989
1679315327998,1679315328012
1679315328038,1679315328060
1679315328106,1679315328114
1679315328046,1679315328153
1679315328108,1679315328168
1679315328200,1679315328205
1679315328163,1679315328247
1679315328274,1679315328413
1679315328335,1679315328453
1679315328431,1679315328462
1679315328455,1679315328490
1679315328512,1679315328529
1679315328678,1679315328685
1679315328782,1679315328835
1679315328836,1679315328867
1679315329061,1679315329065
1679315329148,1679315329172
1679315329168,1679315329184
1679315329201,1679315329260
1679315329309,1679315329312
1679315329269,1679315329315
1679315329297,1679315329316
1679315329334,1679315329385
1679315329438,1679315329442
1679315329465,1679315329495
1679315329504,1679315329511
1679315329507,1679315329527
1679315329524,1679315329545
1679315329556,1679315329742
1679315329783,1679315329788
1679315329882,1679315329922
1679315329846,1679315330010
1679315329939,1679315330013
1679315329808,1679315330037
1679315330179,1679315330211
1679315330233,1679315330278
1679315330350,1679315330359
1679315330275,1679315330388
1679315330409,1679315330540
1679315330506,1679315330546
1679315330563,1679315330657
1679315330624,1679315330666
1679315330631,1679315330683
1679315330662,1679315330719
1679315330653,1679315330746
1679315330802,1679315330837
1679315330827,1679315330984
1679315330836,1679315331134
1679315331138,1679315331153
1679315331255,1679315331266
1679315331115,1679315331359
1679315331419,1679315331441
1679315331423,1679315331457
1679315331370,1679315331465
1679315331495,1679315331498
1679315331486,1679315331503
1679315331435,1679315331505
1679315331509,1679315331526
1679315331638,1679315331655
1679315331810,1679315331826
1679315331828,1679315331922
1679315331895,1679315331931
1679315331863,1679315331974
1679315331992,1679315332027
1679315331916,1679315332046
1679315332029,1679315332080
1679315332093,1679315332108
1679315332204,1679315332256
1679315332211,1679315332274
1679315332539,1679315332564
1679315332479,1679315332593
1679315332599,1679315332619
1679315332752,1679315332772
1679315332689,1679315332824
1679315332810,1679315332865
1679315332877,1679315332886
1679315332773,1679315332944
1679315332969,1679315333011
1679315332969,1679315333028
1679315332993,1679315333081
1679315333194,1679315333212
1679315333195,1679315333217
1679315333205,1679315333234
1679315333213,1679315333286
1679315333218,1679315333317
1679315333413,1679315333443
1679315333428,1679315333471
1679315333489,1679315333506
1679315333514,1679315333556
1679315333769,1679315333789
1679315333897,1679315333908
1679315333843,1679315333930
1679315334002,1679315334071
1679315334045,1679315334160
1679315334101,1679315334189
1679315334183,1679315334192
1679315334158,1679315334207
1679315334239,1679315334253
1679315334318,1679315334386
1679315334393,1679315334413
1679315334484,1679315334516
1679315334478,1679315334519
1679315334525,1679315334558
1679315334570,1679315334615
1679315334575,1679315334628
1679315334771,1679315334838
1679315334857,1679315334867
1679315335167,1679315335175
1679315335225,1679315335233
1679315335263,1679315335297
1679315335397,1679315335408
1679315335359,1679315335415
1679315335412,1679315335417
1679315335427,1679315335432
1679315335485,1679315335493
1679315335492,1679315335544
1679315335537,1679315335547
1679315335526,1679315335636
1679315335618,1679315335681
1679315335667,1679315335719
1679315335729,1679315335757
1679315335494,1679315335807
1679315335786,1679315335855
1679315335759,1679315335866
1679315335881,1679315335905
1679315336022,1679315336043
1679315336100,1679315336106
1679315336289,1679315336300
1679315336347,1679315336430
1679315336568,1679315336611
1679315336366,1679315336628
1679315336862,1679315336874
1679315336888,1679315336900
1679315336913,1679315336939
1679315336997,1679315337005
1679315336937,1679315337020
1679315336997,1679315337066
1679315337076,1679315337129
1679315337198,1679315337262
1679315337345,1679315337359
1679315337530,1679315337538
1679315337547,1679315337569
1679315337563,1679315337571
1679315337547,1679315337618
1679315337614,1679315337627
1679315337626,1679315337644
1679315337660,1679315337709
1679315337851,1679315337884
1679315337994,1679315337999
1679315337906,1679315338020
1679315338104,1679315338153
1679315338125,1679315338170
1679315338298,1679315338321
1679315338249,1679315338350
1679315338361,1679315338378
1679315338463,1679315338467
1679315338656,1679315338666
1679315338674,1679315338686
1679315338685,1679315338693
1679315338616,1679315338761
1679315338721,1679315338772
1679315338751,1679315338774
1679315338923,1679315338935
1679315339043,1679315339047
1679315339030,1679315339047
1679315339062,1679315339073
1679315339111,1679315339127
1679315339082,1679315339140
1679315339147,1679315339174
1679315339384,1679315339398
1679315339348,1679315339420
1679315339475,1679315339515
1679315339447,1679315339574
1679315339668,1679315339702
1679315339774,1679315339796
1679315339700,1679315339806
1679315339695,1679315339812
1679315339826,1679315339917
1679315339942,1679315339964
1679315340116,1679315340143
1679315340150,1679315340155
1679315340150,1679315340160
1679315340097,1679315340162
1679315340173,1679315340180
1679315340175,1679315340189
1679315340240,1679315340288
1679315340478,1679315340495
1679315340410,1679315340592
1679315340525,1679315340616
1679315340749,1679315340795
1679315340854,1679315340861
1679315341000,1679315341015
1679315341078,1679315341112
1679315341101,1679315341133
1679315341431,1679315341456
1679315341268,1679315341479
1679315341412,1679315341488
1679315341499,1679315341514
1679315341513,1679315341559
1679315341555,1679315341575
1679315341471,1679315341649
1679315341687,1679315341713
1679315341726,1679315341778
1679315341782,1679315341806
1679315341867,1679315341876
1679315341963,1679315341983
1679315341980,1679315341989
1679315341972,1679315342005
1679315342036,1679315342046
1679315341972,1679315342059
1679315342025,1679315342172
1679315342188,1679315342204
1679315342163,1679315342207
1679315342221,1679315342322
1679315342447,1679315342459
1679315342463,1679315342471
1679315342647,1679315342738
1679315342709,1679315342752
1679315342710,1679315342862
1679315342768,1679315342863
1679315342991,1679315343007
1679315342972,1679315343028
1679315343030,1679315343032
1679315342985,1679315343038
1679315343134,1679315343146
1679315343182,1679315343239
1679315343176,1679315343274
1679315343266,1679315343318
1679315343470,1679315343500
1679315343523,1679315343585
1679315343654,1679315343677
1679315343685,1679315343690
1679315343714,1679315343738
1679315343653,1679315343816
1679315343882,1679315343960
1679315344053,1679315344074
1679315344114,1679315344173
1679315344221,1679315344256
1679315344358,1679315344381
1679315344356,1679315344400
1679315344330,1679315344450
1679315344333,1679315344451
1679315344528,1679315344573
1679315344561,1679315344578
1679315344612,1679315344663
1679315344696,1679315344707
1679315344650,1679315344754
1679315344761,1679315344867
1679315345073,1679315345085
1679315345072,1679315345137
1679315345069,1679315345177
1679315345085,1679315345223
1679315345191,1679315345232
1679315345303,1679315345315
1679315345380,1679315345402
1679315345341,1679315345405
1679315345434,1679315345455
1679315345503,1679315345510
1679315345479,1679315345520
1679315345524,1679315345534
1679315345657,1679315345707
1679315346090,1679315346119
1679315346114,1679315346147
1679315346209,1679315346254
1679315346152,1679315346258
1679315346239,1679315346307
1679315346282,1679315346328
1679315346315,1679315346339
1679315346340,1679315346367
1679315346385,1679315346403
1679315346394,1679315346427
1679315346506,1679315346512
1679315346518,1679315346533
1679315346549,1679315346572
1679315346641,1679315346669
1679315346675,1679315346689
1679315346796,1679315346881
1679315346844,1679315346882
1679315347152,1679315347156
1679315347242,1679315347247
1679315347170,1679315347256
1679315347228,1679315347324
1679315347355,1679315347361
1679315347527,1679315347544
1679315347597,1679315347642
1679315347597,1679315347646
1679315347689,1679315347725
1679315347665,1679315347732
1679315347736,1679315347748
1679315347704,1679315347749
1679315347764,1679315347782
1679315347772,1679315347809
1679315347833,1679315347974
1679315348123,1679315348150
1679315348167,1679315348197
1679315348171,1679315348202
1679315348363,1679315348369
1679315348358,1679315348395
1679315348446,1679315348478
1679315348485,1679315348495
1679315348556,1679315348592
1679315348728,1679315348752
1679315348953,1679315348957
1679315349056,1679315349087
1679315349105,1679315349135
1679315349194,1679315349252
1679315349235,1679315349265
1679315349357,1679315349412
1679315349129,1679315349434
1679315349423,1679315349520
1679315349565,1679315349581
1679315349560,1679315349637
1679315349645,1679315349681
1679315349668,1679315349704
1679315349757,1679315349806
1679315349935,1679315349943
1679315350000,1679315350005
1679315349961,1679315350039
1679315350096,1679315350104
1679315350085,1679315350210
1679315350063,1679315350221
1679315350191,1679315350230
1679315350232,1679315350261
1679315350249,1679315350265
1679315350245,1679315350286
1679315350354,1679315350359
1679315350357,1679315350390
1679315350683,1679315350748
1679315350741,1679315350777
1679315351048,1679315351206
1679315351134,1679315351256
1679315351255,1679315351268
1679315351263,1679315351311
1679315351393,1679315351425
1679315351251,1679315351431
1679315351497,1679315351551
1679315351626,1679315351699
1679315351668,1679315351708
1679315351716,1679315351720
1679315351601,1679315351739
1679315351756,1679315351787
1679315351777,1679315351832
1679315351841,1679315351936
1679315351980,1679315352006
1679315351990,1679315352027
1679315352158,1679315352179
1679315352164,1679315352200
1679315352405,1679315352443
1679315352464,1679315352501
1679315352581,1679315352626
1679315352686,1679315352691
1679315352645,1679315352703
1679315352800,1679315352839
1679315352829,1679315352890
1679315352950,1679315352958
1679315352969,1679315353002
1679315352960,1679315353015
1679315352945,1679315353033
1679315352916,1679315353044
1679315353074,1679315353117
1679315353184,1679315353192
1679315353196,1679315353203
1679315353176,1679315353206
1679315353215,1679315353226
1679315353227,1679315353275
1679315353185,1679315353285
1679315353270,1679315353308
1679315353212,1679315353372
1679315353428,1679315353446
1679315353402,1679315353478
1679315354028,1679315354041
1679315354005,1679315354106
1679315354172,1679315354196
1679315353971,1679315354198
1679315354138,1679315354205
1679315354230,1679315354243
1679315354174,1679315354257
1679315354422,1679315354517
1679315354590,1679315354598
1679315354596,1679315354693
1679315354679,1679315354707
1679315354635,1679315354816
1679315354785,1679315354828
1679315354866,1679315354908
1679315354723,1679315354918
1679315354887,1679315354931
1679315355247,1679315355260
1679315355284,1679315355306
1679315355299,1679315355338
1679315355360,1679315355373
1679315355354,1679315355393
1679315355563,1679315355604
1679315355521,1679315355617
1679315355544,1679315355654
1679315355656,1679315355659
1679315355654,1679315355668
1679315355939,1679315355953
1679315355915,1679315355962
1679315355939,1679315355986
1679315355969,1679315356019
1679315355984,1679315356047
1679315356237,1679315356247
1679315356267,1679315356279
1679315356259,1679315356300
1679315356405,1679315356513
1679315356479,1679315356516
1679315356478,1679315356536
1679315356490,1679315356565
1679315356494,1679315356600
1679315356691,1679315356714
1679315356839,1679315356881
1679315356890,1679315356916
1679315356863,1679315356980
1679315356969,1679315357005
1679315357040,1679315357054
1679315357073,1679315357112
1679315357226,1679315357241
1679315357245,1679315357257
1679315357307,1679315357319
1679315357425,1679315357450
1679315357359,1679315357533
1679315357618,1679315357624
1679315357616,1679315357628
1679315357649,1679315357667
1679315357752,1679315357776
1679315357791,1679315357795
1679315357789,1679315357821
1679315357845,1679315357881
1679315357864,1679315358000
1679315358142,1679315358225
1679315358161,1679315358232
1679315358446,1679315358516
1679315358562,1679315358574
1679315358507,1679315358632
1679315358291,1679315358648
1679315358754,1679315358785
1679315358766,1679315358828
1679315358717,1679315358843
1679315358844,1679315358869
1679315358809,1679315358933
1679315358849,1679315358982
1679315358991,1679315358997
1679315359108,1679315359115
1679315359147,1679315359172
1679315359172,1679315359179
1679315359094,1679315359275
1679315359221,1679315359283
1679315359270,1679315359342
1679315359391,1679315359402
1679315359496,1679315359585
1679315359795,1679315359864
1679315359906,1679315359915
1679315359978,1679315360039
1679315360122,1679315360125
1679315360083,1679315360276
1679315360274,1679315360304
1679315360335,1679315360340
1679315360327,1679315360343
1679315360366,1679315360421
1679315360393,1679315360450
1679315360389,1679315360451
1679315360398,1679315360501
1679315360457,1679315360503
1679315360241,1679315360508
1679315360256,1679315360518
1679315360609,1679315360644
1679315360857,1679315360864
1679315360806,1679315360987
1679315361078,1679315361088
1679315361078,1679315361161
1679315361155,1679315361200
1679315361241,1679315361267
1679315361306,1679315361312
1679315361414,1679315361424
1679315361506,1679315361508
1679315361518,1679315361620
1679315361596,1679315361622
1679315361638,1679315361707
1679315361497,1679315361721
1679315361641,1679315361721
1679315361794,1679315361801
1679315361982,1679315362015
1679315362076,1679315362079
1679315362258,1679315362305
1679315362325,1679315362360
1679315362385,1679315362391
1679315362327,1679315362427
1679315362364,1679315362494
1679315362559,1679315362595
1679315362580,1679315362666
1679315362655,1679315362684
1679315362873,1679315362915
1679315363017,1679315363042
1679315362992,1679315363084
1679315363056,1679315363100
1679315363129,1679315363146
1679315362991,1679315363146
1679315363175,1679315363180
1679315363182,1679315363192
1679315363166,1679315363218
1679315363249,1679315363259
1679315363376,1679315363397
1679315363421,1679315363426
1679315363544,1679315363647
1679315363644,1679315363651
1679315363742,1679315363762
1679315363762,1679315363809
1679315363793,1679315363818
1679315363993,1679315363997
1679315363995,1679315364001
1679315364116,1679315364140
1679315364156,1679315364185
1679315364191,1679315364200
1679315364189,1679315364239
1679315364208,1679315364249
1679315364260,1679315364271
1679315364419,1679315364426
1679315364249,1679315364487
1679315364648,1679315364658
1679315364663,1679315364671
1679315364893,1679315364903
1679315364779,1679315364914
1679315364936,1679315364985
1679315365044,1679315365100
1679315365121,1679315365131
1679315365160,1679315365184
1679315365114,1679315365249
1679315365145,1679315365255
1679315365263,1679315365287
1679315365221,1679315365294
1679315365246,1679315365331
1679315365303,1679315365388
1679315365310,1679315365412
1679315365485,1679315365517
1679315365722,1679315365728
1679315365912,1679315365949
1679315365963,1679315365973
1679315366182,1679315366198
1679315366203,1679315366256
1679315366171,1679315366276
1679315366303,1679315366319
1679315366264,1679315366329
1679315366413,1679315366454
1679315366441,1679315366462
1679315366407,1679315366492
1679315366547,1679315366564
1679315366629,1679315366643
1679315366693,1679315366762
1679315366639,1679315366775
1679315366660,1679315366802
1679315366879,1679315366884
1679315367076,1679315367105
1679315366990,1679315367108
1679315367146,1679315367269
1679315367229,1679315367299
1679315367262,1679315367327
1679315367424,1679315367439
1679315367436,1679315367463
1679315367432,1679315367470
1679315367530,1679315367626
1679315367537,1679315367720
1679315367610,1679315367723
1679315367776,1679315367804
1679315367790,1679315367840
1679315367804,1679315367867
1679315367860,1679315367882
1679315367921,1679315367965
1679315367956,1679315367978
1679315368007,1679315368023
1679315367993,1679315368140
1679315368116,1679315368245
1679315368207,1679315368298
1679315368286,1679315368306
1679315368306,1679315368345
1679315368316,1679315368358
1679315368410,1679315368430
1679315368437,1679315368506
1679315368538,1679315368542
1679315368359,1679315368544
1679315368528,1679315368586
1679315368516,1679315368616
1679315368744,1679315368787
1679315368887,1679315368912
1679315369137,1679315369140
1679315369262,1679315369280
1679315369280,1679315369299
1679315369291,1679315369314
1679315369358,1679315369385
1679315369424,1679315369483
1679315369507,1679315369510
1679315369498,1679315369599
1679315369623,1679315369641
1679315369598,1679315369666
1679315369659,1679315369696
1679315369761,1679315369772
1679315369832,1679315369853
1679315369858,1679315369945
1679315369954,1679315369971
1679315370120,1679315370156
1679315370141,1679315370182
1679315370231,1679315370272
1679315370311,1679315370372
1679315370371,1679315370466
1679315370534,1679315370597
1679315370743,1679315370758
1679315370754,1679315370779
1679315370768,1679315370794
1679315370626,1679315370805
1679315370807,1679315370828
1679315370815,1679315370845
1679315370703,1679315370882
1679315370860,1679315370889
1679315371310,1679315371323
1679315371280,1679315371325
1679315371331,1679315371403
1679315371391,1679315371452
1679315371473,1679315371478
1679315371462,1679315371526
1679315371606,1679315371650
1679315371669,1679315371692
1679315371773,1679315371868
1679315371862,1679315371903
1679315371903,1679315371943
1679315371886,1679315372001
1679315372071,1679315372087
1679315372195,1679315372232
1679315372264,1679315372282
1679315372134,1679315372325
1679315372303,1679315372347
1679315372314,1679315372424
1679315372547,1679315372559
1679315372545,1679315372594
1679315372648,1679315372671
1679315372674,1679315372679
1679315372690,1679315372829
1679315372814,1679315372854
1679315372911,1679315372915
1679315372950,1679315373003
1679315372910,1679315373046
1679315373017,1679315373057
1679315373097,1679315373148
1679315373184,1679315373194
1679315373232,1679315373267
1679315373207,1679315373495
1679315373484,1679315373500
1679315373506,1679315373532
1679315373558,1679315373564
1679315373590,1679315373598
1679315373594,1679315373602
1679315373625,1679315373733
1679315373897,1679315373909
1679315373933,1679315373970
1679315373954,1679315374019
1679315374014,1679315374023
1679315374029,1679315374088
1679315374059,1679315374201
1679315374062,1679315374244
1679315374509,1679315374524
1679315374546,1679315374577
1679315374552,1679315374602
1679315374602,1679315374614
1679315374590,1679315374697
1679315374634,1679315374714
1679315374715,1679315374727
1679315374719,1679315374785
1679315374772,1679315374901
1679315375013,1679315375064
1679315375087,1679315375094
1679315375106,1679315375140
1679315375150,1679315375176
1679315375341,1679315375371
1679315375436,1679315375442
1679315375418,1679315375445
1679315375572,1679315375624
1679315375574,1679315375634
1679315375641,1679315375655
1679315375634,1679315375668
1679315375625,1679315375688
1679315375789,1679315375984
1679315375976,1679315376042
1679315375988,1679315376051
1679315376207,1679315376236
1679315376269,1679315376281
1679315376252,1679315376320
1679315376286,1679315376331
1679315376449,1679315376588
1679315376514,1679315376591
1679315376698,1679315376721
1679315376794,1679315376842
1679315376837,1679315376871
1679315376867,1679315376898
1679315376911,1679315376917
1679315376941,1679315376969
1679315377241,1679315377256
1679315377260,1679315377284
1679315377328,1679315377405
1679315377434,1679315377450
1679315377442,1679315377457
1679315377551,1679315377608
1679315377610,1679315377629
1679315377651,1679315377666
1679315377622,1679315377667
1679315377605,1679315377710
1679315377617,1679315377743
1679315377993,1679315378020
1679315378081,1679315378102
1679315378149,1679315378155
1679315378203,1679315378213
1679315378338,1679315378386
1679315378534,1679315378542
1679315378536,1679315378546
1679315378511,1679315378572
1679315378623,1679315378661
1679315378728,1679315378749
1679315378812,1679315378819
1679315378786,1679315378839
1679315378800,1679315378882
1679315378903,1679315378980
1679315378965,1679315378998
1679315379031,1679315379121
1679315379015,1679315379125
1679315379221,1679315379232
1679315379339,1679315379351
1679315379548,1679315379552
1679315379457,1679315379594
1679315379616,1679315379702
1679315379700,1679315379735
1679315379757,1679315379760
1679315379760,1679315379775
1679315379773,1679315379841
1679315379884,1679315379923
1679315379895,1679315379999
1679315379999,1679315380006
1679315380095,1679315380127
1679315380136,1679315380159
1679315380236,1679315380271
1679315380410,1679315380420
1679315380366,1679315380430
1679315380542,1679315380623
1679315380592,1679315380673
1679315380696,1679315380699
1679315380709,1679315380742
1679315380761,1679315380774
1679315380716,1679315380787
1679315380875,1679315380903
1679315381040,1679315381065
1679315381061,1679315381070
1679315381103,1679315381175
1679315381202,1679315381214
1679315381219,1679315381230
1679315381466,1679315381495
1679315381548,1679315381601
1679315381723,1679315381761
1679315381750,1679315381782
1679315381805,1679315381810
1679315381802,1679315381841
1679315381892,1679315381919
1679315381873,1679315381920
1679315381983,1679315381998
1679315382119,1679315382135
1679315382253,1679315382290
1679315382247,1679315382317
1679315382230,1679315382367
1679315382444,1679315382487
1679315382434,1679315382493
1679315382428,1679315382538
1679315382336,1679315382539
1679315382462,1679315382643
1679315382549,1679315382649
1679315382625,1679315382661
1679315382669,1679315382784
1679315382787,1679315382836
1679315382906,1679315382918
1679315383136,1679315383148
1679315383301,1679315383319
1679315383307,1679315383448
1679315383454,1679315383497
1679315383472,1679315383556
1679315383652,1679315383671
1679315383683,1679315383709
1679315383657,1679315383739
1679315383704,1679315383747
1679315383687,1679315383756
1679315383789,1679315383811
1679315383853,1679315383867
1679315383889,1679315383947
1679315384022,1679315384035
1679315384051,1679315384056
1679315384123,1679315384239
1679315384244,1679315384308
1679315384279,1679315384315
1679315384361,1679315384397
1679315384498,1679315384507
1679315384618,1679315384624
1679315384546,1679315384647
1679315384647,1679315384679
1679315384719,1679315384754
1679315385050,1679315385054
1679315385103,1679315385113
1679315385008,1679315385119
1679315385107,1679315385131
1679315385054,1679315385150
1679315385175,1679315385194
1679315385302,1679315385362
1679315385489,1679315385521
1679315385510,1679315385541
1679315385620,1679315385665
1679315385707,1679315385720
1679315385524,1679315385752
1679315385700,1679315385759
1679315385765,1679315385795
1679315385736,1679315385947
1679315385890,1679315385957
1679315385989,1679315386039
1679315386189,1679315386223
1679315386262,1679315386297
1679315386252,1679315386301
1679315386238,1679315386304
1679315386270,1679315386355
1679315386441,1679315386449
1679315386478,1679315386570
1679315386584,1679315386613
1679315386719,1679315386793
1679315386796,1679315386800
1679315386831,1679315386842
1679315386938,1679315386988
1679315387025,1679315387033
1679315387086,1679315387204
1679315387159,1679315387211
1679315387373,1679315387392
1679315387400,1679315387415
1679315387501,1679315387524
1679315387457,1679315387537
1679315387510,1679315387571
1679315387511,1679315387619
1679315387553,1679315387693
1679315387762,1679315387773
1679315387903,1679315387934
1679315387926,1679315387944
1679315388013,1679315388098
1679315387935,1679315388105
1679315388330,1679315388338
1679315388345,1679315388413
1679315388411,1679315388440
1679315388352,1679315388451
1679315388344,1679315388526
1679315388633,1679315388639
1679315388514,1679315388679
1679315388735,1679315388780
1679315388781,1679315388787
1679315388760,1679315388826
1679315388728,1679315388861
1679315388891,1679315388933
1679315388965,1679315388974
1679315388838,1679315388985
1679315389062,1679315389086
1679315389122,1679315389194
1679315389029,1679315389291
1679315389463,1679315389518
1679315389493,1679315389595
1679315389573,1679315389683
1679315389710,1679315389816
1679315389796,1679315389837
1679315389827,1679315389859
1679315389919,1679315389931
1679315389807,1679315389961
1679315389970,1679315390020
1679315390017,1679315390038
1679315390059,1679315390073
1679315390054,1679315390094
1679315390181,1679315390189
1679315390146,1679315390209
1679315390190,1679315390234
1679315390252,1679315390332
1679315390401,1679315390481
1679315390466,1679315390526
1679315390537,1679315390608
1679315390720,1679315390766
1679315390776,1679315390798
1679315390764,1679315390810
1679315390793,1679315390841
1679315390992,1679315390997
1679315391128,1679315391225
1679315391229,1679315391245
1679315391236,1679315391276
1679315391387,1679315391440
1679315391441,1679315391466
1679315391475,1679315391495
1679315391524,1679315391577
1679315391585,1679315391621
1679315391514,1679315391679
1679315391773,1679315391783
1679315391674,1679315391816
1679315391804,1679315391914
1679315391754,1679315391991
1679315392007,1679315392010
1679315392055,1679315392069
1679315392243,1679315392259
1679315392226,1679315392361
1679315392364,1679315392404
1679315392424,1679315392452
1679315392353,1679315392650
1679315392659,1679315392681
1679315392847,1679315392862
1679315392839,1679315392884
1679315393019,1679315393046
1679315393007,1679315393061
1679315393005,1679315393086
1679315393047,1679315393102
1679315393049,1679315393112
1679315393107,1679315393148
1679315393223,1679315393241
1679315393242,1679315393257
1679315393349,1679315393355
1679315393517,1679315393539
1679315393502,1679315393557
1679315393536,1679315393561
1679315393796,1679315393801
1679315393789,1679315393842
1679315393854,1679315393875
1679315393883,1679315393898
1679315393850,1679315393934
1679315393816,1679315393952
1679315393895,1679315394006
1679315394055,1679315394097
1679315394093,1679315394276
1679315394316,1679315394334
1679315394289,1679315394355
1679315394320,1679315394393
1679315394553,1679315394582
1679315394587,1679315394649
1679315394717,1679315394725
1679315394802,1679315394816
1679315394869,1679315394876
1679315394857,1679315394895
1679315394950,1679315394990
1679315394903,1679315394996
1679315395017,1679315395050
1679315395119,1679315395152
1679315395184,1679315395275
1679315395582,1679315395590
1679315395597,1679315395612
1679315395580,1679315395618
1679315395608,1679315395634
1679315395821,1679315395851
1679315395851,1679315395853
1679315395832,1679315395896
1679315395877,1679315395900
1679315395747,1679315396005
1679315395998,1679315396009
1679315396080,1679315396113
1679315396018,1679315396171
1679315396134,1679315396185
1679315396218,1679315396262
1679315396249,1679315396303
1679315396368,1679315396376
1679315396279,1679315396381
1679315396523,1679315396574
1679315396589,1679315396611
1679315396652,1679315396690
1679315396760,1679315396765
1679315396770,1679315396810
1679315396835,1679315396858
1679315397174,1679315397231
1679315397144,1679315397234
1679315397201,1679315397244
1679315397322,1679315397329
1679315397326,1679315397363
1679315397376,1679315397378
1679315397471,1679315397490
1679315397466,1679315397527
1679315397548,1679315397563
1679315397671,1679315397693
1679315397661,1679315397745
1679315397830,1679315397879
1679315397879,1679315397901
1679315397867,1679315397932
1679315397930,1679315398020
1679315398081,1679315398128
1679315398190,1679315398248
1679315398251,1679315398256
1679315398373,1679315398384
1679315398375,1679315398390
1679315398381,1679315398416
1679315398383,1679315398427
1679315398515,1679315398562
1679315398594,1679315398604
1679315398561,1679315398617
1679315398680,1679315398721
1679315398756,1679315398821
1679315398736,1679315398911
1679315399066,1679315399077
1679315399118,1679315399126
1679315399218,1679315399270
1679315399305,1679315399326
1679315399472,1679315399485
1679315399413,1679315399492
1679315399466,1679315399509
1679315399536,1679315399542
1679315399552,1679315399578
1679315399534,1679315399591
1679315399534,1679315399599
1679315399648,1679315399660
1679315399747,1679315399767
1679315399708,1679315399772
1679315399836,1679315399844
1679315399906,1679315399918
1679315400079,1679315400119
1679315400007,1679315400170
1679315400429,1679315400451
1679315400493,1679315400519
1679315400433,1679315400534
1679315400546,1679315400566
1679315400548,1679315400598
1679315400609,1679315400640
1679315400736,1679315400760
1679315400835,1679315400872
1679315400805,1679315400914
1679315400913,1679315400930
1679315400891,1679315400956
1679315400949,1679315400987
1679315400955,1679315400994
1679315400976,1679315401014
1679315401234,1679315401315
1679315401306,1679315401321
1679315401358,1679315401372
1679315401247,1679315401398
1679315401403,1679315401427
1679315401447,1679315401478
1679315401582,1679315401727
1679315401840,1679315401852
1679315401843,1679315401920
1679315401922,1679315401966
1679315402019,1679315402023
1679315401929,1679315402078
1679315402101,1679315402113
1679315402120,1679315402144
1679315402229,1679315402260
1679315402156,1679315402301
1679315402390,1679315402395
1679315402409,1679315402417
1679315402514,1679315402532
1679315402502,1679315402562
1679315402524,1679315402562
1679315402501,1679315402610
1679315402559,1679315402633
1679315402617,1679315402649
1679315402724,1679315402765
1679315403110,1679315403152
1679315402966,1679315403155
1679315403207,1679315403244
1679315403451,1679315403492
1679315403587,1679315403651
1679315403713,1679315403763
1679315403686,1679315403785
1679315403818,1679315403838
1679315403875,1679315403915
1679315403917,1679315403965
1679315403983,1679315403993
1679315403992,1679315404004
1679315403993,1679315404027
1679315404008,1679315404095
1679315404078,1679315404107
1679315404156,1679315404220
1679315404225,1679315404240
1679315404239,1679315404296
1679315404308,1679315404325
1679315404336,1679315404420
1679315404506,1679315404535
1679315404536,1679315404546
1679315404641,1679315404663
1679315404728,1679315404828
1679315404894,1679315404944
1679315405018,1679315405037
1679315405020,1679315405104
1679315405016,1679315405158
1679315405094,1679315405182
1679315405282,1679315405288
1679315405275,1679315405300
1679315405361,1679315405392
1679315405375,1679315405392
1679315405398,1679315405410
1679315405422,1679315405454
1679315405498,1679315405529
1679315405558,1679315405583
1679315405601,1679315405631
1679315405651,1679315405688
1679315405828,1679315405869
1679315406028,1679315406052
1679315406050,1679315406084
1679315406026,1679315406119
1679315406041,1679315406122
1679315406025,1679315406131
1679315406059,1679315406145
1679315406039,1679315406183
1679315406228,1679315406243
1679315406265,1679315406295
1679315406326,1679315406362
1679315406328,1679315406383
1679315406380,1679315406441
1679315406378,1679315406454
1679315406287,1679315406510
1679315406556,1679315406612
1679315406565,1679315406669
1679315406647,1679315406670
1679315406709,1679315406713
1679315406794,1679315406871
1679315407032,1679315407055
1679315407070,1679315407170
1679315407147,1679315407202
1679315407218,1679315407231
1679315407419,1679315407469
1679315407527,1679315407543
1679315407534,1679315407575
1679315407456,1679315407592
1679315407580,1679315407694
1679315407652,1679315407702
1679315407761,1679315407765
1679315407622,1679315407775
1679315407735,1679315407784
1679315407790,1679315407820
1679315407919,1679315407937
1679315407866,1679315407952
1679315408026,1679315408030
1679315408036,1679315408042
1679315407977,1679315408043
1679315408248,1679315408313
1679315408344,1679315408352
1679315408318,1679315408372
1679315408453,1679315408470
1679315408653,1679315408665
1679315408659,1679315408717
1679315408777,1679315408783
1679315408778,1679315408808
1679315408785,1679315408884
1679315408867,1679315408932
1679315408913,1679315408940
1679315408886,1679315408947
1679315408962,1679315408983
1679315408991,1679315409015
1679315409040,1679315409134
1679315409147,1679315409214
1679315409227,1679315409230
1679315409237,1679315409270
1679315409414,1679315409442
1679315409586,1679315409608
1679315409620,1679315409681
1679315409586,1679315409702
1679315409736,1679315409752
1679315409772,1679315409787
1679315409814,1679315409883
1679315409958,1679315410004
1679315409971,1679315410010
1679315410095,1679315410148
1679315410123,1679315410172
1679315410173,1679315410244
1679315410263,1679315410267
1679315410295,1679315410311
1679315410325,1679315410328
1679315410520,1679315410537
1679315410730,1679315410746
1679315410774,1679315410813
1679315410879,1679315410915
1679315410927,1679315410940
1679315410940,1679315411014
1679315411127,1679315411170
1679315411143,1679315411188
1679315411157,1679315411188
1679315411151,1679315411205
1679315411214,1679315411233
1679315411285,1679315411313
1679315411325,1679315411332
1679315411374,1679315411388
1679315411454,1679315411553
1679315411614,1679315411703
1679315411718,1679315411759
1679315411867,1679315411888
1679315411936,1679315411995
1679315412038,1679315412050
1679315412151,1679315412154
1679315412151,1679315412171
1679315412122,1679315412202
1679315412276,1679315412306
1679315412293,1679315412321
1679315412336,1679315412342
1679315412417,1679315412439
1679315412483,1679315412540
1679315412376,1679315412606
1679315412472,1679315412612
1679315412620,1679315412727
1679315412807,1679315412868
1679315412851,1679315412906
1679315412892,1679315412955
1679315413033,1679315413050
1679315413034,1679315413060
1679315412891,1679315413104
1679315413009,1679315413116
1679315413152,1679315413230
1679315413347,1679315413383
1679315413314,1679315413484
1679315413598,1679315413609
1679315413681,1679315413696
1679315413745,1679315413820
1679315413839,1679315413886
1679315413917,1679315413936
1679315413910,1679315413937
1679315413921,1679315413948
1679315413950,1679315414151
1679315414130,1679315414154
1679315414187,1679315414203
1679315414193,1679315414214
1679315414208,1679315414275
1679315414191,1679315414299
1679315414307,1679315414359
1679315414352,1679315414414
1679315414408,1679315414420
1679315414436,1679315414446
1679315414497,1679315414511
1679315414679,1679315414729
1679315414728,1679315414756
1679315414829,1679315414944
1679315415147,1679315415155
1679315415207,1679315415224
1679315415147,1679315415225
1679315415266,1679315415273
1679315415264,1679315415296
1679315415306,1679315415308
1679315415372,1679315415388
1679315415435,1679315415487
1679315415372,1679315415503
1679315415538,1679315415556
1679315415567,1679315415574
1679315415578,1679315415599
1679315415599,1679315415694
1679315415726,1679315415773
1679315415803,1679315416090
1679315416151,1679315416178
1679315416179,1679315416203
1679315416220,1679315416227
1679315416223,1679315416290
1679315416088,1679315416361
1679315416384,1679315416404
1679315416308,1679315416435
1679315416491,1679315416518
1679315416469,1679315416528
1679315416708,1679315416747
1679315416667,1679315416792
1679315416906,1679315416933
1679315416929,1679315416942
1679315416876,1679315416954
1679315417065,1679315417082
1679315417114,1679315417165
1679315417236,1679315417240
1679315417207,1679315417258
1679315417216,1679315417329
1679315417301,1679315417332
1679315417334,1679315417383
1679315417536,1679315417558
1679315417392,1679315417565
1679315417799,1679315417853
1679315417839,1679315417853
1679315417874,1679315417884
1679315417942,1679315418013
1679315418066,1679315418087
1679315418096,1679315418132
1679315418175,1679315418200
1679315418216,1679315418240
1679315418237,1679315418257
1679315418407,1679315418416
1679315418398,1679315418426
1679315418434,1679315418459
1679315418440,1679315418519
1679315418574,1679315418593
1679315418697,1679315418712
1679315418715,1679315418734
1679315418743,1679315418844
1679315418991,1679315419042
1679315419117,1679315419126
1679315418991,1679315419144
1679315419145,1679315419200
1679315419277,1679315419298
1679315419309,1679315419332
1679315419315,1679315419333
1679315419422,1679315419441
1679315419573,1679315419598
1679315419601,1679315419618
1679315419543,1679315419630
1679315419638,1679315419653
1679315419662,1679315419728
1679315419655,1679315419755
1679315419765,1679315419780
1679315420191,1679315420213
1679315420229,1679315420252
1679315420246,1679315420310
1679315420280,1679315420334
1679315420260,1679315420383
1679315420288,1679315420407
1679315420378,1679315420500
1679315420549,1679315420581
1679315420656,1679315420730
1679315420616,1679315420789
1679315420697,1679315420795
1679315420737,1679315420797
1679315420818,1679315420859
1679315420894,1679315420927
1679315420930,1679315420936
1679315420944,1679315420967
1679315420836,1679315420978
1679315421310,1679315421333
1679315421379,1679315421401
1679315421461,1679315421486
1679315421476,1679315421492
1679315421666,1679315421705
1679315421674,1679315421724
1679315421811,1679315421817
1679315421653,1679315421819
1679315421835,1679315421866
1679315421842,1679315421908
1679315421885,1679315421911
1679315421981,1679315421992
1679315421999,1679315422021
1679315422072,1679315422081
1679315422069,1679315422082
1679315422306,1679315422323
1679315422309,1679315422390
1679315422340,1679315422395
1679315422545,1679315422688
1679315422919,1679315422946
1679315422988,1679315423043
1679315423060,1679315423095
1679315423060,1679315423155
1679315423152,1679315423188
