st,end
1679381189002,1679381189563
1679381189001,1679381189563
1679381188996,1679381189563
1679381189023,1679381189563
1679381188997,1679381189576
1679381188975,1679381189578
1679381189005,1679381189603
1679381189007,1679381189613
1679381188999,1679381189646
1679381189009,1679381189648
1679381189024,1679381189661
1679381189021,1679381189665
1679381189024,1679381189683
1679381188996,1679381189692
1679381189003,1679381189692
1679381189022,1679381189708
1679381189004,1679381189790
1679381189025,1679381189810
1679381188998,1679381189810
1679381189000,1679381189813
1679381188973,1679381189876
1679381189006,1679381189925
1679381189022,1679381189942
1679381189025,1679381189992
1679381188974,1679381189995
1679381188995,1679381190003
1679381189021,1679381190034
1679381189003,1679381190036
1679381188998,1679381190038
1679381188976,1679381190042
1679381188999,1679381190077
1679381189009,1679381190094
1679381189010,1679381190144
1679381189006,1679381190247
1679381189007,1679381190270
1679381189008,1679381190287
1679381188975,1679381190321
1679381189002,1679381190332
1679381189005,1679381190363
1679381188973,1679381190454
1679381194897,1679381194919
1679381194929,1679381194954
1679381195010,1679381195067
1679381195006,1679381195078
1679381195174,1679381195196
1679381195208,1679381195295
1679381195335,1679381195397
1679381195381,1679381195418
1679381195335,1679381195443
1679381195509,1679381195581
1679381195549,1679381195582
1679381195613,1679381195634
1679381195380,1679381195658
1679381195578,1679381195673
1679381195650,1679381195707
1679381195707,1679381195779
1679381195783,1679381195809
1679381195739,1679381195851
1679381195798,1679381195869
1679381195849,1679381195875
1679381195797,1679381195900
1679381195860,1679381195941
1679381195893,1679381195943
1679381196040,1679381196087
1679381196042,1679381196096
1679381195925,1679381196114
1679381196033,1679381196117
1679381196149,1679381196169
1679381196151,1679381196217
1679381196054,1679381196231
1679381196147,1679381196234
1679381196231,1679381196239
1679381196268,1679381196322
1679381196283,1679381196351
1679381196378,1679381196420
1679381196535,1679381196562
1679381196458,1679381196572
1679381196575,1679381196585
1679381196592,1679381196622
1679381196641,1679381196673
1679381196652,1679381196727
1679381196643,1679381196733
1679381196617,1679381196776
1679381196869,1679381196889
1679381196883,1679381196915
1679381197160,1679381197183
1679381197233,1679381197289
1679381197280,1679381197431
1679381197421,1679381197462
1679381197492,1679381197523
1679381197501,1679381197560
1679381197551,1679381197567
1679381197796,1679381197822
1679381197871,1679381197988
1679381198107,1679381198129
1679381198037,1679381198164
1679381197987,1679381198166
1679381198141,1679381198180
1679381198172,1679381198292
1679381198249,1679381198346
1679381198273,1679381198355
1679381198173,1679381198362
1679381198269,1679381198368
1679381198282,1679381198400
1679381198321,1679381198491
1679381198502,1679381198555
1679381198554,1679381198608
1679381198705,1679381198729
1679381198829,1679381198850
1679381198767,1679381198907
1679381198878,1679381198934
1679381198925,1679381198942
1679381198843,1679381198963
1679381198980,1679381199039
1679381199007,1679381199040
1679381198842,1679381199056
1679381199019,1679381199093
1679381199136,1679381199155
1679381199135,1679381199159
1679381199173,1679381199186
1679381199176,1679381199277
1679381199189,1679381199351
1679381199365,1679381199407
1679381199428,1679381199466
1679381199484,1679381199498
1679381199541,1679381199559
1679381199553,1679381199570
1679381199601,1679381199640
1679381199629,1679381199672
1679381199651,1679381199716
1679381199704,1679381199752
1679381199629,1679381199757
1679381199758,1679381199768
1679381199787,1679381199799
1679381199703,1679381199875
1679381199833,1679381199895
1679381199970,1679381200011
1679381200011,1679381200035
1679381199970,1679381200048
1679381200032,1679381200071
1679381200226,1679381200259
1679381200191,1679381200260
1679381200191,1679381200337
1679381200413,1679381200469
1679381200504,1679381200513
1679381200501,1679381200572
1679381200620,1679381200648
1679381200892,1679381200935
1679381200777,1679381200939
1679381200955,1679381201009
1679381200907,1679381201009
1679381200942,1679381201027
1679381200827,1679381201049
1679381201065,1679381201108
1679381201165,1679381201193
1679381201206,1679381201219
1679381201220,1679381201240
1679381201263,1679381201274
1679381201328,1679381201390
1679381201354,1679381201454
1679381201396,1679381201476
1679381201481,1679381201522
1679381201406,1679381201538
1679381201361,1679381201543
1679381201448,1679381201558
1679381201553,1679381201591
1679381201608,1679381201622
1679381201662,1679381201683
1679381201671,1679381201693
1679381201564,1679381201728
1679381201622,1679381201815
1679381201638,1679381201823
1679381201796,1679381201834
1679381201673,1679381201856
1679381201785,1679381201886
1679381201622,1679381201923
1679381201899,1679381201950
1679381201853,1679381201971
1679381201965,1679381201981
1679381201986,1679381202015
1679381202073,1679381202083
1679381202082,1679381202199
1679381202139,1679381202214
1679381202208,1679381202218
1679381202175,1679381202238
1679381202248,1679381202270
1679381202290,1679381202351
1679381202376,1679381202395
1679381202376,1679381202468
1679381202328,1679381202498
1679381202488,1679381202547
1679381202609,1679381202637
1679381202610,1679381202670
1679381202705,1679381202779
1679381202779,1679381202873
1679381202847,1679381202904
1679381203162,1679381203182
1679381203159,1679381203216
1679381203101,1679381203283
1679381203273,1679381203290
1679381203301,1679381203379
1679381203295,1679381203409
1679381203422,1679381203432
1679381203307,1679381203508
1679381203487,1679381203514
1679381203579,1679381203670
1679381203515,1679381203681
1679381203665,1679381203744
1679381203831,1679381203842
1679381203904,1679381203976
1679381203854,1679381203979
1679381203988,1679381204012
1679381204003,1679381204021
1679381204080,1679381204104
1679381204419,1679381204431
1679381204261,1679381204574
1679381204578,1679381204591
1679381204542,1679381204591
1679381204537,1679381204611
1679381204598,1679381204633
1679381204650,1679381204709
1679381204850,1679381204871
1679381204815,1679381204909
1679381204823,1679381204917
1679381205039,1679381205108
1679381204966,1679381205111
1679381205195,1679381205208
1679381205407,1679381205481
1679381205463,1679381205498
1679381205491,1679381205556
1679381205519,1679381205609
1679381205615,1679381205638
1679381205530,1679381205639
1679381206024,1679381206042
1679381205895,1679381206062
1679381206065,1679381206090
1679381205991,1679381206091
1679381206052,1679381206135
1679381206090,1679381206141
1679381206115,1679381206149
1679381206311,1679381206378
1679381206426,1679381206466
1679381206547,1679381206565
1679381206575,1679381206597
1679381206732,1679381206790
1679381206763,1679381206810
1679381206773,1679381206826
1679381206815,1679381206829
1679381206871,1679381206911
1679381206884,1679381206912
1679381206824,1679381206959
1679381207047,1679381207078
1679381207080,1679381207148
1679381207059,1679381207186
1679381207177,1679381207224
1679381207172,1679381207267
1679381207141,1679381207272
1679381206954,1679381207304
1679381207152,1679381207315
1679381207298,1679381207360
1679381207374,1679381207416
1679381206954,1679381207535
1679381207426,1679381207551
1679381207610,1679381207626
1679381207507,1679381207629
1679381207638,1679381207651
1679381207669,1679381207702
1679381207659,1679381207708
1679381207705,1679381207726
1679381207660,1679381207759
1679381207751,1679381207761
1679381207771,1679381207785
1679381207777,1679381207795
1679381207816,1679381207845
1679381207847,1679381207903
1679381207890,1679381207932
1679381207912,1679381207965
1679381207904,1679381207969
1679381207909,1679381207979
1679381207992,1679381208048
1679381208048,1679381208088
1679381208186,1679381208209
1679381208166,1679381208277
1679381208217,1679381208306
1679381208337,1679381208368
1679381208236,1679381208426
1679381208405,1679381208438
1679381208601,1679381208645
1679381208772,1679381208801
1679381209107,1679381209130
1679381209231,1679381209253
1679381209467,1679381209513
1679381209785,1679381209839
1679381209805,1679381209855
1679381209773,1679381209919
1679381210106,1679381210133
1679381210123,1679381210198
1679381210295,1679381210337
1679381210464,1679381210490
1679381210624,1679381210640
1679381210666,1679381210680
1679381210895,1679381210961
1679381210995,1679381211131
1679381211330,1679381211385
1679381211278,1679381211502
1679381211616,1679381211629
1679381211727,1679381211748
1679381211678,1679381211830
1679381211759,1679381211846
1679381211854,1679381211922
1679381211893,1679381211947
1679381211996,1679381212097
1679381212581,1679381212610
1679381212607,1679381212646
1679381212685,1679381212729
1679381212840,1679381212881
1679381212871,1679381212907
1679381212967,1679381212981
1679381213312,1679381213340
1679381213392,1679381213502
1679381213373,1679381213527
1679381213666,1679381213681
1679381214022,1679381214060
1679381214081,1679381214152
1679381214159,1679381214206
1679381214346,1679381214354
1679381214325,1679381214390
1679381214476,1679381214509
1679381214548,1679381214668
1679381215196,1679381215234
1679381215030,1679381215235
1679381215365,1679381215400
1679381215517,1679381215530
1679381215572,1679381215642
1679381215621,1679381215661
1679381215708,1679381215720
1679381215681,1679381215736
1679381215776,1679381215890
1679381216141,1679381216154
1679381216556,1679381216638
1679381216652,1679381216698
1679381216722,1679381216744
1679381217045,1679381217059
1679381217173,1679381217182
1679381217224,1679381217259
1679381217120,1679381217268
1679381217381,1679381217428
1679381217469,1679381217519
1679381217441,1679381217676
1679381217931,1679381217943
1679381217997,1679381218169
1679381218291,1679381218372
1679381218349,1679381218384
1679381218337,1679381218456
1679381218508,1679381218572
1679381218565,1679381218621
1679381218696,1679381218746
1679381218892,1679381218956
1679381219005,1679381219037
1679381219039,1679381219061
1679381219025,1679381219069
1679381219050,1679381219103
1679381219067,1679381219145
1679381219041,1679381219238
1679381219114,1679381219277
1679381219099,1679381219278
1679381219027,1679381219344
1679381219124,1679381219348
1679381219112,1679381219358
1679381219073,1679381219358
1679381219059,1679381219368
1679381219343,1679381219378
1679381219084,1679381219378
1679381219082,1679381219389
1679381219088,1679381219398
1679381219102,1679381219445
1679381219076,1679381219479
1679381219068,1679381219540
1679381219066,1679381219598
1679381219058,1679381219611
1679381219631,1679381219650
1679381219059,1679381219653
1679381219123,1679381219666
1679381219626,1679381219670
1679381219091,1679381219706
1679381219045,1679381219715
1679381219039,1679381219757
1679381219744,1679381219760
1679381219086,1679381219760
1679381219782,1679381219794
1679381219964,1679381220029
1679381220071,1679381220095
1679381220122,1679381220187
1679381220668,1679381220727
1679381220860,1679381220879
1679381220951,1679381220994
1679381221131,1679381221144
1679381221353,1679381221364
1679381221431,1679381221461
1679381221598,1679381221619
1679381221660,1679381221705
1679381221720,1679381221784
1679381221813,1679381221826
1679381221772,1679381221833
1679381221772,1679381221839
1679381221859,1679381221925
1679381221988,1679381222001
1679381222037,1679381222140
1679381222077,1679381222142
1679381222016,1679381222177
1679381222141,1679381222300
1679381222324,1679381222333
1679381222153,1679381222334
1679381222258,1679381222346
1679381222345,1679381222351
1679381222184,1679381222357
1679381222222,1679381222415
1679381222425,1679381222446
1679381222471,1679381222507
1679381222591,1679381222613
1679381222552,1679381222631
1679381222647,1679381222696
1679381222620,1679381222700
1679381222559,1679381222709
1679381222807,1679381222842
1679381222765,1679381222884
1679381222890,1679381222913
1679381222814,1679381222998
1679381223024,1679381223085
1679381223040,1679381223148
1679381223162,1679381223187
1679381223178,1679381223243
1679381223185,1679381223259
1679381223269,1679381223381
1679381223382,1679381223455
1679381223393,1679381223508
1679381223513,1679381223531
1679381223387,1679381223546
1679381223393,1679381223555
1679381223533,1679381223557
1679381223537,1679381223583
1679381223619,1679381223641
1679381223702,1679381223714
1679381223516,1679381223733
1679381223771,1679381223806
1679381223753,1679381223849
1679381223849,1679381223897
1679381223785,1679381223925
1679381223959,1679381224005
1679381223844,1679381224015
1679381223976,1679381224077
1679381223995,1679381224080
1679381224086,1679381224097
1679381224098,1679381224179
1679381224146,1679381224197
1679381224019,1679381224203
1679381224299,1679381224315
1679381224325,1679381224449
1679381224535,1679381224591
1679381224544,1679381224632
1679381224720,1679381224734
1679381224721,1679381224790
1679381224766,1679381224841
1679381224720,1679381224848
1679381224834,1679381224918
1679381224671,1679381224937
1679381224738,1679381224953
1679381224870,1679381224958
1679381225049,1679381225100
1679381225110,1679381225222
1679381225210,1679381225246
1679381225305,1679381225338
1679381225337,1679381225390
1679381225453,1679381225462
1679381225453,1679381225476
1679381225432,1679381225548
1679381225537,1679381225595
1679381225549,1679381225694
1679381225662,1679381225697
1679381225680,1679381225777
1679381225773,1679381225783
1679381225693,1679381225802
1679381225788,1679381225816
1679381225785,1679381225826
1679381225833,1679381225871
1679381225873,1679381225968
1679381226048,1679381226056
1679381226049,1679381226077
1679381226007,1679381226108
1679381225964,1679381226120
1679381225907,1679381226132
1679381226142,1679381226173
1679381226173,1679381226178
1679381226125,1679381226196
1679381226188,1679381226251
1679381226285,1679381226321
1679381226314,1679381226357
1679381226374,1679381226459
1679381226511,1679381226520
1679381226571,1679381226655
1679381226722,1679381226791
1679381226930,1679381226955
1679381226879,1679381226970
1679381226956,1679381226989
1679381226915,1679381226995
1679381227112,1679381227119
1679381227120,1679381227154
1679381227165,1679381227179
1679381227148,1679381227197
1679381227265,1679381227286
1679381227331,1679381227354
1679381227251,1679381227427
1679381227459,1679381227478
1679381227613,1679381227625
1679381227651,1679381227771
1679381227735,1679381227832
1679381227917,1679381227940
1679381227893,1679381227978
1679381227926,1679381228048
1679381228090,1679381228132
1679381228110,1679381228155
1679381228210,1679381228258
1679381228210,1679381228270
1679381228216,1679381228289
1679381228262,1679381228318
1679381228311,1679381228328
1679381228258,1679381228330
1679381228334,1679381228375
1679381228356,1679381228378
1679381228430,1679381228447
1679381228607,1679381228635
1679381228593,1679381228698
1679381228715,1679381228736
1679381228753,1679381228780
1679381228801,1679381228833
1679381228817,1679381228862
1679381229030,1679381229078
1679381229147,1679381229165
1679381229544,1679381229624
1679381229543,1679381229667
1679381229606,1679381229680
1679381229741,1679381229755
1679381229758,1679381229818
1679381230050,1679381230142
1679381230130,1679381230186
1679381230260,1679381230346
1679381230264,1679381230398
1679381230590,1679381230608
1679381230929,1679381230947
1679381230869,1679381231003
1679381230961,1679381231003
1679381231118,1679381231184
1679381231233,1679381231346
1679381231353,1679381231374
1679381231506,1679381231529
1679381231733,1679381231776
1679381232034,1679381232059
1679381232093,1679381232139
1679381232112,1679381232146
1679381232248,1679381232319
1679381232398,1679381232433
1679381232502,1679381232553
1679381232685,1679381232705
1679381232677,1679381232752
1679381232673,1679381232756
1679381232760,1679381232800
1679381233165,1679381233184
1679381233316,1679381233336
1679381233321,1679381233354
1679381233485,1679381233530
1679381233530,1679381233555
1679381233556,1679381233575
1679381233669,1679381233756
1679381233728,1679381233872
1679381233852,1679381233885
1679381233804,1679381233925
1679381233942,1679381233974
1679381234138,1679381234159
1679381234570,1679381234608
1679381234466,1679381234624
1679381234666,1679381234690
1679381234646,1679381234729
1679381234806,1679381234883
1679381234831,1679381234955
1679381234962,1679381234977
1679381234973,1679381235029
1679381235070,1679381235128
1679381235145,1679381235181
1679381235343,1679381235439
1679381235690,1679381235713
1679381235663,1679381235791
1679381235823,1679381235841
1679381235846,1679381235883
1679381236090,1679381236116
1679381236185,1679381236212
1679381236322,1679381236330
1679381236507,1679381236574
1679381236646,1679381236728
1679381236750,1679381236771
1679381236766,1679381236790
1679381236897,1679381236946
1679381236995,1679381237015
1679381237190,1679381237268
1679381237076,1679381237283
1679381237024,1679381237300
1679381237419,1679381237459
1679381237575,1679381237597
1679381237819,1679381237831
1679381237914,1679381237935
1679381237970,1679381238009
1679381237942,1679381238073
1679381237994,1679381238110
1679381238260,1679381238280
1679381238675,1679381238688
1679381238844,1679381238877
1679381238919,1679381238934
1679381238954,1679381238967
1679381239147,1679381239155
1679381239140,1679381239174
1679381239202,1679381239216
1679381239204,1679381239278
1679381239269,1679381239290
1679381239405,1679381239416
1679381239408,1679381239416
1679381239400,1679381239427
1679381239414,1679381239435
1679381239407,1679381239440
1679381239411,1679381239493
1679381239462,1679381239500
1679381239499,1679381239503
1679381239461,1679381239508
1679381239412,1679381239514
1679381239510,1679381239523
1679381239514,1679381239586
1679381239451,1679381239587
1679381239533,1679381239593
1679381239527,1679381239602
1679381239510,1679381239618
1679381239439,1679381239628
1679381239393,1679381239704
1679381239457,1679381239727
1679381239484,1679381239778
1679381239440,1679381239842
1679381239497,1679381239843
1679381239433,1679381239887
1679381239487,1679381239890
1679381239548,1679381239896
1679381239424,1679381239983
1679381239552,1679381239997
1679381239472,1679381240046
1679381239548,1679381240065
1679381239480,1679381240068
1679381239475,1679381240080
1679381239554,1679381240152
1679381239552,1679381240180
1679381239472,1679381240188
1679381239503,1679381240286
1679381239532,1679381240301
1679381239540,1679381240334
1679381239522,1679381240386
1679381239522,1679381240387
1679381239562,1679381240454
1679381239428,1679381240479
1679381239479,1679381240492
1679381239443,1679381240504
1679381239483,1679381240531
1679381240270,1679381240569
1679381239548,1679381240592
1679381239489,1679381240613
1679381240618,1679381240668
1679381239473,1679381240678
1679381239523,1679381240709
1679381240687,1679381240747
1679381239430,1679381240783
1679381240744,1679381240796
1679381240595,1679381240844
1679381240799,1679381240912
1679381240763,1679381240933
1679381241032,1679381241102
1679381241099,1679381241108
1679381241043,1679381241201
1679381241228,1679381241238
1679381241359,1679381241378
1679381241339,1679381241432
1679381241451,1679381241500
1679381241607,1679381241695
1679381241745,1679381241788
1679381241799,1679381241875
1679381241829,1679381241887
1679381241829,1679381241893
1679381241920,1679381241944
1679381241990,1679381242022
1679381242162,1679381242185
1679381242195,1679381242249
1679381242266,1679381242427
1679381242415,1679381242437
1679381242389,1679381242487
1679381242516,1679381242534
1679381242455,1679381242557
1679381242563,1679381242602
1679381242626,1679381242635
1679381242699,1679381242718
1679381242735,1679381242764
1679381242764,1679381242784
1679381242872,1679381242889
1679381242798,1679381242930
1679381243034,1679381243063
1679381243072,1679381243101
1679381243107,1679381243230
1679381243144,1679381243249
1679381243147,1679381243295
1679381243271,1679381243299
1679381243307,1679381243347
1679381243366,1679381243398
1679381243375,1679381243409
1679381243395,1679381243489
1679381243492,1679381243527
1679381243717,1679381243737
1679381243727,1679381243786
1679381243669,1679381243795
1679381243654,1679381243797
1679381243632,1679381243820
1679381243612,1679381243825
1679381243619,1679381243838
1679381243567,1679381243846
1679381244035,1679381244101
1679381244069,1679381244148
1679381244052,1679381244153
1679381244132,1679381244168
1679381244158,1679381244198
1679381244175,1679381244213
1679381244206,1679381244217
1679381244269,1679381244308
1679381244404,1679381244416
1679381244363,1679381244441
1679381244422,1679381244501
1679381244698,1679381244743
1679381244652,1679381244763
1679381244679,1679381244768
1679381244759,1679381244768
1679381244830,1679381244847
1679381244831,1679381244864
1679381244901,1679381244938
1679381244933,1679381244942
1679381244827,1679381244981
1679381244976,1679381244982
1679381245035,1679381245064
1679381245033,1679381245067
1679381245160,1679381245204
1679381245198,1679381245238
1679381245159,1679381245277
1679381245262,1679381245290
1679381245187,1679381245368
1679381245372,1679381245409
1679381245348,1679381245438
1679381245397,1679381245455
1679381245339,1679381245468
1679381245454,1679381245476
1679381245483,1679381245498
1679381245513,1679381245540
1679381245793,1679381245861
1679381245833,1679381245865
1679381245916,1679381245962
1679381245873,1679381245973
1679381246014,1679381246041
1679381245979,1679381246051
1679381246186,1679381246195
1679381246208,1679381246264
1679381246309,1679381246325
1679381246258,1679381246358
1679381246289,1679381246363
1679381246369,1679381246423
1679381246432,1679381246440
1679381246401,1679381246441
1679381246468,1679381246541
1679381246554,1679381246569
1679381246485,1679381246610
1679381246488,1679381246648
1679381246502,1679381246677
1679381246661,1679381246681
1679381246684,1679381246782
1679381246797,1679381246812
1679381246764,1679381246831
1679381246829,1679381246840
1679381246846,1679381246864
1679381246721,1679381246932
1679381246805,1679381246943
1679381246802,1679381247037
1679381247002,1679381247046
1679381246925,1679381247060
1679381246836,1679381247085
1679381247039,1679381247093
1679381247060,1679381247164
1679381247129,1679381247212
1679381247193,1679381247213
1679381247236,1679381247242
1679381247240,1679381247252
1679381247221,1679381247252
1679381247362,1679381247398
1679381247347,1679381247426
1679381247367,1679381247458
1679381247294,1679381247482
1679381247486,1679381247502
1679381247462,1679381247519
1679381247478,1679381247525
1679381247492,1679381247537
1679381247548,1679381247562
1679381247618,1679381247631
1679381247632,1679381247690
1679381247692,1679381247738
1679381247775,1679381247799
1679381247807,1679381247815
1679381247826,1679381247848
1679381247805,1679381247853
1679381248021,1679381248044
1679381248118,1679381248154
1679381248120,1679381248196
1679381248229,1679381248266
1679381248396,1679381248456
1679381248427,1679381248511
1679381248437,1679381248528
1679381248403,1679381248566
1679381248634,1679381248659
1679381248612,1679381248676
1679381248716,1679381248722
1679381248797,1679381248809
1679381248796,1679381248855
1679381248834,1679381248864
1679381248906,1679381248922
1679381248981,1679381249093
1679381249103,1679381249127
1679381249274,1679381249285
1679381249380,1679381249401
1679381249318,1679381249414
1679381249375,1679381249469
1679381249445,1679381249579
1679381249657,1679381249678
1679381250061,1679381250160
1679381250192,1679381250216
1679381250161,1679381250218
1679381250213,1679381250235
1679381250316,1679381250326
1679381250374,1679381250509
1679381250497,1679381250554
1679381250416,1679381250735
1679381250567,1679381250833
1679381250682,1679381250843
1679381250637,1679381250861
1679381250590,1679381250925
1679381250852,1679381250989
1679381250935,1679381250997
1679381250852,1679381251004
1679381250999,1679381251008
1679381250982,1679381251016
1679381251050,1679381251058
1679381251098,1679381251109
1679381251108,1679381251183
1679381251217,1679381251284
1679381251184,1679381251292
1679381251225,1679381251302
1679381251187,1679381251407
1679381251426,1679381251444
1679381251328,1679381251480
1679381251398,1679381251486
1679381251490,1679381251523
1679381251542,1679381251548
1679381251473,1679381251607
1679381251690,1679381251700
1679381251690,1679381251717
1679381251677,1679381251762
1679381251810,1679381251829
1679381251880,1679381251974
1679381251923,1679381251990
1679381252119,1679381252145
1679381252077,1679381252157
1679381252424,1679381252435
1679381252565,1679381252593
1679381252615,1679381252652
1679381252677,1679381252746
1679381252661,1679381252773
1679381252794,1679381252805
1679381252716,1679381252814
1679381252918,1679381252934
1679381252930,1679381252939
1679381252928,1679381252946
1679381252877,1679381252958
1679381252983,1679381253059
1679381252994,1679381253076
1679381253020,1679381253110
1679381253004,1679381253122
1679381253165,1679381253247
1679381253277,1679381253308
1679381253389,1679381253468
1679381253557,1679381253563
1679381253562,1679381253614
1679381253661,1679381253713
1679381253584,1679381253723
1679381253809,1679381253847
1679381253943,1679381254005
1679381254008,1679381254041
1679381253937,1679381254058
1679381253845,1679381254078
1679381254200,1679381254261
1679381254157,1679381254291
1679381254293,1679381254401
1679381254556,1679381254568
1679381254681,1679381254701
1679381254708,1679381254816
1679381254764,1679381254895
1679381254812,1679381254955
1679381254928,1679381254991
1679381255085,1679381255099
1679381255096,1679381255105
1679381255295,1679381255310
1679381255181,1679381255329
1679381255284,1679381255331
1679381255252,1679381255341
1679381255332,1679381255350
1679381255173,1679381255361
1679381255205,1679381255517
1679381255450,1679381255590
1679381255608,1679381255622
1679381255556,1679381255673
1679381255656,1679381255691
1679381255697,1679381255709
1679381255666,1679381255747
1679381255783,1679381255797
1679381255776,1679381255929
1679381255937,1679381256008
1679381255961,1679381256011
1679381255967,1679381256026
1679381256095,1679381256170
1679381256196,1679381256219
1679381256196,1679381256253
1679381256203,1679381256282
1679381256365,1679381256396
1679381256345,1679381256405
1679381256304,1679381256423
1679381256427,1679381256437
1679381256513,1679381256541
1679381256745,1679381256752
1679381256805,1679381256819
1679381256805,1679381256857
1679381256877,1679381256883
1679381257042,1679381257124
1679381257165,1679381257244
1679381257224,1679381257307
1679381257308,1679381257320
1679381257284,1679381257338
1679381257303,1679381257360
1679381257368,1679381257415
1679381257456,1679381257472
1679381257442,1679381257502
1679381257483,1679381257592
1679381257508,1679381257600
1679381257638,1679381257705
1679381257554,1679381257730
1679381257636,1679381257754
1679381257625,1679381257762
1679381257752,1679381257796
1679381257796,1679381257803
1679381257837,1679381257845
1679381257466,1679381257852
1679381257809,1679381257870
1679381257896,1679381257917
1679381257973,1679381257994
1679381258214,1679381258258
1679381258250,1679381258286
1679381258301,1679381258330
1679381258450,1679381258456
1679381258477,1679381258488
1679381258485,1679381258505
1679381258545,1679381258564
1679381258577,1679381258596
1679381258709,1679381258758
1679381258869,1679381258898
1679381258946,1679381259024
1679381259021,1679381259110
1679381259024,1679381259122
1679381259077,1679381259149
1679381258948,1679381259259
1679381259154,1679381259264
1679381259168,1679381259279
1679381259296,1679381259311
1679381259276,1679381259393
1679381259442,1679381259543
1679381259618,1679381259683
1679381259814,1679381259855
1679381259866,1679381259882
1679381259921,1679381259964
1679381259914,1679381259971
1679381260061,1679381260097
1679381260146,1679381260188
1679381260214,1679381260256
1679381260310,1679381260359
1679381260509,1679381260545
1679381260582,1679381260612
1679381260768,1679381260812
1679381260429,1679381260871
1679381261038,1679381261045
1679381261186,1679381261223
1679381261219,1679381261243
1679381261241,1679381261312
1679381261408,1679381261434
1679381261334,1679381261463
1679381261613,1679381261638
1679381261714,1679381261737
1679381261548,1679381261760
1679381261912,1679381261945
1679381261945,1679381261962
1679381261959,1679381261965
1679381262052,1679381262129
1679381262159,1679381262169
1679381262255,1679381262272
1679381262208,1679381262317
1679381262359,1679381262428
1679381262658,1679381262683
1679381262727,1679381262801
1679381262831,1679381262880
1679381262940,1679381262990
1679381263039,1679381263131
1679381263231,1679381263267
1679381263419,1679381263437
1679381263363,1679381263481
1679381263403,1679381263506
1679381263515,1679381263570
1679381263656,1679381263681
1679381263668,1679381263746
1679381263868,1679381263913
1679381263927,1679381263940
1679381264059,1679381264070
1679381264147,1679381264183
1679381264290,1679381264340
1679381264463,1679381264477
1679381264280,1679381264497
1679381264526,1679381264616
1679381264754,1679381264847
1679381264828,1679381264854
1679381264859,1679381264893
1679381264667,1679381264896
1679381264912,1679381264953
1679381265138,1679381265169
1679381265195,1679381265226
1679381265386,1679381265404
1679381265471,1679381265495
1679381265543,1679381265653
1679381265667,1679381265677
1679381265634,1679381265678
1679381265699,1679381265753
1679381265715,1679381265763
1679381265762,1679381265790
1679381266078,1679381266090
1679381266078,1679381266161
1679381266160,1679381266217
1679381266418,1679381266489
1679381266831,1679381266843
1679381266906,1679381266914
1679381266911,1679381266948
1679381266842,1679381266970
1679381266994,1679381267010
1679381267033,1679381267054
1679381266877,1679381267096
1679381267055,1679381267103
1679381267064,1679381267138
1679381267082,1679381267159
1679381267182,1679381267189
1679381267067,1679381267265
1679381267210,1679381267435
1679381267532,1679381267553
1679381267715,1679381267802
1679381267994,1679381268026
1679381267987,1679381268054
1679381268081,1679381268130
1679381268167,1679381268191
1679381268182,1679381268295
1679381268205,1679381268328
1679381268149,1679381268400
1679381268168,1679381268411
1679381268350,1679381268421
1679381268737,1679381268765
1679381268710,1679381268772
1679381268812,1679381268886
1679381268758,1679381269052
1679381268999,1679381269063
1679381269082,1679381269087
1679381269152,1679381269169
1679381269205,1679381269247
1679381269109,1679381269347
1679381269422,1679381269478
1679381269541,1679381269565
1679381269490,1679381269618
1679381269591,1679381269689
1679381269892,1679381269936
1679381270012,1679381270021
1679381270015,1679381270054
1679381270032,1679381270103
1679381270021,1679381270139
1679381270037,1679381270155
1679381270146,1679381270166
1679381270034,1679381270186
1679381270021,1679381270219
1679381270037,1679381270272
1679381270269,1679381270277
1679381270026,1679381270288
1679381269930,1679381270360
1679381270346,1679381270447
1679381270494,1679381270590
1679381270534,1679381270678
1679381270609,1679381270700
1679381270649,1679381270700
1679381270609,1679381270758
1679381270763,1679381270772
1679381270767,1679381270773
1679381270926,1679381270934
1679381270922,1679381270958
1679381271383,1679381271409
1679381271393,1679381271458
1679381271294,1679381271522
1679381271539,1679381271562
1679381271594,1679381271634
1679381271638,1679381271654
1679381271691,1679381271720
1679381271739,1679381271803
1679381271836,1679381271868
1679381272004,1679381272019
1679381272022,1679381272036
1679381272074,1679381272092
1679381272130,1679381272171
1679381272189,1679381272203
1679381272155,1679381272224
1679381272229,1679381272270
1679381272293,1679381272303
1679381272271,1679381272310
1679381272359,1679381272413
1679381272392,1679381272414
1679381272475,1679381272525
1679381272548,1679381272601
1679381272575,1679381272612
1679381272583,1679381272628
1679381272611,1679381272657
1679381272711,1679381272758
1679381272750,1679381272781
1679381272795,1679381272832
1679381272914,1679381272949
1679381273021,1679381273058
1679381272881,1679381273080
1679381273022,1679381273080
1679381273177,1679381273210
1679381273248,1679381273270
1679381273247,1679381273287
1679381273270,1679381273294
1679381273310,1679381273320
1679381273323,1679381273379
1679381273636,1679381273652
1679381273795,1679381273829
1679381273847,1679381273860
1679381273818,1679381273946
1679381273916,1679381273952
1679381273917,1679381273962
1679381273894,1679381273988
1679381274062,1679381274105
1679381274156,1679381274163
1679381274212,1679381274248
1679381274122,1679381274326
1679381274427,1679381274444
1679381274404,1679381274473
1679381274430,1679381274483
1679381274559,1679381274569
1679381274573,1679381274601
1679381274614,1679381274643
1679381274650,1679381274683
1679381274711,1679381274728
1679381274738,1679381274772
1679381274733,1679381274807
1679381274654,1679381274816
1679381274932,1679381274968
1679381274906,1679381274987
1679381274884,1679381275011
1679381274988,1679381275021
1679381275156,1679381275184
1679381275203,1679381275231
1679381275218,1679381275294
1679381275353,1679381275431
1679381275550,1679381275585
1679381275568,1679381275605
1679381275695,1679381275728
1679381275635,1679381275743
1679381275722,1679381275747
1679381275713,1679381275899
1679381275945,1679381275961
1679381275943,1679381275981
1679381275926,1679381275993
1679381275968,1679381275994
1679381276085,1679381276128
1679381276117,1679381276152
1679381276256,1679381276282
1679381276255,1679381276294
1679381276280,1679381276313
1679381276433,1679381276449
1679381276430,1679381276452
1679381276524,1679381276532
1679381276576,1679381276589
1679381276716,1679381276726
1679381276945,1679381276997
1679381276915,1679381277004
1679381276929,1679381277017
1679381277028,1679381277046
1679381277106,1679381277134
1679381277138,1679381277165
1679381277182,1679381277215
1679381277185,1679381277265
1679381277239,1679381277344
1679381277346,1679381277372
1679381277354,1679381277421
1679381277406,1679381277517
1679381277550,1679381277560
1679381277550,1679381277591
1679381277605,1679381277620
1679381277647,1679381277709
1679381277708,1679381277765
1679381277690,1679381277774
1679381277881,1679381277891
1679381277964,1679381277976
1679381278129,1679381278145
1679381278171,1679381278202
1679381278194,1679381278258
1679381278143,1679381278278
1679381278232,1679381278286
1679381278287,1679381278340
1679381278282,1679381278379
1679381278278,1679381278469
1679381278410,1679381278481
1679381278409,1679381278486
1679381278565,1679381278587
1679381278648,1679381278656
1679381278658,1679381278693
1679381278700,1679381278709
1679381278769,1679381278847
1679381278816,1679381278899
1679381279035,1679381279047
1679381278975,1679381279067
1679381279103,1679381279157
1679381279200,1679381279221
1679381279279,1679381279385
1679381279421,1679381279440
1679381279441,1679381279472
1679381279464,1679381279553
1679381279573,1679381279594
1679381279715,1679381279756
1679381279787,1679381279824
1679381279844,1679381279892
1679381279806,1679381279902
1679381279974,1679381279995
1679381279872,1679381279997
1679381279917,1679381280013
1679381279865,1679381280024
1679381280004,1679381280096
1679381280105,1679381280129
1679381280089,1679381280135
1679381280134,1679381280143
1679381280109,1679381280150
1679381280056,1679381280156
1679381280112,1679381280156
1679381280150,1679381280165
1679381280081,1679381280179
1679381280164,1679381280193
1679381280190,1679381280219
1679381280096,1679381280233
1679381280206,1679381280287
1679381280118,1679381280295
1679381280155,1679381280302
1679381280205,1679381280304
1679381280151,1679381280308
1679381280140,1679381280317
1679381280173,1679381280331
1679381280292,1679381280338
1679381280177,1679381280356
1679381280122,1679381280469
1679381280199,1679381280480
1679381280184,1679381280481
1679381280205,1679381280499
1679381280093,1679381280565
1679381280167,1679381280597
1679381280135,1679381280601
1679381280540,1679381280605
1679381280519,1679381280608
1679381280122,1679381280618
1679381280716,1679381280798
1679381280140,1679381280850
1679381280328,1679381280852
1679381280132,1679381280862
1679381280186,1679381280862
1679381280145,1679381280893
1679381280610,1679381280896
1679381280805,1679381280902
1679381280851,1679381280988
1679381280743,1679381280994
1679381280178,1679381281013
1679381280700,1679381281032
1679381280892,1679381281076
1679381280832,1679381281108
1679381280907,1679381281153
1679381280211,1679381281166
1679381281337,1679381281366
1679381281412,1679381281426
1679381281307,1679381281430
1679381281451,1679381281457
1679381281668,1679381281713
1679381281691,1679381281762
1679381282048,1679381282095
1679381282131,1679381282144
1679381282183,1679381282256
1679381282219,1679381282264
1679381282100,1679381282273
1679381282243,1679381282290
1679381282379,1679381282442
1679381282573,1679381282618
1679381282660,1679381282674
1679381282707,1679381282813
1679381282580,1679381282827
1679381282764,1679381282845
1679381282698,1679381282857
1679381282911,1679381282933
1679381282907,1679381282956
1679381283034,1679381283083
1679381283008,1679381283119
1679381283069,1679381283249
1679381282980,1679381283333
1679381283348,1679381283412
1679381283399,1679381283424
1679381283402,1679381283473
1679381283395,1679381283533
1679381283395,1679381283539
1679381283403,1679381283624
1679381283490,1679381283643
1679381283579,1679381283648
1679381283596,1679381283651
1679381283363,1679381283658
1679381283520,1679381283659
1679381283556,1679381283672
1679381283483,1679381283714
1679381283639,1679381283762
1679381283781,1679381283789
1679381283789,1679381283813
1679381283788,1679381283833
1679381283807,1679381283873
1679381283837,1679381283888
1679381283828,1679381283905
1679381283928,1679381283946
1679381283963,1679381283984
1679381284045,1679381284056
1679381284069,1679381284117
1679381284133,1679381284146
1679381284025,1679381284210
1679381284277,1679381284312
1679381284517,1679381284522
1679381284538,1679381284543
1679381284375,1679381284550
1679381284654,1679381284671
1679381284695,1679381284770
1679381284684,1679381284807
1679381284645,1679381284828
1679381284780,1679381284841
1679381284878,1679381284913
1679381284989,1679381284999
1679381284999,1679381285019
1679381284884,1679381285051
1679381285164,1679381285181
1679381285178,1679381285193
1679381285192,1679381285232
1679381285285,1679381285328
1679381285300,1679381285386
1679381285432,1679381285463
1679381285428,1679381285463
1679381285444,1679381285580
1679381285532,1679381285585
1679381285562,1679381285594
1679381285584,1679381285612
1679381285549,1679381285652
1679381285831,1679381285848
1679381285885,1679381286073
1679381286065,1679381286106
1679381286172,1679381286182
1679381286225,1679381286276
1679381286300,1679381286415
1679381286360,1679381286416
1679381286441,1679381286458
1679381286506,1679381286558
1679381286556,1679381286595
1679381286515,1679381286613
1679381286547,1679381286652
1679381286621,1679381286660
1679381286653,1679381286660
1679381286468,1679381286686
1679381286616,1679381286693
1679381286583,1679381286698
1679381286658,1679381286718
1679381286745,1679381286766
1679381286707,1679381286773
1679381286804,1679381286825
1679381286832,1679381286859
1679381286880,1679381286902
1679381286832,1679381286925
1679381286941,1679381286959
1679381287014,1679381287028
1679381287031,1679381287062
1679381287028,1679381287072
1679381287209,1679381287226
1679381287186,1679381287245
1679381287273,1679381287295
1679381287340,1679381287428
1679381287470,1679381287503
1679381287480,1679381287514
1679381287470,1679381287516
1679381287500,1679381287528
1679381287534,1679381287542
1679381287508,1679381287543
1679381287629,1679381287655
1679381287648,1679381287658
1679381287676,1679381287708
1679381287788,1679381287799
1679381287810,1679381287872
1679381287757,1679381287914
1679381287929,1679381287945
1679381287964,1679381287970
1679381287893,1679381288001
1679381287879,1679381288020
1679381287996,1679381288092
1679381288106,1679381288129
1679381287872,1679381288165
1679381288180,1679381288221
1679381288300,1679381288307
1679381288598,1679381288616
1679381288590,1679381288677
1679381288526,1679381288690
1679381288670,1679381288804
1679381288698,1679381288957
1679381288937,1679381288975
1679381289022,1679381289038
1679381288955,1679381289045
1679381289038,1679381289091
1679381289066,1679381289111
1679381288862,1679381289112
1679381288848,1679381289118
1679381289212,1679381289222
1679381289285,1679381289296
1679381289300,1679381289381
1679381289417,1679381289460
1679381289415,1679381289467
1679381289494,1679381289548
1679381289460,1679381289605
1679381289793,1679381289816
1679381289940,1679381289955
1679381290162,1679381290213
1679381290089,1679381290235
1679381290376,1679381290400
1679381290566,1679381290636
1679381290883,1679381290936
1679381290919,1679381290937
1679381290963,1679381290978
1679381290962,1679381290989
1679381290883,1679381290992
1679381291032,1679381291076
1679381291129,1679381291160
1679381291090,1679381291180
1679381291181,1679381291196
1679381291142,1679381291237
1679381291216,1679381291239
1679381291197,1679381291243
1679381291242,1679381291249
1679381291123,1679381291305
1679381291346,1679381291421
1679381291416,1679381291453
1679381291516,1679381291521
1679381291469,1679381291575
1679381291605,1679381291630
1679381291571,1679381291653
1679381291786,1679381291804
1679381291676,1679381291867
1679381291863,1679381291944
1679381292164,1679381292206
1679381292273,1679381292281
1679381292296,1679381292346
1679381292557,1679381292567
1679381292580,1679381292716
1679381292729,1679381292772
1679381292864,1679381292906
1679381292885,1679381292934
1679381292864,1679381292947
1679381293029,1679381293044
1679381292937,1679381293048
1679381293101,1679381293131
1679381293150,1679381293227
1679381293241,1679381293275
1679381293242,1679381293385
1679381293394,1679381293408
1679381293541,1679381293603
1679381293632,1679381293638
1679381293577,1679381293640
1679381293648,1679381293658
1679381293813,1679381293820
1679381293944,1679381293962
1679381293992,1679381294035
1679381294061,1679381294096
1679381294254,1679381294311
1679381294225,1679381294329
1679381294461,1679381294493
1679381294377,1679381294533
1679381294505,1679381294560
1679381294620,1679381294638
1679381294461,1679381294654
1679381294664,1679381294778
1679381294549,1679381294788
1679381294711,1679381294834
1679381294768,1679381294843
1679381294704,1679381294876
1679381294984,1679381294995
1679381294986,1679381295056
1679381294956,1679381295067
1679381295093,1679381295151
1679381295304,1679381295316
1679381295332,1679381295337
1679381295332,1679381295408
1679381295525,1679381295549
1679381295536,1679381295569
1679381295733,1679381295740
1679381295738,1679381295768
1679381295759,1679381295792
1679381295965,1679381295991
1679381295987,1679381296014
1679381296019,1679381296077
1679381296080,1679381296134
1679381296109,1679381296177
1679381296140,1679381296182
1679381296196,1679381296227
1679381296155,1679381296264
1679381296278,1679381296342
1679381296515,1679381296524
1679381296581,1679381296676
1679381296708,1679381296762
1679381296841,1679381296859
1679381296847,1679381296932
1679381296844,1679381296935
1679381296964,1679381297045
1679381297050,1679381297055
1679381297045,1679381297110
1679381297065,1679381297131
1679381297089,1679381297139
1679381297143,1679381297165
1679381297165,1679381297170
1679381297136,1679381297190
1679381297263,1679381297342
1679381297263,1679381297349
1679381297354,1679381297366
1679381297361,1679381297412
1679381297425,1679381297470
1679381297465,1679381297502
1679381297480,1679381297506
1679381297589,1679381297600
1679381297809,1679381297852
1679381297824,1679381297903
1679381297893,1679381297916
1679381297923,1679381297977
1679381298049,1679381298055
1679381298214,1679381298228
1679381298256,1679381298276
1679381298293,1679381298298
1679381298484,1679381298511
1679381298540,1679381298612
1679381298709,1679381298735
1679381298765,1679381298779
1679381298745,1679381298799
1679381298974,1679381299019
1679381299105,1679381299138
1679381299113,1679381299243
1679381299155,1679381299284
1679381299301,1679381299313
1679381299316,1679381299389
1679381299334,1679381299398
1679381299405,1679381299429
1679381299446,1679381299475
1679381299440,1679381299598
1679381299641,1679381299680
1679381299673,1679381299744
1679381299776,1679381299824
1679381299930,1679381300016
1679381299941,1679381300043
1679381300033,1679381300057
1679381299958,1679381300076
1679381299902,1679381300178
1679381300189,1679381300222
1679381300322,1679381300351
1679381300390,1679381300401
1679381300329,1679381300442
1679381300445,1679381300469
1679381300393,1679381300501
1679381300549,1679381300578
1679381300556,1679381300602
1679381300553,1679381300637
1679381300538,1679381300674
1679381300564,1679381300724
1679381300621,1679381300737
1679381300545,1679381300776
1679381300587,1679381300777
1679381300558,1679381300784
1679381300564,1679381300867
1679381300554,1679381300872
1679381300870,1679381300956
1679381300901,1679381300979
1679381300920,1679381300989
1679381301057,1679381301072
1679381301095,1679381301153
1679381301044,1679381301161
1679381301242,1679381301251
1679381301253,1679381301291
1679381301289,1679381301310
1679381301342,1679381301371
1679381301353,1679381301415
1679381301342,1679381301438
1679381301430,1679381301458
1679381301357,1679381301465
1679381301715,1679381301734
1679381301821,1679381301923
1679381301830,1679381301972
1679381301970,1679381301978
1679381301993,1679381301999
1679381301906,1679381302012
1679381301966,1679381302022
1679381302042,1679381302066
1679381302215,1679381302230
1679381302286,1679381302359
1679381302454,1679381302483
1679381302543,1679381302552
1679381302610,1679381302637
1679381302658,1679381302683
1679381302734,1679381302740
1679381302737,1679381302805
1679381302823,1679381302858
1679381302842,1679381302959
1679381302893,1679381303062
1679381303046,1679381303071
1679381303082,1679381303139
1679381303126,1679381303179
1679381303268,1679381303355
1679381303340,1679381303438
1679381303528,1679381303548
1679381303447,1679381303557
1679381303545,1679381303587
1679381303602,1679381303613
1679381303710,1679381303740
1679381303683,1679381303765
1679381303963,1679381304005
1679381304027,1679381304040
1679381304085,1679381304097
1679381304027,1679381304168
1679381304212,1679381304252
1679381304268,1679381304281
1679381304212,1679381304285
1679381304134,1679381304310
1679381304286,1679381304310
1679381304336,1679381304406
1679381304310,1679381304431
1679381304429,1679381304496
1679381304517,1679381304551
1679381304329,1679381304556
1679381304489,1679381304559
1679381304389,1679381304560
1679381304556,1679381304574
1679381304465,1679381304614
1679381304722,1679381304740
1679381304730,1679381304753
1679381304706,1679381304777
1679381304733,1679381304802
1679381304805,1679381304813
1679381304733,1679381304818
1679381304890,1679381304899
1679381304996,1679381305007
1679381304998,1679381305022
1679381305021,1679381305039
1679381305113,1679381305191
1679381305176,1679381305204
1679381305315,1679381305340
1679381305340,1679381305446
1679381305457,1679381305481
1679381305454,1679381305504
1679381305513,1679381305527
1679381305539,1679381305653
1679381305663,1679381305683
1679381305724,1679381305782
1679381305755,1679381305844
1679381305878,1679381305892
1679381305943,1679381306030
1679381306018,1679381306072
1679381306157,1679381306177
1679381306106,1679381306181
1679381306158,1679381306182
1679381306321,1679381306359
1679381306235,1679381306383
1679381306314,1679381306386
1679381306399,1679381306417
1679381306281,1679381306436
1679381306468,1679381306505
1679381306538,1679381306604
1679381306683,1679381306746
1679381306578,1679381306750
1679381306543,1679381306796
1679381306786,1679381306827
1679381306863,1679381306871
1679381306999,1679381307079
1679381307106,1679381307149
1679381307175,1679381307188
1679381307168,1679381307220
1679381307142,1679381307248
1679381307241,1679381307249
1679381307239,1679381307334
1679381307330,1679381307373
1679381307227,1679381307433
1679381307239,1679381307439
1679381307218,1679381307499
1679381307470,1679381307536
1679381307374,1679381307564
1679381307559,1679381307605
1679381307506,1679381307608
1679381307406,1679381307666
1679381307257,1679381307702
1679381307541,1679381307744
1679381307467,1679381307775
1679381307630,1679381307864
1679381307853,1679381307866
1679381307877,1679381307900
1679381307829,1679381307900
1679381307890,1679381307924
1679381307970,1679381307987
1679381307961,1679381308005
1679381308046,1679381308191
1679381308253,1679381308291
1679381308326,1679381308440
1679381308478,1679381308557
1679381308566,1679381308611
1679381308504,1679381308649
1679381308612,1679381308673
1679381308712,1679381308718
1679381308641,1679381308725
1679381308717,1679381308729
1679381308733,1679381308804
1679381308794,1679381308847
1679381308855,1679381308869
1679381308922,1679381308979
1679381309330,1679381309335
1679381309284,1679381309366
1679381309306,1679381309483
1679381309361,1679381309495
1679381309186,1679381309537
1679381309377,1679381309546
1679381309406,1679381309552
1679381309382,1679381309611
1679381309514,1679381309723
1679381309437,1679381309723
1679381309783,1679381309791
1679381309786,1679381309806
1679381309857,1679381309877
1679381309896,1679381309905
1679381310102,1679381310138
1679381310082,1679381310156
1679381310130,1679381310170
1679381310151,1679381310182
1679381310263,1679381310272
1679381310249,1679381310286
1679381310326,1679381310344
1679381310260,1679381310374
1679381310432,1679381310443
1679381310429,1679381310531
1679381310510,1679381310566
1679381310546,1679381310578
1679381310526,1679381310579
1679381310586,1679381310619
1679381310632,1679381310683
1679381310616,1679381310689
1679381310692,1679381310708
1679381310605,1679381310708
1679381310638,1679381310717
1679381310632,1679381310764
1679381310626,1679381310788
1679381310712,1679381310816
1679381310666,1679381310829
1679381310628,1679381310834
1679381310613,1679381310845
1679381310833,1679381310885
1679381310910,1679381310917
1679381311043,1679381311070
1679381311142,1679381311156
1679381311093,1679381311157
1679381310979,1679381311167
1679381311160,1679381311220
1679381311177,1679381311231
1679381311559,1679381311572
1679381311573,1679381311584
1679381311601,1679381311634
1679381311619,1679381311638
1679381311657,1679381311674
1679381311745,1679381311789
1679381311758,1679381311804
1679381311803,1679381311835
1679381311781,1679381311835
1679381311825,1679381311852
1679381311831,1679381311861
1679381311825,1679381311880
1679381311960,1679381312016
1679381311907,1679381312034
1679381312050,1679381312078
1679381312056,1679381312164
1679381312097,1679381312212
1679381312318,1679381312331
1679381312337,1679381312391
1679381312461,1679381312491
1679381312526,1679381312540
1679381312553,1679381312587
1679381312562,1679381312600
1679381312730,1679381312737
1679381312950,1679381312957
1679381312999,1679381313025
1679381313033,1679381313091
1679381313030,1679381313103
1679381313287,1679381313297
1679381313309,1679381313348
1679381313357,1679381313435
1679381313283,1679381313438
1679381313415,1679381313482
1679381313424,1679381313515
1679381313336,1679381313516
1679381313502,1679381313531
1679381313471,1679381313557
1679381313616,1679381313628
1679381313546,1679381313638
1679381313570,1679381313639
1679381313810,1679381313848
1679381313935,1679381314054
1679381314054,1679381314077
1679381314031,1679381314086
1679381314090,1679381314100
1679381314097,1679381314110
1679381314100,1679381314147
1679381314057,1679381314158
1679381314274,1679381314280
1679381314297,1679381314328
1679381314274,1679381314360
1679381314312,1679381314387
1679381314401,1679381314419
1679381314466,1679381314500
1679381314368,1679381314514
1679381314508,1679381314546
1679381314533,1679381314560
1679381314602,1679381314634
1679381314649,1679381314677
1679381314674,1679381314688
1679381314673,1679381314732
1679381314724,1679381314737
1679381314819,1679381314837
1679381314805,1679381314849
1679381314777,1679381314918
1679381314927,1679381314933
1679381315159,1679381315226
1679381315141,1679381315246
1679381314994,1679381315271
1679381315264,1679381315302
1679381315167,1679381315310
1679381315289,1679381315331
1679381315443,1679381315512
1679381315370,1679381315541
1679381315385,1679381315629
1679381315390,1679381315636
1679381315584,1679381315651
1679381315585,1679381315665
1679381315644,1679381315740
1679381315649,1679381315803
1679381315825,1679381315847
1679381315829,1679381315855
1679381316014,1679381316024
1679381315966,1679381316118
1679381316066,1679381316130
1679381316182,1679381316194
1679381316217,1679381316299
1679381316283,1679381316351
1679381316375,1679381316420
1679381316402,1679381316424
1679381316338,1679381316682
1679381316632,1679381316690
1679381316704,1679381316752
1679381316715,1679381316760
1679381316895,1679381317003
1679381316975,1679381317098
1679381317148,1679381317178
1679381317173,1679381317208
1679381317204,1679381317241
1679381317345,1679381317436
1679381317377,1679381317447
1679381317385,1679381317466
1679381317488,1679381317495
1679381317336,1679381317547
1679381317565,1679381317594
1679381317566,1679381317645
1679381317655,1679381317743
1679381317656,1679381317761
1679381317755,1679381317801
1679381317728,1679381317813
1679381317818,1679381317836
1679381317938,1679381317946
1679381317938,1679381317958
1679381318012,1679381318021
1679381317993,1679381318044
1679381318041,1679381318094
1679381318086,1679381318094
1679381318089,1679381318098
1679381318096,1679381318173
1679381318158,1679381318193
1679381318230,1679381318307
1679381318306,1679381318356
1679381318282,1679381318379
1679381318294,1679381318392
1679381318384,1679381318445
1679381318430,1679381318494
1679381318485,1679381318534
1679381318517,1679381318555
1679381318382,1679381318616
1679381318589,1679381318624
1679381318419,1679381318754
1679381318381,1679381318800
1679381318741,1679381318839
1679381318807,1679381318848
1679381318700,1679381318946
1679381319031,1679381319108
1679381319075,1679381319121
1679381318929,1679381319126
1679381319168,1679381319196
1679381319218,1679381319257
1679381319244,1679381319257
1679381319250,1679381319328
1679381319374,1679381319410
1679381319394,1679381319427
1679381319442,1679381319456
1679381319445,1679381319531
1679381319615,1679381319620
1679381319631,1679381319657
1679381319630,1679381319735
1679381319729,1679381319787
1679381319850,1679381319990
1679381319957,1679381319994
1679381320154,1679381320199
1679381320093,1679381320212
1679381319935,1679381320240
1679381319939,1679381320253
1679381320297,1679381320317
1679381320101,1679381320351
1679381320560,1679381320568
1679381320585,1679381320626
1679381320596,1679381320682
1679381320669,1679381320686
1679381320424,1679381320709
1679381320681,1679381320713
1679381320717,1679381320724
1679381320709,1679381320732
1679381320697,1679381320750
1679381320682,1679381320778
1679381320712,1679381320847
1679381320689,1679381320847
1679381320679,1679381320879
1679381320865,1679381320932
1679381320865,1679381320967
1679381320950,1679381320988
1679381320701,1679381320999
1679381320781,1679381320999
1679381320985,1679381321031
1679381320941,1679381321035
1679381320969,1679381321179
1679381321081,1679381321219
1679381321146,1679381321261
1679381320697,1679381321306
1679381321172,1679381321307
1679381321084,1679381321328
1679381321321,1679381321341
1679381321105,1679381321372
1679381321207,1679381321411
1679381321414,1679381321419
1679381321370,1679381321437
1679381320911,1679381321470
1679381321326,1679381321480
1679381321538,1679381321577
1679381321570,1679381321631
1679381321614,1679381321648
1679381321882,1679381321904
1679381321900,1679381321905
1679381321985,1679381322018
1679381321982,1679381322022
1679381322049,1679381322098
1679381322030,1679381322123
1679381322037,1679381322162
1679381322142,1679381322244
1679381322248,1679381322271
1679381322422,1679381322457
1679381322483,1679381322503
1679381322498,1679381322514
1679381322594,1679381322628
1679381322704,1679381322713
1679381322593,1679381322767
1679381322665,1679381322818
1679381322962,1679381322969
1679381322986,1679381323002
1679381323007,1679381323026
1679381323013,1679381323072
1679381323073,1679381323081
1679381323110,1679381323132
1679381323202,1679381323217
1679381323251,1679381323302
1679381323294,1679381323401
1679381323402,1679381323492
1679381323403,1679381323545
1679381323764,1679381323797
1679381323729,1679381323810
1679381323730,1679381323817
1679381323815,1679381323832
1679381323727,1679381323839
1679381323877,1679381323897
1679381323873,1679381323914
1679381323974,1679381323988
1679381324037,1679381324121
1679381324134,1679381324147
1679381324158,1679381324232
1679381324189,1679381324269
1679381324286,1679381324297
1679381324464,1679381324497
1679381324286,1679381324505
1679381324434,1679381324516
1679381324520,1679381324551
1679381324590,1679381324619
1679381324602,1679381324637
1679381324708,1679381324759
1679381324529,1679381324767
1679381324801,1679381324828
1679381324838,1679381324854
1679381324992,1679381325008
1679381325098,1679381325118
1679381325102,1679381325209
1679381325213,1679381325266
1679381325196,1679381325266
1679381325154,1679381325287
1679381325149,1679381325365
1679381325101,1679381325400
1679381325234,1679381325427
1679381325209,1679381325428
1679381325378,1679381325465
1679381325479,1679381325519
1679381325076,1679381325546
1679381325512,1679381325558
1679381325515,1679381325578
1679381325700,1679381325713
1679381325751,1679381325764
1679381325695,1679381325764
1679381325842,1679381325854
1679381325854,1679381325929
1679381325948,1679381325963
1679381326112,1679381326177
1679381326175,1679381326186
1679381326147,1679381326197
1679381326175,1679381326249
1679381326223,1679381326287
1679381326221,1679381326293
1679381326373,1679381326387
1679381326419,1679381326424
1679381326505,1679381326519
1679381326550,1679381326574
1679381326576,1679381326584
1679381326608,1679381326674
1679381326741,1679381326775
1679381326771,1679381326814
1679381326840,1679381326899
1679381326894,1679381326901
1679381327058,1679381327077
1679381327066,1679381327085
1679381327058,1679381327086
1679381327118,1679381327200
1679381327246,1679381327253
1679381327115,1679381327265
1679381327262,1679381327372
1679381327391,1679381327410
1679381327437,1679381327453
1679381327438,1679381327502
1679381327669,1679381327716
1679381327671,1679381327805
1679381327612,1679381327848
1679381327783,1679381327852
1679381327872,1679381327957
1679381327880,1679381327964
1679381327892,1679381327980
1679381327907,1679381327995
1679381327905,1679381328025
1679381327722,1679381328046
1679381327880,1679381328049
1679381328005,1679381328066
1679381328034,1679381328088
1679381328070,1679381328102
1679381327769,1679381328148
1679381328102,1679381328173
1679381328133,1679381328213
1679381328193,1679381328237
1679381328126,1679381328257
1679381328236,1679381328287
1679381327812,1679381328316
1679381328319,1679381328334
1679381328319,1679381328339
1679381328238,1679381328357
1679381328448,1679381328470
1679381328290,1679381328495
1679381328488,1679381328607
1679381328574,1679381328628
1679381328499,1679381328657
1679381328554,1679381328670
1679381328744,1679381328752
1679381328724,1679381328754
1679381328748,1679381328761
1679381328769,1679381328877
1679381328842,1679381328942
1679381328811,1679381328964
1679381328988,1679381329020
1679381328990,1679381329038
1679381329073,1679381329085
1679381329096,1679381329102
1679381329100,1679381329113
1679381329187,1679381329196
1679381329189,1679381329261
1679381329128,1679381329330
1679381329271,1679381329362
1679381329351,1679381329391
1679381329378,1679381329397
1679381329458,1679381329492
1679381329485,1679381329496
1679381329506,1679381329519
1679381329514,1679381329520
1679381329563,1679381329582
1679381329571,1679381329615
1679381329818,1679381329824
1679381329848,1679381329881
1679381329866,1679381329893
1679381329825,1679381329900
1679381329853,1679381329915
1679381329992,1679381330003
1679381329875,1679381330010
1679381329917,1679381330037
1679381329837,1679381330043
1679381329941,1679381330065
1679381330015,1679381330068
1679381330090,1679381330164
1679381330215,1679381330226
1679381330159,1679381330265
1679381330403,1679381330460
1679381330447,1679381330471
1679381330494,1679381330505
1679381330573,1679381330590
1679381330514,1679381330674
1679381330705,1679381330717
1679381330707,1679381330719
1679381331044,1679381331062
1679381331193,1679381331214
1679381331417,1679381331491
1679381331593,1679381331598
1679381331592,1679381331726
1679381331678,1679381331744
1679381331728,1679381331795
1679381331718,1679381331812
1679381331863,1679381331868
1679381332009,1679381332016
1679381332348,1679381332381
1679381332389,1679381332395
1679381332582,1679381332624
1679381332652,1679381332717
1679381332756,1679381332776
1679381332952,1679381333014
1679381332999,1679381333050
1679381333184,1679381333214
1679381333312,1679381333343
1679381333312,1679381333369
1679381333391,1679381333413
1679381333449,1679381333475
1679381333513,1679381333530
1679381333372,1679381333570
1679381333563,1679381333576
1679381333574,1679381333629
1679381333677,1679381333716
1679381333668,1679381333801
1679381333664,1679381333832
1679381333803,1679381333840
1679381333673,1679381333857
1679381333936,1679381333970
1679381334240,1679381334260
1679381334334,1679381334500
1679381334635,1679381334670
1679381334733,1679381334750
1679381334787,1679381334808
1679381334826,1679381334848
1679381334888,1679381334943
1679381334918,1679381334978
1679381335007,1679381335018
1679381334848,1679381335023
1679381335051,1679381335072
1679381334993,1679381335244
1679381335513,1679381335516
1679381335511,1679381335518
1679381335422,1679381335542
1679381335410,1679381335566
1679381335657,1679381335668
1679381335719,1679381335727
1679381335769,1679381335786
1679381335991,1679381336044
1679381336056,1679381336075
1679381336015,1679381336146
1679381336199,1679381336290
1679381336156,1679381336295
1679381336279,1679381336296
1679381336395,1679381336427
1679381336498,1679381336535
1679381336351,1679381336593
1679381336847,1679381336872
1679381336871,1679381336880
1679381336899,1679381336903
1679381336910,1679381336977
1679381337079,1679381337085
1679381337072,1679381337087
1679381337116,1679381337165
1679381337035,1679381337196
1679381337331,1679381337372
1679381337412,1679381337518
1679381337414,1679381337540
1679381337378,1679381337606
1679381337738,1679381337764
1679381337748,1679381337769
1679381337791,1679381337797
1679381337873,1679381337900
1679381338050,1679381338073
1679381338056,1679381338127
1679381338027,1679381338128
1679381338076,1679381338164
1679381338337,1679381338367
1679381338404,1679381338429
1679381338506,1679381338513
1679381338533,1679381338546
1679381338574,1679381338646
1679381338666,1679381338676
1679381339041,1679381339048
1679381339104,1679381339134
1679381339038,1679381339180
1679381339191,1679381339266
1679381339055,1679381339299
1679381339194,1679381339324
1679381339316,1679381339329
1679381339627,1679381339672
1679381339656,1679381339695
1679381339682,1679381339774
1679381339719,1679381339807
1679381339697,1679381339850
1679381339733,1679381339855
1679381339714,1679381339914
1679381340010,1679381340022
1679381340094,1679381340159
1679381340142,1679381340164
1679381340249,1679381340254
1679381340237,1679381340256
1679381340677,1679381340702
1679381340741,1679381340785
1679381340764,1679381340815
1679381340840,1679381340929
1679381340851,1679381340933
1679381340973,1679381340980
1679381340936,1679381340985
1679381341039,1679381341044
1679381341037,1679381341049
1679381341049,1679381341092
1679381341021,1679381341125
1679381341118,1679381341133
1679381341048,1679381341179
1679381341049,1679381341194
1679381341031,1679381341204
1679381341035,1679381341244
1679381341149,1679381341255
1679381341030,1679381341257
1679381341321,1679381341335
1679381341446,1679381341454
1679381341461,1679381341479
1679381341597,1679381341611
1679381341685,1679381341699
1679381341726,1679381341740
1679381341763,1679381341768
1679381341773,1679381341789
1679381341950,1679381341967
1679381342101,1679381342142
1679381342353,1679381342360
1679381342326,1679381342373
1679381342674,1679381342689
1679381342655,1679381342713
1679381342714,1679381342729
1679381342698,1679381342788
1679381342778,1679381342820
1679381342810,1679381342963
1679381342988,1679381343017
1679381342945,1679381343046
1679381343143,1679381343151
1679381343221,1679381343233
1679381343234,1679381343272
1679381343342,1679381343362
1679381343286,1679381343388
1679381343507,1679381343528
1679381343462,1679381343530
1679381343424,1679381343545
1679381343565,1679381343591
1679381343614,1679381343630
1679381343711,1679381343772
1679381343906,1679381343921
1679381344074,1679381344122
1679381343801,1679381344143
1679381344094,1679381344166
1679381344173,1679381344195
1679381344105,1679381344200
1679381343998,1679381344217
1679381344166,1679381344219
1679381344221,1679381344239
1679381344396,1679381344412
1679381344447,1679381344519
1679381344490,1679381344561
1679381344575,1679381344581
1679381344639,1679381344656
1679381344689,1679381344740
1679381344756,1679381344813
1679381344868,1679381344897
1679381344753,1679381344904
1679381344898,1679381344999
1679381344999,1679381345004
1679381344947,1679381345012
1679381344980,1679381345015
1679381345086,1679381345111
1679381345217,1679381345225
1679381345291,1679381345317
1679381345366,1679381345392
1679381345391,1679381345399
1679381345424,1679381345643
1679381345487,1679381345656
1679381345604,1679381345657
1679381345613,1679381345705
1679381345720,1679381345732
1679381345754,1679381345757
1679381345754,1679381345764
1679381345560,1679381345768
1679381345910,1679381345927
1679381345909,1679381345953
1679381346022,1679381346053
1679381346051,1679381346064
1679381345990,1679381346086
1679381346136,1679381346167
1679381346172,1679381346248
1679381346291,1679381346338
1679381346406,1679381346428
1679381346439,1679381346446
1679381346478,1679381346497
1679381346511,1679381346533
1679381346544,1679381346604
1679381346577,1679381346672
1679381346662,1679381346706
1679381346640,1679381346731
1679381346728,1679381346775
1679381346819,1679381346834
1679381347008,1679381347044
1679381346955,1679381347077
1679381347057,1679381347077
1679381346990,1679381347132
1679381347113,1679381347256
1679381347210,1679381347261
1679381347298,1679381347310
1679381347342,1679381347355
1679381347347,1679381347356
1679381347383,1679381347390
1679381347375,1679381347422
1679381347378,1679381347437
1679381347549,1679381347579
1679381347584,1679381347609
1679381347581,1679381347660
1679381347654,1679381347685
1679381347725,1679381347737
1679381347565,1679381347738
1679381347905,1679381347928
1679381347886,1679381347936
1679381347917,1679381347945
1679381348150,1679381348176
1679381348475,1679381348482
1679381348466,1679381348489
1679381348505,1679381348514
1679381348569,1679381348627
1679381348632,1679381348690
1679381348686,1679381348721
1679381348710,1679381348735
1679381348733,1679381348815
1679381348832,1679381348868
1679381348865,1679381348879
1679381348952,1679381348982
1679381349018,1679381349101
1679381349107,1679381349164
1679381349105,1679381349176
1679381349154,1679381349194
1679381349335,1679381349357
1679381349418,1679381349579
1679381349581,1679381349603
1679381349537,1679381349675
1679381349544,1679381349691
1679381349684,1679381349743
1679381349725,1679381349888
1679381349770,1679381349935
1679381349863,1679381350030
1679381349945,1679381350063
1679381349930,1679381350074
1679381349858,1679381350104
1679381350034,1679381350107
1679381349993,1679381350110
1679381350075,1679381350146
1679381349862,1679381350160
1679381349654,1679381350304
1679381350315,1679381350341
1679381350315,1679381350345
1679381350434,1679381350472
1679381350490,1679381350552
1679381350515,1679381350596
1679381350486,1679381350600
1679381350569,1679381350666
1679381350357,1679381350703
1679381350629,1679381350720
1679381350574,1679381350731
1679381350644,1679381350770
1679381350728,1679381350802
1679381350724,1679381350811
1679381351257,1679381351296
1679381351356,1679381351396
1679381351421,1679381351457
1679381351504,1679381351541
1679381351620,1679381351677
1679381351863,1679381351890
1679381351853,1679381351912
1679381352040,1679381352073
1679381352234,1679381352268
1679381352337,1679381352371
1679381352447,1679381352548
1679381352559,1679381352610
1679381352675,1679381352728
1679381352687,1679381352738
1679381352776,1679381352794
1679381353101,1679381353225
1679381353282,1679381353420
1679381353424,1679381353451
1679381353551,1679381353566
1679381353495,1679381353570
1679381353543,1679381353580
1679381353593,1679381353643
1679381353797,1679381353817
1679381353933,1679381353983
1679381354325,1679381354346
1679381354344,1679381354353
1679381354487,1679381354523
1679381354590,1679381354606
1679381354683,1679381354709
1679381354697,1679381354780
1679381354798,1679381354841
1679381354990,1679381355003
1679381355394,1679381355404
1679381355538,1679381355567
1679381355549,1679381355579
1679381355580,1679381355611
1679381355646,1679381355663
1679381355657,1679381355810
1679381355970,1679381355977
1679381356005,1679381356033
1679381356037,1679381356144
1679381356390,1679381356420
1679381356598,1679381356627
1679381356782,1679381356806
1679381356817,1679381356855
1679381356849,1679381356870
1679381357066,1679381357088
1679381357045,1679381357094
1679381356997,1679381357147
1679381357237,1679381357286
1679381357429,1679381357435
1679381357611,1679381357648
1679381357767,1679381357832
1679381358071,1679381358141
1679381358141,1679381358170
1679381358443,1679381358464
1679381358459,1679381358492
1679381358805,1679381358831
1679381358832,1679381358838
1679381358651,1679381358873
1679381358778,1679381358925
1679381359055,1679381359068
1679381359102,1679381359113
1679381359392,1679381359401
1679381359491,1679381359602
1679381359557,1679381359629
1679381359739,1679381359786
1679381360063,1679381360068
1679381360238,1679381360267
1679381360399,1679381360414
1679381360447,1679381360515
1679381360594,1679381360621
1679381360555,1679381360646
1679381360637,1679381360706
1679381360683,1679381360871
1679381360902,1679381360974
1679381361260,1679381361277
1679381361264,1679381361282
1679381361296,1679381361311
1679381361290,1679381361314
1679381361293,1679381361345
1679381361243,1679381361414
1679381361277,1679381361418
1679381361203,1679381361448
1679381361271,1679381361462
1679381361304,1679381361468
1679381361299,1679381361503
1679381361282,1679381361530
1679381361274,1679381361624
1679381361282,1679381361689
1679381361552,1679381361753
1679381361290,1679381361809
1679381361727,1679381361860
1679381361890,1679381361935
1679381361934,1679381361947
1679381362083,1679381362126
1679381362098,1679381362156
1679381362209,1679381362242
1679381362522,1679381362555
1679381362550,1679381362560
1679381362687,1679381362704
1679381362734,1679381362785
1679381362773,1679381362894
1679381363008,1679381363034
1679381363026,1679381363083
1679381363183,1679381363206
1679381363237,1679381363245
1679381363280,1679381363310
1679381363309,1679381363315
1679381363341,1679381363359
1679381363305,1679381363374
1679381363379,1679381363407
1679381363398,1679381363409
1679381363345,1679381363412
1679381363610,1679381363615
1679381363670,1679381363675
1679381363766,1679381363776
1679381363730,1679381363849
1679381363834,1679381363864
1679381363738,1679381363865
1679381363886,1679381363944
1679381363930,1679381364075
1679381364210,1679381364218
1679381364213,1679381364243
1679381364312,1679381364470
1679381364485,1679381364499
1679381364528,1679381364537
1679381364629,1679381364662
1679381364792,1679381364822
1679381364768,1679381364842
1679381364953,1679381364981
1679381365043,1679381365049
1679381365093,1679381365119
1679381365142,1679381365169
1679381365156,1679381365174
1679381365164,1679381365215
1679381365233,1679381365259
1679381365278,1679381365287
1679381365381,1679381365414
1679381365476,1679381365509
1679381365497,1679381365578
1679381365574,1679381365586
1679381365501,1679381365607
1679381365572,1679381365621
1679381365532,1679381365676
1679381365828,1679381365853
1679381365864,1679381365880
1679381366097,1679381366172
1679381366148,1679381366224
1679381366238,1679381366257
1679381366238,1679381366302
1679381366252,1679381366318
1679381366480,1679381366489
1679381366509,1679381366515
1679381366344,1679381366584
1679381366584,1679381366591
1679381366625,1679381366630
1679381366568,1679381366642
1679381366641,1679381366687
1679381366753,1679381366765
1679381366813,1679381366846
1679381366739,1679381366881
1679381366892,1679381366956
1679381366945,1679381367002
1679381367036,1679381367043
1679381367145,1679381367170
1679381367192,1679381367199
1679381367230,1679381367235
1679381367233,1679381367254
1679381367239,1679381367276
1679381367280,1679381367348
1679381367437,1679381367468
1679381367461,1679381367593
1679381367620,1679381367646
1679381367542,1679381367649
1679381367909,1679381367928
1679381367949,1679381367969
1679381367959,1679381367976
1679381367885,1679381367995
1679381367985,1679381368008
1679381368001,1679381368042
1679381368085,1679381368106
1679381368202,1679381368232
1679381367858,1679381368237
1679381368337,1679381368357
1679381368368,1679381368382
1679381368538,1679381368555
1679381368514,1679381368581
1679381368605,1679381368683
1679381368731,1679381368743
1679381368836,1679381368886
1679381368946,1679381368952
1679381368993,1679381368999
1679381369001,1679381369015
1679381369036,1679381369107
1679381369153,1679381369207
1679381369274,1679381369319
1679381369281,1679381369427
1679381369439,1679381369462
1679381369216,1679381369478
1679381369438,1679381369487
1679381369564,1679381369581
1679381369565,1679381369581
1679381369602,1679381369637
1679381369687,1679381369692
1679381369713,1679381369756
1679381369730,1679381369761
1679381369744,1679381369763
1679381369889,1679381369919
1679381369928,1679381370002
1679381370028,1679381370069
1679381370012,1679381370111
1679381370066,1679381370123
1679381370161,1679381370184
1679381370321,1679381370376
1679381370348,1679381370588
1679381370576,1679381370612
1679381370554,1679381370622
1679381370628,1679381370670
1679381370685,1679381370743
1679381370742,1679381370778
1679381370842,1679381370868
1679381370882,1679381370890
1679381370954,1679381370985
1679381371024,1679381371043
1679381370992,1679381371051
1679381371136,1679381371182
1679381371190,1679381371216
1679381371346,1679381371355
1679381371309,1679381371363
1679381371383,1679381371392
1679381371346,1679381371472
1679381371413,1679381371553
1679381371531,1679381371612
1679381371616,1679381371696
1679381371757,1679381371791
1679381371825,1679381371880
1679381371879,1679381371931
1679381371888,1679381371988
1679381371924,1679381372032
1679381372028,1679381372120
1679381372184,1679381372255
1679381372134,1679381372305
1679381372145,1679381372330
1679381372230,1679381372347
1679381372308,1679381372398
1679381372199,1679381372415
1679381372310,1679381372424
1679381372357,1679381372465
1679381372508,1679381372517
1679381372575,1679381372601
1679381372557,1679381372635
1679381372280,1679381372681
1679381372725,1679381372764
1679381372782,1679381372810
1679381372716,1679381372833
1679381372827,1679381372909
1679381372810,1679381372927
1679381372982,1679381372993
1679381372931,1679381372994
1679381373180,1679381373199
1679381373308,1679381373313
1679381373378,1679381373389
1679381373790,1679381373798
1679381373763,1679381373800
1679381373791,1679381373811
1679381373878,1679381373918
1679381373907,1679381373926
1679381373993,1679381374033
1679381373940,1679381374071
1679381374031,1679381374112
1679381374074,1679381374145
1679381374045,1679381374153
1679381374263,1679381374276
1679381374321,1679381374341
1679381374496,1679381374572
1679381374483,1679381374609
1679381374603,1679381374623
1679381374632,1679381374641
1679381374564,1679381374658
1679381374691,1679381374734
1679381374749,1679381374818
1679381374769,1679381374841
1679381374773,1679381374901
1679381374831,1679381374937
1679381374700,1679381374960
1679381374932,1679381374969
1679381374932,1679381375038
1679381374995,1679381375092
1679381375214,1679381375230
1679381375368,1679381375376
1679381375405,1679381375472
1679381375533,1679381375554
1679381375507,1679381375579
1679381375588,1679381375638
1679381375636,1679381375701
1679381375707,1679381375728
1679381375721,1679381375738
1679381375730,1679381375835
1679381375701,1679381375904
1679381375830,1679381375964
1679381375702,1679381375964
1679381375918,1679381376060
1679381376045,1679381376079
1679381376172,1679381376185
1679381376233,1679381376257
1679381376265,1679381376296
1679381376206,1679381376328
1679381376293,1679381376374
1679381376325,1679381376388
1679381376545,1679381376552
1679381376677,1679381376686
1679381376694,1679381376725
1679381376678,1679381376780
1679381376798,1679381376812
1679381376731,1679381376928
1679381376943,1679381376955
1679381377018,1679381377063
1679381377049,1679381377085
1679381377130,1679381377187
1679381377188,1679381377297
1679381377249,1679381377334
1679381377357,1679381377367
1679381377311,1679381377410
1679381377428,1679381377468
1679381377509,1679381377521
1679381377485,1679381377534
1679381377485,1679381377552
1679381377603,1679381377639
1679381377733,1679381377741
1679381377737,1679381377789
1679381377672,1679381377876
1679381377898,1679381377923
1679381377894,1679381377975
1679381377940,1679381378000
1679381377928,1679381378067
1679381378144,1679381378150
1679381378138,1679381378220
1679381378284,1679381378331
1679381378301,1679381378334
1679381378382,1679381378415
1679381378368,1679381378464
1679381378546,1679381378562
1679381378717,1679381378748
1679381378824,1679381378869
1679381378817,1679381378883
1679381378989,1679381379123
1679381379177,1679381379209
1679381379275,1679381379322
1679381379270,1679381379326
1679381379378,1679381379401
1679381379281,1679381379406
1679381379279,1679381379426
1679381379438,1679381379511
1679381379362,1679381379525
1679381379506,1679381379536
1679381379534,1679381379545
1679381379631,1679381379645
1679381379746,1679381379882
1679381379808,1679381379887
1679381379770,1679381379975
1679381379986,1679381380030
1679381380043,1679381380069
1679381380069,1679381380087
1679381379932,1679381380125
1679381380184,1679381380241
1679381380194,1679381380251
1679381380298,1679381380303
1679381380342,1679381380356
1679381380363,1679381380465
1679381380375,1679381380477
1679381380742,1679381380762
1679381380717,1679381380786
1679381380619,1679381380805
1679381380745,1679381380814
1679381380766,1679381380842
1679381380817,1679381380885
1679381380686,1679381380908
1679381380868,1679381380911
1679381380841,1679381380928
1679381380889,1679381380979
1679381381059,1679381381070
1679381381091,1679381381103
1679381381254,1679381381284
1679381381323,1679381381340
1679381381400,1679381381419
1679381381405,1679381381423
1679381381434,1679381381443
1679381381436,1679381381457
1679381381412,1679381381645
1679381381467,1679381381688
1679381381414,1679381381775
1679381381477,1679381381779
1679381381477,1679381381791
1679381381422,1679381381792
1679381381492,1679381381809
1679381381489,1679381381819
1679381381481,1679381381920
1679381381509,1679381381959
1679381381453,1679381382007
1679381381576,1679381382032
1679381381520,1679381382064
1679381381814,1679381382065
1679381381420,1679381382079
1679381381599,1679381382083
1679381381334,1679381382084
1679381381464,1679381382117
1679381381498,1679381382138
1679381382135,1679381382149
1679381381466,1679381382154
1679381381954,1679381382176
1679381381440,1679381382179
1679381381445,1679381382196
1679381381460,1679381382198
1679381381808,1679381382215
1679381381510,1679381382305
1679381382198,1679381382310
1679381381476,1679381382339
1679381381425,1679381382393
1679381381441,1679381382413
1679381382204,1679381382418
1679381381388,1679381382427
1679381382340,1679381382478
1679381382433,1679381382480
1679381382414,1679381382552
1679381382470,1679381382561
1679381382610,1679381382623
1679381381610,1679381382663
1679381382730,1679381382762
1679381382641,1679381382780
1679381382490,1679381382801
1679381382784,1679381382814
1679381382282,1679381382835
1679381382858,1679381382917
1679381382663,1679381382922
1679381382804,1679381382933
1679381382874,1679381382950
1679381382966,1679381382974
1679381382710,1679381382997
1679381383027,1679381383066
1679381382951,1679381383094
1679381383049,1679381383123
1679381383359,1679381383373
1679381383370,1679381383389
1679381383450,1679381383568
1679381383561,1679381383571
1679381383426,1679381383616
1679381383609,1679381383617
1679381383586,1679381383653
1679381383663,1679381383710
1679381383554,1679381383723
1679381383783,1679381383801
1679381383836,1679381383868
1679381383613,1679381383876
1679381383953,1679381383962
1679381383935,1679381383974
1679381384211,1679381384220
1679381384201,1679381384290
1679381384238,1679381384336
1679381384292,1679381384369
1679381384425,1679381384449
1679381384469,1679381384483
1679381384534,1679381384559
1679381384507,1679381384615
1679381384609,1679381384639
1679381385002,1679381385060
1679381385017,1679381385115
1679381385158,1679381385256
1679381385161,1679381385282
1679381385052,1679381385315
1679381385297,1679381385345
1679381385247,1679381385362
1679381385355,1679381385476
1679381385514,1679381385608
1679381385506,1679381385611
1679381385627,1679381385637
1679381385625,1679381385656
1679381385773,1679381385784
1679381385764,1679381385793
1679381385780,1679381385847
1679381385688,1679381385869
1679381385918,1679381385927
1679381385936,1679381385963
1679381385856,1679381386017
1679381386006,1679381386026
1679381386023,1679381386044
1679381386071,1679381386090
1679381386079,1679381386125
1679381386086,1679381386149
1679381386147,1679381386172
1679381386157,1679381386181
1679381386300,1679381386312
1679381386346,1679381386352
1679381386412,1679381386446
1679381386526,1679381386539
1679381386533,1679381386546
1679381386633,1679381386643
1679381386591,1679381386646
1679381386669,1679381386679
1679381386724,1679381386802
1679381386678,1679381386821
1679381386913,1679381386927
1679381386932,1679381386938
1679381386965,1679381387027
1679381387000,1679381387135
1679381387125,1679381387143
1679381387172,1679381387186
1679381387224,1679381387244
1679381387269,1679381387352
1679381387121,1679381387372
1679381387348,1679381387390
1679381387233,1679381387416
1679381387196,1679381387457
1679381387526,1679381387567
1679381387568,1679381387667
1679381387569,1679381387683
1679381387700,1679381387711
1679381387766,1679381387774
1679381387828,1679381387842
1679381387816,1679381387864
1679381387896,1679381387914
1679381387894,1679381387926
1679381387817,1679381387955
1679381388150,1679381388182
1679381388180,1679381388226
1679381388229,1679381388245
1679381388233,1679381388255
1679381388209,1679381388405
1679381388461,1679381388465
1679381388470,1679381388484
1679381388574,1679381388651
1679381388636,1679381388651
1679381388456,1679381388668
1679381388712,1679381388723
1679381388707,1679381388745
1679381388704,1679381388779
1679381388721,1679381388825
1679381388988,1679381389007
1679381389073,1679381389087
1679381389092,1679381389168
1679381389162,1679381389180
1679381389220,1679381389236
1679381389183,1679381389282
1679381389241,1679381389316
1679381389229,1679381389316
1679381389344,1679381389353
1679381389247,1679381389379
1679381389416,1679381389435
1679381389608,1679381389627
1679381389596,1679381389645
1679381389676,1679381389694
1679381389660,1679381389772
1679381389786,1679381389799
1679381389813,1679381389831
1679381389836,1679381389868
1679381389859,1679381389933
1679381389888,1679381390006
1679381390069,1679381390102
1679381390085,1679381390180
1679381390197,1679381390230
1679381390079,1679381390249
1679381390101,1679381390260
1679381390243,1679381390273
1679381390136,1679381390297
1679381390280,1679381390330
1679381390064,1679381390334
1679381390329,1679381390338
1679381390345,1679381390360
1679381390418,1679381390426
1679381390450,1679381390455
1679381390536,1679381390544
1679381390497,1679381390599
1679381390537,1679381390625
1679381390721,1679381390795
1679381390856,1679381390877
1679381390909,1679381390937
1679381390928,1679381390971
1679381390928,1679381390978
1679381390992,1679381391041
1679381391059,1679381391159
1679381391117,1679381391164
1679381391047,1679381391170
1679381391211,1679381391300
1679381391392,1679381391430
1679381391421,1679381391454
1679381391444,1679381391460
1679381391508,1679381391552
1679381391592,1679381391633
1679381391580,1679381391651
1679381391735,1679381391739
1679381391696,1679381391796
1679381391732,1679381391803
1679381391816,1679381391845
1679381391863,1679381391878
1679381391904,1679381391916
1679381392112,1679381392141
1679381392214,1679381392317
1679381392373,1679381392387
1679381392405,1679381392422
1679381392491,1679381392498
1679381392569,1679381392600
1679381392477,1679381392646
1679381392571,1679381392654
1679381392550,1679381392666
1679381392613,1679381392681
1679381392558,1679381392686
1679381392409,1679381392711
1679381392667,1679381392727
1679381392711,1679381392767
1679381392560,1679381392833
1679381392793,1679381392834
1679381392611,1679381392854
1679381392570,1679381392880
1679381392722,1679381392881
1679381392873,1679381392913
1679381392905,1679381392963
1679381392973,1679381392992
1679381392882,1679381393032
1679381393003,1679381393054
1679381392952,1679381393066
1679381392828,1679381393083
1679381393004,1679381393124
1679381393118,1679381393171
1679381393137,1679381393249
1679381393137,1679381393293
1679381393033,1679381393310
1679381393316,1679381393344
1679381393274,1679381393344
1679381393359,1679381393364
1679381393294,1679381393368
1679381393377,1679381393385
1679381393404,1679381393434
1679381393169,1679381393486
1679381393495,1679381393503
1679381393444,1679381393558
1679381393585,1679381393627
1679381393489,1679381393642
1679381393616,1679381393675
1679381393641,1679381393677
1679381393673,1679381393691
1679381393631,1679381393693
1679381393673,1679381393773
1679381393771,1679381393895
1679381394045,1679381394059
1679381394330,1679381394372
1679381394292,1679381394386
1679381394358,1679381394386
1679381394372,1679381394445
1679381394468,1679381394480
1679381394476,1679381394501
1679381394506,1679381394553
1679381394612,1679381394704
1679381394685,1679381394710
1679381394678,1679381394710
1679381394716,1679381394756
1679381394785,1679381394821
1679381394851,1679381394870
1679381394750,1679381394900
1679381394898,1679381394921
1679381394935,1679381394969
1679381395000,1679381395043
1679381395074,1679381395127
1679381395093,1679381395134
1679381395159,1679381395163
1679381395328,1679381395382
1679381395371,1679381395417
1679381395435,1679381395532
1679381395530,1679381395592
1679381395612,1679381395673
1679381395684,1679381395715
1679381395742,1679381395767
1679381395757,1679381395797
1679381395767,1679381395806
1679381395777,1679381395826
1679381395795,1679381395864
1679381395845,1679381395885
1679381395880,1679381395910
1679381395966,1679381395987
1679381396066,1679381396090
1679381396204,1679381396254
1679381396319,1679381396349
1679381396314,1679381396413
1679381396296,1679381396433
1679381396336,1679381396440
1679381396438,1679381396459
1679381396450,1679381396505
1679381396476,1679381396538
1679381396278,1679381396540
1679381396534,1679381396593
1679381396591,1679381396604
1679381396592,1679381396632
1679381396541,1679381396636
1679381396619,1679381396641
1679381396638,1679381396650
1679381396649,1679381396678
1679381396603,1679381396685
1679381396695,1679381396704
1679381396768,1679381396860
1679381396849,1679381396878
1679381396857,1679381396921
1679381396898,1679381396961
1679381396989,1679381397002
1679381396967,1679381397006
1679381396993,1679381397027
1679381397191,1679381397207
1679381397104,1679381397236
1679381397272,1679381397398
1679381397475,1679381397487
1679381397481,1679381397532
1679381397584,1679381397589
1679381397664,1679381397727
1679381397667,1679381397744
1679381397771,1679381397799
1679381397842,1679381397889
1679381397881,1679381397930
1679381397860,1679381398011
1679381397995,1679381398015
1679381398081,1679381398105
1679381398078,1679381398133
1679381398108,1679381398144
1679381398100,1679381398153
1679381398114,1679381398175
1679381398213,1679381398273
1679381398050,1679381398330
1679381398316,1679381398345
1679381398146,1679381398359
1679381398312,1679381398386
1679381398488,1679381398527
1679381398544,1679381398554
1679381398614,1679381398624
1679381398645,1679381398680
1679381398635,1679381398705
1679381398799,1679381398863
1679381398786,1679381398867
1679381398858,1679381398887
1679381398911,1679381398964
1679381398928,1679381398979
1679381399007,1679381399014
1679381399076,1679381399083
1679381399032,1679381399120
1679381399263,1679381399323
1679381399445,1679381399476
1679381399404,1679381399476
1679381399432,1679381399491
1679381399496,1679381399536
1679381399544,1679381399552
1679381399332,1679381399576
1679381399560,1679381399578
1679381399608,1679381399616
1679381399601,1679381399624
1679381399666,1679381399699
1679381399777,1679381399800
1679381399916,1679381399923
1679381399773,1679381399929
1679381399964,1679381400021
1679381400116,1679381400137
1679381400099,1679381400184
1679381400087,1679381400215
1679381400163,1679381400246
1679381400237,1679381400267
1679381400218,1679381400294
1679381400376,1679381400479
1679381400484,1679381400512
1679381400410,1679381400523
1679381400388,1679381400531
1679381400545,1679381400552
1679381400552,1679381400581
1679381400586,1679381400595
1679381400694,1679381400758
1679381400760,1679381400804
1679381400550,1679381400809
1679381400895,1679381400952
1679381400913,1679381400957
1679381400933,1679381400966
1679381400876,1679381400977
1679381400968,1679381400982
1679381400963,1679381400986
1679381400981,1679381400991
1679381400954,1679381400991
1679381400880,1679381401011
1679381400799,1679381401051
1679381400977,1679381401067
1679381401038,1679381401083
1679381401202,1679381401287
1679381401365,1679381401389
1679381401329,1679381401415
1679381401522,1679381401533
1679381401592,1679381401602
1679381401780,1679381401786
1679381401681,1679381401808
1679381401861,1679381401908
1679381401888,1679381401937
1679381401920,1679381401960
1679381401863,1679381401962
1679381401867,1679381401982
1679381401989,1679381401997
1679381401995,1679381402128
1679381402138,1679381402163
1679381402065,1679381402164
1679381402252,1679381402287
1679381402315,1679381402375
1679381402412,1679381402427
1679381402407,1679381402457
1679381402446,1679381402466
1679381402465,1679381402479
1679381402559,1679381402581
1679381402685,1679381402731
1679381402696,1679381402736
1679381402732,1679381402758
1679381402735,1679381402798
1679381402885,1679381402897
1679381403009,1679381403033
1679381403086,1679381403104
1679381403116,1679381403134
1679381403145,1679381403174
1679381403227,1679381403256
1679381403251,1679381403259
1679381403259,1679381403302
1679381403264,1679381403319
1679381403277,1679381403328
1679381403400,1679381403417
1679381403537,1679381403566
1679381403562,1679381403613
1679381403579,1679381403639
1679381403619,1679381403724
1679381403721,1679381403787
1679381403941,1679381403960
1679381403966,1679381403982
1679381403986,1679381404017
1679381404079,1679381404110
1679381404199,1679381404229
1679381404241,1679381404248
1679381404212,1679381404290
1679381404273,1679381404296
1679381404202,1679381404303
1679381404267,1679381404415
1679381404682,1679381404716
1679381404769,1679381404785
1679381404768,1679381404824
1679381404733,1679381404837
1679381404865,1679381404873
1679381404854,1679381404883
1679381404897,1679381404920
1679381404912,1679381404933
1679381405030,1679381405060
1679381405280,1679381405309
1679381405337,1679381405360
1679381405471,1679381405477
1679381405454,1679381405508
1679381405543,1679381405549
1679381405504,1679381405554
1679381405580,1679381405616
1679381405619,1679381405634
1679381405630,1679381405670
1679381405616,1679381405690
1679381405649,1679381405692
1679381405708,1679381405713
1679381405748,1679381405767
1679381405817,1679381405828
1679381405805,1679381405833
1679381405713,1679381405849
1679381405931,1679381405969
1679381405977,1679381405983
1679381406081,1679381406104
1679381406304,1679381406359
1679381406351,1679381406368
1679381406391,1679381406499
1679381406388,1679381406499
1679381406429,1679381406518
1679381406512,1679381406521
1679381406522,1679381406532
1679381406542,1679381406561
1679381406511,1679381406577
1679381406596,1679381406611
1679381406700,1679381406722
1679381406770,1679381406774
1679381406791,1679381406810
1679381406782,1679381406868
1679381406857,1679381406896
1679381406905,1679381406939
1679381406949,1679381407026
1679381406796,1679381407070
1679381406979,1679381407142
1679381407093,1679381407166
1679381406981,1679381407182
1679381406974,1679381407228
1679381407297,1679381407330
1679381407267,1679381407353
1679381407321,1679381407365
1679381407429,1679381407441
1679381407461,1679381407480
1679381407538,1679381407562
1679381407539,1679381407593
1679381407531,1679381407659
1679381407673,1679381407677
1679381407667,1679381407701
1679381407735,1679381407798
1679381407756,1679381407803
1679381407788,1679381407820
1679381407856,1679381407862
1679381407862,1679381407867
1679381407895,1679381407915
1679381407845,1679381407922
1679381408044,1679381408070
1679381408170,1679381408193
1679381408249,1679381408279
1679381408281,1679381408288
1679381408286,1679381408315
1679381408256,1679381408321
1679381408352,1679381408382
1679381408385,1679381408393
1679381408350,1679381408394
1679381408417,1679381408443
1679381408466,1679381408481
1679381408485,1679381408519
1679381408535,1679381408548
1679381408512,1679381408584
1679381408564,1679381408608
1679381408568,1679381408652
1679381408737,1679381408790
1679381408802,1679381408870
1679381408865,1679381408882
1679381408929,1679381408946
1679381408877,1679381408999
1679381409021,1679381409060
1679381409002,1679381409062
1679381408948,1679381409093
1679381409162,1679381409183
1679381409234,1679381409290
1679381409327,1679381409342
1679381409521,1679381409550
1679381409521,1679381409586
1679381409411,1679381409673
1679381409633,1679381409711
1679381409695,1679381409820
1679381409797,1679381409854
1679381409877,1679381409884
1679381409868,1679381409896
1679381409913,1679381409948
1679381409936,1679381410041
1679381410044,1679381410099
1679381410002,1679381410102
1679381410105,1679381410137
1679381409969,1679381410258
1679381410190,1679381410289
1679381410093,1679381410300
1679381410235,1679381410305
1679381410233,1679381410313
1679381410014,1679381410313
1679381410131,1679381410317
1679381410208,1679381410347
1679381410144,1679381410382
1679381410425,1679381410443
1679381410473,1679381410517
1679381410595,1679381410612
1679381410581,1679381410613
1679381410537,1679381410640
1679381410617,1679381410675
1679381410675,1679381410712
1679381410826,1679381410910
1679381410902,1679381410943
1679381410955,1679381410977
1679381410927,1679381410979
1679381410986,1679381411009
1679381410991,1679381411019
1679381411168,1679381411185
1679381411173,1679381411277
1679381411213,1679381411297
1679381411302,1679381411358
1679381411372,1679381411411
1679381411309,1679381411415
1679381411398,1679381411426
1679381411233,1679381411445
1679381411367,1679381411455
1679381411581,1679381411599
1679381411759,1679381411792
1679381411768,1679381411798
1679381411793,1679381411866
1679381411859,1679381411873
1679381411731,1679381411904
1679381411953,1679381411990
1679381411909,1679381412005
1679381412110,1679381412123
1679381412162,1679381412181
1679381412112,1679381412229
1679381412295,1679381412300
1679381412158,1679381412358
1679381412307,1679381412392
1679381412413,1679381412457
1679381412378,1679381412551
1679381412374,1679381412562
1679381412468,1679381412586
1679381412455,1679381412609
1679381412560,1679381412790
1679381412805,1679381412826
1679381413023,1679381413032
1679381413003,1679381413096
1679381413100,1679381413151
1679381413184,1679381413224
1679381413342,1679381413359
1679381413439,1679381413463
1679381413310,1679381413470
1679381413514,1679381413584
1679381413582,1679381413687
1679381413910,1679381413922
1679381413965,1679381414000
1679381414226,1679381414258
1679381414321,1679381414342
1679381414395,1679381414466
1679381414320,1679381414503
1679381414698,1679381414717
1679381414739,1679381414748
1679381415002,1679381415130
1679381415146,1679381415162
1679381415146,1679381415169
1679381415193,1679381415290
1679381415302,1679381415374
1679381415275,1679381415434
1679381415465,1679381415472
1679381415777,1679381415801
1679381415745,1679381415811
1679381415897,1679381415994
1679381416009,1679381416092
1679381416105,1679381416278
1679381416137,1679381416279
1679381416374,1679381416401
1679381416542,1679381416559
1679381416712,1679381416722
1679381416794,1679381416859
1679381417098,1679381417116
1679381417118,1679381417144
1679381417137,1679381417159
1679381417330,1679381417338
1679381417286,1679381417375
1679381417513,1679381417525
1679381417683,1679381417736
1679381417802,1679381417813
1679381417765,1679381417816
1679381417791,1679381417826
1679381417757,1679381417900
1679381417965,1679381418046
1679381418272,1679381418314
1679381418459,1679381418552
1679381418598,1679381418625
1679381418574,1679381418628
1679381418725,1679381418780
1679381418768,1679381418805
1679381418810,1679381418856
1679381418862,1679381418941
1679381418854,1679381418979
1679381419141,1679381419229
1679381419305,1679381419326
1679381419202,1679381419479
1679381419582,1679381419587
1679381419695,1679381419769
1679381419785,1679381419798
1679381419893,1679381419929
1679381420020,1679381420060
1679381420167,1679381420202
1679381419874,1679381420218
1679381420299,1679381420304
1679381420362,1679381420380
1679381420338,1679381420396
1679381420592,1679381420624
1679381420565,1679381420657
1679381420578,1679381420687
1679381420861,1679381420879
1679381421138,1679381421167
1679381421355,1679381421375
1679381421384,1679381421404
1679381421449,1679381421466
1679381421529,1679381421561
1679381421837,1679381421867
1679381421881,1679381421888
1679381421810,1679381421908
1679381421953,1679381421965
1679381422070,1679381422095
1679381422013,1679381422096
1679381422039,1679381422296
1679381422246,1679381422332
1679381422505,1679381422541
1679381422659,1679381422765
1679381422694,1679381422805
1679381422833,1679381422909
1679381422940,1679381422983
1679381423016,1679381423035
1679381423061,1679381423065
1679381423046,1679381423103
1679381423104,1679381423117
1679381423091,1679381423122
1679381423108,1679381423139
1679381423089,1679381423156
1679381422926,1679381423164
1679381423087,1679381423214
1679381423057,1679381423296
1679381423073,1679381423301
1679381423063,1679381423321
1679381423081,1679381423335
1679381423050,1679381423336
1679381423095,1679381423353
1679381423096,1679381423378
1679381423053,1679381423384
1679381423016,1679381423434
1679381423103,1679381423496
1679381423471,1679381423566
1679381423549,1679381423567
1679381423561,1679381423606
1679381423584,1679381423700
1679381423738,1679381423748
1679381423938,1679381423967
1679381424258,1679381424306
1679381424257,1679381424349
1679381424447,1679381424469
1679381424472,1679381424476
1679381424450,1679381424483
1679381424673,1679381424681
1679381424596,1679381424732
1679381424689,1679381424733
1679381424766,1679381424792
1679381424859,1679381424868
1679381425090,1679381425101
1679381425077,1679381425133
1679381425128,1679381425134
1679381425378,1679381425390
1679381425366,1679381425439
1679381425466,1679381425483
1679381425449,1679381425486
1679381425510,1679381425587
1679381425505,1679381425592
1679381425606,1679381425642
1679381425418,1679381425725
1679381425682,1679381425746
1679381425512,1679381425800
1679381425750,1679381425819
1679381425594,1679381425853
1679381425819,1679381425862
1679381425785,1679381425877
1679381425872,1679381425905
1679381425746,1679381425932
1679381425769,1679381425935
1679381425679,1679381425949
1679381425605,1679381425981
1679381426053,1679381426138
1679381426132,1679381426152
1679381426157,1679381426171
1679381426172,1679381426208
1679381426280,1679381426288
1679381426330,1679381426337
1679381426369,1679381426393
1679381426490,1679381426534
1679381426473,1679381426558
1679381426932,1679381426941
1679381426869,1679381426943
1679381427022,1679381427037
1679381427000,1679381427041
1679381426940,1679381427048
1679381427094,1679381427108
1679381427169,1679381427233
1679381427356,1679381427400
1679381427388,1679381427400
1679381427409,1679381427467
1679381427405,1679381427493
1679381427588,1679381427618
1679381427639,1679381427671
1679381427676,1679381427682
1679381427928,1679381427962
1679381427989,1679381428012
1679381428041,1679381428078
1679381428049,1679381428168
1679381427990,1679381428208
1679381428120,1679381428215
1679381428154,1679381428225
1679381428019,1679381428260
1679381428309,1679381428317
1679381428305,1679381428329
1679381428386,1679381428413
1679381428417,1679381428426
1679381428448,1679381428522
1679381428500,1679381428522
1679381428477,1679381428566
1679381428489,1679381428589
1679381428477,1679381428602
1679381428565,1679381428641
1679381428758,1679381428785
1679381428806,1679381428814
1679381428848,1679381428991
1679381428965,1679381428994
1679381428981,1679381429043
1679381429167,1679381429200
1679381429235,1679381429255
1679381429193,1679381429270
1679381429273,1679381429279
1679381429144,1679381429305
1679381429183,1679381429336
1679381429335,1679381429355
1679381429359,1679381429390
1679381429310,1679381429443
1679381429465,1679381429496
1679381429473,1679381429507
1679381429501,1679381429509
1679381429658,1679381429708
1679381429817,1679381429863
1679381429770,1679381429906
1679381429831,1679381429961
1679381429893,1679381429976
1679381429881,1679381429993
1679381430037,1679381430054
1679381430020,1679381430101
1679381430217,1679381430237
1679381430318,1679381430329
1679381430315,1679381430359
1679381430380,1679381430441
1679381430358,1679381430448
1679381430439,1679381430450
1679381430509,1679381430526
1679381430531,1679381430573
1679381430618,1679381430737
1679381430710,1679381430751
1679381430669,1679381430788
1679381430801,1679381430844
1679381430797,1679381430931
1679381430907,1679381430961
1679381430965,1679381430989
1679381430630,1679381430992
1679381430976,1679381431113
1679381431026,1679381431186
1679381431002,1679381431241
1679381431176,1679381431274
1679381431150,1679381431274
1679381430854,1679381431375
1679381431165,1679381431376
1679381431212,1679381431389
1679381431320,1679381431402
1679381431261,1679381431452
1679381431504,1679381431522
1679381431514,1679381431531
1679381431609,1679381431615
1679381431624,1679381431636
1679381431653,1679381431668
1679381431997,1679381432016
1679381432073,1679381432110
1679381432037,1679381432127
1679381431897,1679381432186
1679381432162,1679381432191
1679381432296,1679381432303
1679381432212,1679381432481
1679381432480,1679381432544
1679381432528,1679381432640
1679381432626,1679381432668
1679381432580,1679381432677
1679381432553,1679381432681
1679381432687,1679381432698
1679381432776,1679381432806
1679381432883,1679381432900
1679381433012,1679381433041
1679381433046,1679381433055
1679381433096,1679381433175
1679381433073,1679381433189
1679381433247,1679381433293
1679381433172,1679381433334
1679381433229,1679381433334
1679381433233,1679381433337
1679381433258,1679381433342
1679381433183,1679381433354
1679381433187,1679381433357
1679381433266,1679381433386
1679381433204,1679381433407
1679381433228,1679381433441
1679381433197,1679381433479
1679381433180,1679381433493
1679381433503,1679381433590
1679381433172,1679381433631
1679381433161,1679381433659
1679381433151,1679381433687
1679381433243,1679381433693
1679381433212,1679381433694
1679381433167,1679381433715
1679381433200,1679381433754
1679381433193,1679381433776
1679381433251,1679381433782
1679381433554,1679381433809
1679381433831,1679381433836
1679381433220,1679381433859
1679381433233,1679381433860
1679381433239,1679381434000
1679381433858,1679381434054
1679381433813,1679381434058
1679381433249,1679381434061
1679381433202,1679381434072
1679381433204,1679381434124
1679381433788,1679381434137
1679381433765,1679381434149
1679381433637,1679381434152
1679381433211,1679381434174
1679381433420,1679381434180
1679381434170,1679381434241
1679381433583,1679381434246
1679381433206,1679381434294
1679381434299,1679381434319
1679381434284,1679381434331
1679381434283,1679381434417
1679381434427,1679381434451
1679381434505,1679381434516
1679381434350,1679381434535
1679381434567,1679381434590
1679381434582,1679381434598
1679381434590,1679381434617
1679381434797,1679381434847
1679381435013,1679381435019
1679381435052,1679381435064
1679381435157,1679381435172
1679381434986,1679381435186
1679381435138,1679381435187
1679381435392,1679381435433
1679381435468,1679381435490
1679381435522,1679381435554
1679381435522,1679381435591
1679381435626,1679381435662
1679381435637,1679381435722
1679381435745,1679381435855
1679381435851,1679381435859
1679381435857,1679381435929
1679381436043,1679381436086
1679381436090,1679381436096
1679381436159,1679381436177
1679381436151,1679381436187
1679381436181,1679381436187
1679381436090,1679381436203
1679381436073,1679381436266
1679381436214,1679381436276
1679381436230,1679381436287
1679381436300,1679381436326
1679381436300,1679381436362
1679381436442,1679381436460
1679381436425,1679381436484
1679381436403,1679381436610
1679381436602,1679381436625
1679381436605,1679381436651
1679381436598,1679381436711
1679381436744,1679381436760
1679381436754,1679381436786
1679381436750,1679381436801
1679381436814,1679381436833
1679381436983,1679381437041
1679381437047,1679381437079
1679381437050,1679381437252
1679381437195,1679381437267
1679381437219,1679381437268
1679381437296,1679381437306
1679381437274,1679381437323
1679381437290,1679381437366
1679381437455,1679381437478
1679381437520,1679381437540
1679381437606,1679381437679
1679381437648,1679381437687
1679381437670,1679381437723
1679381437779,1679381437797
1679381437546,1679381437806
1679381437773,1679381437826
1679381437816,1679381437829
1679381437556,1679381437830
1679381437664,1679381437833
1679381437841,1679381437862
1679381437909,1679381437964
1679381438020,1679381438041
1679381438031,1679381438066
1679381438145,1679381438181
1679381438097,1679381438200
1679381438181,1679381438218
1679381438268,1679381438307
1679381438380,1679381438430
1679381438439,1679381438498
1679381438499,1679381438552
1679381438447,1679381438558
1679381438652,1679381438753
1679381438683,1679381438770
1679381438680,1679381438819
1679381438890,1679381438897
1679381438598,1679381438927
1679381439012,1679381439030
1679381439078,1679381439085
1679381439076,1679381439090
1679381438932,1679381439090
1679381439000,1679381439144
1679381439121,1679381439262
1679381439258,1679381439264
1679381439294,1679381439299
1679381439132,1679381439314
1679381439322,1679381439331
1679381439341,1679381439347
1679381439300,1679381439355
1679381439392,1679381439434
1679381439356,1679381439463
1679381439508,1679381439564
1679381439584,1679381439671
1679381439636,1679381439691
1679381439424,1679381439718
1679381439763,1679381439769
1679381439804,1679381439859
1679381439834,1679381439922
1679381439925,1679381439965
1679381439732,1679381439982
1679381439972,1679381440031
1679381440028,1679381440037
1679381440024,1679381440054
1679381440042,1679381440063
1679381439975,1679381440067
1679381440097,1679381440149
1679381440174,1679381440190
1679381440171,1679381440210
1679381440304,1679381440369
1679381440341,1679381440394
1679381440253,1679381440405
1679381440365,1679381440521
1679381440392,1679381440544
1679381440535,1679381440586
1679381440437,1679381440618
1679381440637,1679381440668
1679381440718,1679381440774
1679381440651,1679381440779
1679381440716,1679381440792
1679381440822,1679381440876
1679381440844,1679381440921
1679381440800,1679381440959
1679381440785,1679381440968
1679381440884,1679381440979
1679381440937,1679381441067
1679381440985,1679381441098
1679381440994,1679381441134
1679381441009,1679381441167
1679381441080,1679381441170
1679381441160,1679381441182
1679381440967,1679381441198
1679381441259,1679381441270
1679381441228,1679381441273
1679381441272,1679381441277
1679381441281,1679381441287
1679381441283,1679381441290
1679381441242,1679381441326
1679381441352,1679381441357
1679381441580,1679381441663
1679381441560,1679381441684
1679381441701,1679381441792
1679381441730,1679381441819
1679381441792,1679381441821
1679381441544,1679381441859
1679381441729,1679381441881
1679381441883,1679381441898
1679381441860,1679381441906
1679381441857,1679381441923
1679381441837,1679381441929
1679381442015,1679381442087
1679381441983,1679381442100
1679381442041,1679381442118
1679381441984,1679381442140
1679381442187,1679381442227
1679381442191,1679381442240
1679381442192,1679381442252
1679381442243,1679381442319
1679381442182,1679381442320
1679381442305,1679381442332
1679381442400,1679381442419
1679381442393,1679381442449
1679381442448,1679381442515
1679381442492,1679381442630
1679381442489,1679381442638
1679381442661,1679381442693
1679381442571,1679381442727
1679381442710,1679381442739
1679381442786,1679381442898
1679381442897,1679381442913
1679381442875,1679381442925
1679381443009,1679381443049
1679381442996,1679381443085
1679381443409,1679381443475
1679381443484,1679381443494
1679381443480,1679381443508
1679381443490,1679381443543
1679381443541,1679381443565
1679381443565,1679381443658
1679381443769,1679381443792
1679381443787,1679381443940
1679381443907,1679381443954
1679381444092,1679381444118
1679381444074,1679381444264
1679381444265,1679381444281
1679381444410,1679381444434
1679381444458,1679381444468
1679381444645,1679381444675
1679381444569,1679381444675
1679381444713,1679381444778
1679381444771,1679381444799
1679381444829,1679381444885
1679381444888,1679381444906
1679381444872,1679381444996
1679381444980,1679381445017
1679381445044,1679381445082
1679381445122,1679381445180
1679381445180,1679381445189
1679381445195,1679381445249
1679381445245,1679381445270
1679381445284,1679381445328
1679381445335,1679381445366
1679381445450,1679381445459
1679381445445,1679381445463
1679381445545,1679381445554
1679381445472,1679381445594
1679381445516,1679381445603
1679381445590,1679381445659
1679381445560,1679381445710
1679381445845,1679381445861
1679381445856,1679381445882
1679381445996,1679381446018
1679381445968,1679381446022
1679381446017,1679381446059
1679381446203,1679381446216
1679381446040,1679381446249
1679381446250,1679381446275
1679381446194,1679381446322
1679381446204,1679381446347
1679381446142,1679381446380
1679381446382,1679381446399
1679381446263,1679381446412
1679381446356,1679381446449
1679381446128,1679381446457
1679381446683,1679381446800
1679381446898,1679381446978
1679381446915,1679381447035
1679381446985,1679381447049
1679381447019,1679381447112
1679381447027,1679381447125
1679381447121,1679381447134
1679381447004,1679381447164
1679381447181,1679381447207
1679381447030,1679381447218
1679381447212,1679381447244
1679381447079,1679381447263
1679381447344,1679381447420
1679381447435,1679381447480
1679381447541,1679381447580
1679381447547,1679381447615
1679381447658,1679381447674
1679381447692,1679381447725
1679381447812,1679381447833
1679381447847,1679381447859
1679381447869,1679381447897
1679381447865,1679381447911
1679381447887,1679381447942
1679381447950,1679381447957
1679381447877,1679381447961
1679381447866,1679381447984
1679381447957,1679381448025
1679381447946,1679381448035
1679381448046,1679381448093
1679381448094,1679381448184
1679381448108,1679381448193
1679381448151,1679381448219
1679381448232,1679381448273
1679381448334,1679381448375
1679381448347,1679381448391
1679381448379,1679381448474
1679381448464,1679381448524
1679381448712,1679381448743
1679381448730,1679381448846
1679381448780,1679381448906
1679381448839,1679381448915
1679381448741,1679381448943
1679381448940,1679381449009
1679381449007,1679381449021
1679381449010,1679381449150
1679381449099,1679381449220
1679381449197,1679381449235
1679381449267,1679381449309
1679381449246,1679381449311
1679381449450,1679381449455
1679381449444,1679381449557
1679381449653,1679381449663
1679381449647,1679381449743
1679381449699,1679381449768
1679381449771,1679381449805
1679381449704,1679381449875
1679381449889,1679381449922
1679381449951,1679381449996
1679381449859,1679381450044
1679381449835,1679381450053
1679381450204,1679381450210
1679381450011,1679381450238
1679381450186,1679381450260
1679381450230,1679381450263
1679381450267,1679381450281
1679381450294,1679381450300
1679381450419,1679381450448
1679381450427,1679381450452
1679381450488,1679381450492
1679381450570,1679381450579
1679381450553,1679381450579
1679381450602,1679381450685
1679381450608,1679381450734
1679381450734,1679381450750
1679381450744,1679381450787
1679381450773,1679381450823
1679381450861,1679381450915
1679381450907,1679381450937
1679381450911,1679381450987
1679381450993,1679381451055
1679381450852,1679381451058
1679381450936,1679381451098
1679381451009,1679381451124
1679381450910,1679381451161
1679381451172,1679381451189
1679381451237,1679381451366
1679381451249,1679381451466
1679381451476,1679381451486
1679381451609,1679381451627
1679381451561,1679381451641
1679381451792,1679381451798
1679381451808,1679381451814
1679381451740,1679381451886
1679381451853,1679381451954
1679381451949,1679381451982
1679381451900,1679381452047
1679381452048,1679381452056
1679381452081,1679381452100
1679381452092,1679381452125
1679381452126,1679381452140
1679381452125,1679381452142
1679381452159,1679381452203
1679381452218,1679381452234
1679381452229,1679381452244
1679381452295,1679381452305
1679381452493,1679381452506
1679381452477,1679381452540
1679381452580,1679381452601
1679381452614,1679381452674
1679381452655,1679381452690
1679381452692,1679381452698
1679381452681,1679381452717
1679381452744,1679381452766
1679381452760,1679381452772
1679381452697,1679381452782
1679381452752,1679381452816
1679381452928,1679381452939
1679381452901,1679381452950
1679381452940,1679381452986
1679381452962,1679381453040
1679381453196,1679381453230
1679381453185,1679381453289
1679381453141,1679381453296
1679381453361,1679381453384
1679381453578,1679381453589
1679381453628,1679381453676
1679381453861,1679381453884
1679381453893,1679381453912
1679381453940,1679381453962
1679381453893,1679381453964
1679381453761,1679381454024
1679381454041,1679381454059
1679381454085,1679381454092
1679381454131,1679381454146
1679381454113,1679381454163
1679381454258,1679381454270
1679381454433,1679381454530
1679381454533,1679381454586
1679381454641,1679381454736
1679381454658,1679381454748
1679381454810,1679381454852
1679381454961,1679381454992
1679381454993,1679381455022
1679381455061,1679381455096
1679381455436,1679381455456
1679381455429,1679381455463
1679381455408,1679381455503
1679381455377,1679381455529
1679381455574,1679381455580
1679381455558,1679381455584
1679381455557,1679381455602
1679381455641,1679381455695
1679381455762,1679381455807
1679381455597,1679381455843
1679381455738,1679381455881
1679381455873,1679381455916
1679381455921,1679381455937
1679381455978,1679381456028
1679381456042,1679381456058
1679381456069,1679381456075
1679381456049,1679381456079
1679381456102,1679381456127
1679381456030,1679381456156
1679381456177,1679381456197
1679381456149,1679381456199
1679381456236,1679381456242
1679381456244,1679381456249
1679381456222,1679381456251
1679381456541,1679381456609
1679381456712,1679381456883
1679381456790,1679381456886
1679381456838,1679381456911
1679381456905,1679381456968
1679381457074,1679381457190
1679381457162,1679381457200
1679381457190,1679381457213
1679381457134,1679381457257
1679381457225,1679381457338
1679381457386,1679381457392
1679381457589,1679381457594
1679381457590,1679381457663
1679381457565,1679381457688
1679381457621,1679381457709
1679381457690,1679381457715
1679381457696,1679381457727
1679381457741,1679381457765
1679381457704,1679381457790
1679381457850,1679381457859
1679381457850,1679381457920
1679381457979,1679381457986
1679381458079,1679381458088
1679381458114,1679381458141
1679381458086,1679381458164
1679381458158,1679381458173
1679381458197,1679381458228
1679381458226,1679381458376
1679381458575,1679381458589
1679381458637,1679381458698
1679381458726,1679381458744
1679381458722,1679381458773
1679381458765,1679381458823
1679381458769,1679381458833
1679381458834,1679381458887
1679381458945,1679381458952
1679381459078,1679381459090
1679381459130,1679381459147
1679381459114,1679381459153
1679381459162,1679381459179
1679381459186,1679381459210
1679381459238,1679381459249
1679381459266,1679381459274
1679381459294,1679381459400
1679381459502,1679381459541
1679381459569,1679381459581
1679381459530,1679381459607
1679381459578,1679381459625
1679381459779,1679381459795
1679381459760,1679381459808
1679381459820,1679381459858
1679381459902,1679381459926
1679381459918,1679381459945
1679381460050,1679381460109
1679381460183,1679381460189
1679381460234,1679381460242
1679381460210,1679381460260
1679381460366,1679381460413
1679381460413,1679381460466
1679381460498,1679381460518
1679381460570,1679381460577
1679381460630,1679381460651
1679381460593,1679381460688
1679381460604,1679381460780
1679381460765,1679381460796
1679381460786,1679381460798
1679381460593,1679381460901
1679381460938,1679381460972
1679381460869,1679381461036
1679381461046,1679381461211
1679381461153,1679381461221
1679381461234,1679381461329
1679381461374,1679381461388
1679381461524,1679381461531
1679381461521,1679381461556
1679381461473,1679381461559
1679381461571,1679381461596
1679381461446,1679381461660
1679381461697,1679381461721
1679381461393,1679381461736
1679381461802,1679381461859
1679381461837,1679381461880
1679381461894,1679381461948
1679381461869,1679381462008
1679381461981,1679381462111
1679381462009,1679381462149
1679381462061,1679381462168
1679381462069,1679381462176
1679381462179,1679381462196
1679381461901,1679381462201
1679381462018,1679381462218
1679381462142,1679381462239
1679381462061,1679381462250
1679381462225,1679381462259
1679381462261,1679381462267
1679381462277,1679381462345
1679381462336,1679381462362
1679381462333,1679381462363
1679381462434,1679381462462
1679381462634,1679381462709
1679381462558,1679381462740
1679381462734,1679381462787
1679381462993,1679381463017
1679381463082,1679381463149
1679381463127,1679381463151
1679381463132,1679381463159
1679381463085,1679381463172
1679381463469,1679381463535
1679381463481,1679381463546
1679381463454,1679381463588
1679381463180,1679381463630
1679381463661,1679381463684
1679381463682,1679381463690
1679381463661,1679381463696
1679381463810,1679381463818
1679381463747,1679381463818
1679381463816,1679381463826
1679381463832,1679381463841
1679381463829,1679381463868
1679381463841,1679381463886
1679381463845,1679381463894
1679381463929,1679381464033
1679381464028,1679381464041
1679381464186,1679381464220
1679381464290,1679381464331
1679381464290,1679381464337
1679381464349,1679381464430
1679381464533,1679381464570
1679381464554,1679381464597
1679381464733,1679381464746
1679381464710,1679381464758
1679381464753,1679381464777
1679381464800,1679381464805
1679381464966,1679381465036
1679381465069,1679381465085
1679381464957,1679381465102
1679381465004,1679381465128
1679381465117,1679381465131
1679381465125,1679381465159
1679381465161,1679381465174
1679381465357,1679381465415
1679381465420,1679381465440
1679381465590,1679381465601
1679381465514,1679381465607
1679381465660,1679381465688
1679381465729,1679381465733
1679381465705,1679381465818
1679381465801,1679381465847
1679381465770,1679381465949
1679381465973,1679381466082
1679381466057,1679381466088
1679381466141,1679381466181
1679381466118,1679381466233
1679381466353,1679381466422
1679381466426,1679381466464
1679381466428,1679381466504
1679381466534,1679381466586
1679381466597,1679381466632
1679381466646,1679381466715
1679381466751,1679381466788
1679381466768,1679381466831
1679381466746,1679381466849
1679381466863,1679381466878
1679381466872,1679381466909
1679381466937,1679381466963
1679381467033,1679381467122
1679381467183,1679381467235
1679381467237,1679381467268
1679381467357,1679381467371
1679381467342,1679381467413
1679381467380,1679381467440
1679381467546,1679381467558
1679381467506,1679381467559
1679381467798,1679381467808
1679381467686,1679381467837
1679381467741,1679381467855
1679381468010,1679381468026
1679381468036,1679381468052
1679381468003,1679381468054
1679381468217,1679381468294
1679381468185,1679381468324
1679381468226,1679381468355
1679381468370,1679381468390
1679381468217,1679381468393
1679381468613,1679381468632
1679381468642,1679381468811
1679381468834,1679381468847
1679381468816,1679381468862
1679381468918,1679381468932
1679381468910,1679381468942
1679381468809,1679381468965
1679381468845,1679381469020
1679381468789,1679381469035
1679381469077,1679381469118
1679381469046,1679381469161
1679381469165,1679381469185
1679381469138,1679381469209
1679381469226,1679381469261
1679381469387,1679381469396
1679381469165,1679381469431
1679381469278,1679381469457
1679381469478,1679381469504
1679381469494,1679381469522
1679381469619,1679381469635
1679381469709,1679381469732
1679381469810,1679381469826
1679381469882,1679381469993
1679381470002,1679381470007
1679381470062,1679381470102
1679381470057,1679381470126
1679381470149,1679381470165
1679381470250,1679381470261
1679381470249,1679381470279
1679381470285,1679381470294
1679381470214,1679381470303
1679381470273,1679381470411
1679381470301,1679381470455
1679381470453,1679381470464
1679381470458,1679381470476
1679381470469,1679381470478
1679381470496,1679381470582
1679381470663,1679381470721
1679381471001,1679381471032
1679381471066,1679381471091
1679381471157,1679381471169
1679381471201,1679381471237
1679381471157,1679381471243
1679381471163,1679381471274
1679381471281,1679381471335
1679381471378,1679381471384
1679381471326,1679381471467
1679381471461,1679381471470
1679381471509,1679381471524
1679381471529,1679381471605
1679381471597,1679381471616
1679381471604,1679381471624
1679381471694,1679381471708
1679381471785,1679381471827
1679381471862,1679381471876
1679381471917,1679381471975
1679381472026,1679381472143
1679381472157,1679381472178
1679381472210,1679381472234
1679381472313,1679381472349
1679381472346,1679381472423
1679381472406,1679381472501
1679381472444,1679381472502
1679381472501,1679381472517
1679381472494,1679381472526
1679381472521,1679381472663
1679381472821,1679381472847
1679381472841,1679381472909
1679381472974,1679381472981
1679381473102,1679381473109
1679381473121,1679381473131
1679381473039,1679381473158
1679381473160,1679381473176
1679381473140,1679381473184
1679381473360,1679381473368
1679381473359,1679381473417
1679381473327,1679381473471
1679381473449,1679381473488
1679381473611,1679381473637
1679381473631,1679381473644
1679381473648,1679381473685
1679381473664,1679381473717
1679381473717,1679381473775
1679381473672,1679381473781
1679381473673,1679381473800
1679381473683,1679381473809
1679381473651,1679381473845
1679381473632,1679381473862
1679381473672,1679381473867
1679381473648,1679381473870
1679381473652,1679381473921
1679381473677,1679381473929
1679381473663,1679381473933
1679381473692,1679381473976
1679381473876,1679381474017
1679381473653,1679381474049
1679381473977,1679381474050
1679381474040,1679381474051
1679381473914,1679381474080
1679381474089,1679381474242
1679381474084,1679381474253
1679381474339,1679381474380
1679381474499,1679381474516
1679381474461,1679381474529
1679381474455,1679381474557
1679381474525,1679381474559
1679381474623,1679381474642
1679381474527,1679381474697
1679381474661,1679381474751
1679381474589,1679381474789
1679381474631,1679381474860
1679381475205,1679381475216
1679381475115,1679381475265
1679381474982,1679381475272
1679381475380,1679381475428
1679381475443,1679381475470
1679381475474,1679381475530
1679381475519,1679381475547
1679381475509,1679381475555
1679381475518,1679381475584
1679381475558,1679381475651
1679381475626,1679381475658
1679381475730,1679381475762
1679381475779,1679381475793
1679381475874,1679381475898
1679381475944,1679381475955
1679381475962,1679381475977
1679381475847,1679381476021
1679381476199,1679381476202
1679381476198,1679381476206
1679381476174,1679381476250
1679381476171,1679381476266
1679381476243,1679381476285
1679381476210,1679381476299
1679381476302,1679381476308
1679381476342,1679381476384
1679381476278,1679381476433
1679381476418,1679381476527
1679381476522,1679381476555
1679381476567,1679381476576
1679381476620,1679381476702
1679381476726,1679381476770
1679381476710,1679381476770
1679381476763,1679381476839
1679381476811,1679381476855
1679381476887,1679381476911
1679381476884,1679381476912
1679381476922,1679381476933
1679381476967,1679381476991
1679381476995,1679381477006
1679381477030,1679381477106
1679381477115,1679381477120
1679381477020,1679381477135
1679381477108,1679381477141
1679381477400,1679381477450
1679381477407,1679381477457
1679381477415,1679381477460
1679381477548,1679381477649
1679381477620,1679381477655
1679381477646,1679381477706
1679381477764,1679381477785
1679381477788,1679381477875
1679381477834,1679381477894
1679381477936,1679381477973
1679381477996,1679381478032
1679381478068,1679381478107
1679381478070,1679381478121
1679381478234,1679381478246
1679381478223,1679381478259
1679381478269,1679381478277
1679381478360,1679381478377
1679381478370,1679381478378
1679381478347,1679381478455
1679381478548,1679381478577
1679381478579,1679381478622
1679381478660,1679381478674
1679381478846,1679381478895
1679381478847,1679381478897
1679381478908,1679381478968
1679381478927,1679381479006
1679381479010,1679381479050
1679381479127,1679381479152
1679381479130,1679381479237
1679381479271,1679381479363
1679381479279,1679381479369
1679381479388,1679381479403
1679381479432,1679381479437
1679381479527,1679381479560
1679381479597,1679381479672
1679381479685,1679381479709
1679381479717,1679381479722
1679381479717,1679381479735
1679381479771,1679381479778
1679381479967,1679381479992
1679381479988,1679381480025
1679381480064,1679381480102
1679381480154,1679381480164
1679381480158,1679381480171
1679381480196,1679381480206
1679381480244,1679381480258
1679381480416,1679381480424
1679381480457,1679381480462
1679381480474,1679381480488
1679381480429,1679381480489
1679381480455,1679381480502
1679381480532,1679381480565
1679381480585,1679381480603
1679381480585,1679381480612
1679381480509,1679381480628
1679381480595,1679381480690
1679381480536,1679381480709
1679381480705,1679381480752
1679381480771,1679381480778
1679381480768,1679381480778
1679381480807,1679381480818
1679381480789,1679381480828
1679381480901,1679381480921
1679381480841,1679381480936
1679381480924,1679381480969
1679381481008,1679381481072
1679381481146,1679381481192
1679381481365,1679381481374
1679381481352,1679381481380
1679381481494,1679381481549
1679381481565,1679381481589
1679381481585,1679381481608
1679381481651,1679381481667
1679381481698,1679381481725
1679381481742,1679381481801
1679381481893,1679381481963
1679381481964,1679381481991
1679381481905,1679381482015
1679381482014,1679381482018
1679381481932,1679381482020
1679381481863,1679381482036
1679381482070,1679381482157
1679381482187,1679381482206
1679381482172,1679381482261
1679381482387,1679381482481
1679381482414,1679381482642
1679381482701,1679381482790
1679381482729,1679381482791
1679381482760,1679381482824
1679381482921,1679381482953
1679381483001,1679381483016
1679381483005,1679381483032
1679381483073,1679381483112
1679381483121,1679381483138
1679381483076,1679381483169
1679381483144,1679381483175
1679381483192,1679381483222
1679381483288,1679381483315
1679381483313,1679381483338
1679381483265,1679381483370
1679381483361,1679381483390
1679381483382,1679381483402
1679381483385,1679381483469
1679381483516,1679381483530
1679381483640,1679381483658
1679381483646,1679381483724
1679381483743,1679381483756
1679381483752,1679381483762
1679381483749,1679381483762
1679381483741,1679381483779
1679381483803,1679381483919
1679381483782,1679381483934
1679381483736,1679381484004
1679381483919,1679381484014
1679381483912,1679381484033
1679381483786,1679381484061
1679381483779,1679381484064
1679381483751,1679381484119
1679381484150,1679381484155
1679381483776,1679381484167
1679381483760,1679381484186
1679381483784,1679381484187
1679381483776,1679381484211
1679381483811,1679381484260
1679381484014,1679381484280
1679381483755,1679381484300
1679381483768,1679381484317
1679381483940,1679381484367
1679381483907,1679381484378
1679381484196,1679381484387
1679381483800,1679381484419
1679381483840,1679381484442
1679381483798,1679381484448
1679381483824,1679381484485
1679381484053,1679381484487
1679381483770,1679381484490
1679381484481,1679381484498
1679381484500,1679381484525
1679381484392,1679381484556
1679381483827,1679381484602
1679381483809,1679381484620
1679381483792,1679381484649
1679381483807,1679381484729
1679381484245,1679381484747
1679381483897,1679381484777
1679381483758,1679381484789
1679381484042,1679381484799
1679381484501,1679381484849
1679381484833,1679381484858
1679381484783,1679381484967
1679381485105,1679381485125
1679381485112,1679381485158
1679381485034,1679381485188
1679381485185,1679381485229
1679381485203,1679381485266
1679381485278,1679381485304
1679381485200,1679381485327
1679381485328,1679381485349
1679381485345,1679381485368
1679381485355,1679381485372
1679381485431,1679381485437
1679381485508,1679381485618
1679381485612,1679381485626
1679381485736,1679381485795
1679381485826,1679381485901
1679381485830,1679381485933
1679381485854,1679381485953
1679381485885,1679381485982
1679381486091,1679381486102
1679381486113,1679381486188
1679381486086,1679381486198
1679381486190,1679381486212
1679381486402,1679381486431
1679381486400,1679381486440
1679381486450,1679381486459
1679381486483,1679381486494
1679381486525,1679381486539
1679381486752,1679381486805
1679381486720,1679381486810
1679381486898,1679381487005
1679381486926,1679381487015
1679381487022,1679381487043
1679381487049,1679381487166
1679381487085,1679381487247
1679381487402,1679381487442
1679381487422,1679381487589
1679381487528,1679381487630
1679381487563,1679381487634
1679381487736,1679381487855
1679381487840,1679381487858
1679381487920,1679381487950
1679381488087,1679381488100
1679381488097,1679381488107
1679381488077,1679381488121
1679381487946,1679381488185
1679381488308,1679381488325
1679381488311,1679381488335
1679381488336,1679381488357
1679381488443,1679381488452
1679381488443,1679381488478
1679381488598,1679381488615
1679381488619,1679381488623
1679381488777,1679381488791
1679381488770,1679381488794
1679381488756,1679381488858
1679381488836,1679381488873
1679381488913,1679381488924
1679381488803,1679381488947
1679381489029,1679381489034
1679381489019,1679381489063
1679381489092,1679381489101
1679381489103,1679381489153
1679381489193,1679381489223
1679381489142,1679381489279
1679381489201,1679381489292
1679381489293,1679381489386
1679381489356,1679381489396
1679381489376,1679381489457
1679381489419,1679381489476
1679381489450,1679381489514
1679381489401,1679381489562
1679381489379,1679381489620
1679381489716,1679381489728
1679381489576,1679381489736
1679381489719,1679381489756
1679381489677,1679381489758
1679381489519,1679381489767
1679381489557,1679381489772
1679381489692,1679381489785
1679381489579,1679381489794
1679381489659,1679381489795
1679381489727,1679381489811
1679381489801,1679381489827
1679381489820,1679381489859
1679381489853,1679381489883
1679381489839,1679381489910
1679381489926,1679381489939
1679381489928,1679381489955
1679381489945,1679381490013
1679381489982,1679381490132
1679381490121,1679381490142
1679381490159,1679381490167
1679381490175,1679381490183
1679381490124,1679381490216
1679381490231,1679381490254
1679381490175,1679381490321
1679381490316,1679381490351
1679381490428,1679381490436
1679381490367,1679381490444
1679381490563,1679381490567
1679381490482,1679381490592
1679381490584,1679381490593
1679381490668,1679381490707
1679381490793,1679381490802
1679381490815,1679381490826
1679381490800,1679381490841
1679381490922,1679381490946
1679381490950,1679381490987
1679381490975,1679381491023
1679381491020,1679381491076
1679381491100,1679381491194
1679381491172,1679381491223
1679381491064,1679381491230
1679381491108,1679381491248
1679381490964,1679381491282
1679381491260,1679381491303
1679381491268,1679381491319
1679381491253,1679381491322
1679381491196,1679381491338
1679381491396,1679381491425
1679381491409,1679381491435
1679381491439,1679381491443
1679381491446,1679381491450
1679381491460,1679381491471
1679381491596,1679381491623
1679381491711,1679381491718
1679381491537,1679381491773
1679381491719,1679381491778
1679381491715,1679381491802
1679381491843,1679381491862
1679381491931,1679381491960
1679381491891,1679381492007
1679381491980,1679381492013
1679381492028,1679381492065
1679381492076,1679381492111
1679381492256,1679381492262
1679381492426,1679381492473
1679381492436,1679381492486
1679381492522,1679381492529
1679381492567,1679381492579
1679381492551,1679381492593
1679381492596,1679381492608
1679381492643,1679381492664
1679381492661,1679381492695
1679381492744,1679381492796
1679381492988,1679381493018
1679381493001,1679381493035
1679381492916,1679381493049
1679381493380,1679381493422
1679381493417,1679381493436
1679381493505,1679381493536
1679381493533,1679381493585
1679381493585,1679381493618
1679381493735,1679381493781
1679381493555,1679381493853
1679381493944,1679381494010
1679381493997,1679381494014
1679381494173,1679381494181
1679381494213,1679381494222
1679381494221,1679381494227
1679381494047,1679381494268
1679381494404,1679381494468
1679381494487,1679381494501
1679381494648,1679381494678
1679381494811,1679381494833
1679381494921,1679381494931
1679381494949,1679381494958
1679381495011,1679381495024
1679381495075,1679381495129
1679381495180,1679381495207
1679381495193,1679381495237
1679381495219,1679381495249
1679381495260,1679381495295
1679381495332,1679381495399
1679381495483,1679381495511
1679381495568,1679381495589
1679381495653,1679381495662
1679381495758,1679381495843
1679381495932,1679381495957
1679381496016,1679381496036
1679381495996,1679381496088
1679381496075,1679381496146
1679381496257,1679381496261
1679381496590,1679381496631
1679381496752,1679381496867
1679381496868,1679381496871
1679381496836,1679381496914
1679381496882,1679381496996
1679381497062,1679381497138
1679381497189,1679381497218
1679381497199,1679381497224
1679381497295,1679381497314
1679381497323,1679381497373
1679381497363,1679381497416
1679381497580,1679381497587
1679381497696,1679381497755
1679381497768,1679381497785
1679381497900,1679381497942
1679381498144,1679381498251
1679381498302,1679381498327
1679381498368,1679381498392
1679381498344,1679381498400
1679381498422,1679381498461
1679381498460,1679381498491
1679381498648,1679381498670
1679381498787,1679381498815
1679381498769,1679381498920
1679381498923,1679381498941
1679381498838,1679381498945
1679381499151,1679381499176
1679381499088,1679381499181
1679381499019,1679381499184
1679381499178,1679381499260
1679381499463,1679381499489
1679381499559,1679381499582
1679381499622,1679381499626
1679381499592,1679381499714
1679381499880,1679381499912
1679381499915,1679381499957
1679381500012,1679381500069
1679381500072,1679381500126
1679381500330,1679381500381
1679381500459,1679381500470
1679381500455,1679381500479
1679381500496,1679381500519
1679381500468,1679381500561
1679381500600,1679381500605
1679381500653,1679381500710
1679381500740,1679381500746
1679381500888,1679381500942
1679381501062,1679381501094
1679381501047,1679381501117
1679381500943,1679381501130
1679381501136,1679381501172
1679381501121,1679381501176
1679381501421,1679381501442
1679381501464,1679381501476
1679381501525,1679381501642
1679381501853,1679381501887
1679381502044,1679381502071
1679381502036,1679381502228
1679381502052,1679381502273
1679381502261,1679381502294
1679381502200,1679381502319
1679381501945,1679381502369
1679381502426,1679381502429
1679381502404,1679381502528
1679381502511,1679381502582
1679381502665,1679381502692
1679381502849,1679381502866
1679381502861,1679381502898
1679381502901,1679381502941
1679381502917,1679381502980
1679381503309,1679381503343
1679381503482,1679381503524
1679381503565,1679381503591
1679381503582,1679381503617
1679381503769,1679381503781
1679381503757,1679381503801
1679381503926,1679381503994
1679381504034,1679381504044
1679381503967,1679381504061
1679381504109,1679381504155
1679381504122,1679381504192
1679381504237,1679381504293
1679381504252,1679381504298
1679381504286,1679381504301
1679381504254,1679381504322
1679381504215,1679381504337
1679381504244,1679381504406
1679381504225,1679381504414
1679381504365,1679381504473
1679381504310,1679381504475
1679381504369,1679381504496
1679381504430,1679381504513
1679381504394,1679381504519
1679381504315,1679381504628
1679381504232,1679381504666
1679381504282,1679381504682
1679381504263,1679381504718
1679381504371,1679381504720
1679381504273,1679381504727
1679381504287,1679381504736
1679381504673,1679381504738
1679381504301,1679381504762
1679381504370,1679381504778
1679381504226,1679381504816
1679381504277,1679381504840
1679381504307,1679381504845
1679381504469,1679381504855
1679381504328,1679381504873
1679381504370,1679381504892
1679381504240,1679381504945
1679381504367,1679381505005
1679381504368,1679381505037
1679381504364,1679381505039
1679381504329,1679381505073
1679381504265,1679381505103
1679381504276,1679381505125
1679381504365,1679381505175
1679381504689,1679381505194
1679381504327,1679381505198
1679381505192,1679381505203
1679381504369,1679381505217
1679381505117,1679381505253
1679381504822,1679381505271
1679381504270,1679381505272
1679381504367,1679381505300
1679381504314,1679381505300
1679381504894,1679381505306
1679381504229,1679381505337
1679381505144,1679381505337
1679381504240,1679381505342
1679381504279,1679381505393
1679381504244,1679381505467
1679381504299,1679381505473
1679381504281,1679381505492
1679381504270,1679381505500
1679381504254,1679381505508
1679381504998,1679381505543
1679381505502,1679381505556
1679381505578,1679381505590
1679381505107,1679381505603
1679381505621,1679381505630
1679381505735,1679381505748
1679381505842,1679381505876
1679381506147,1679381506159
1679381506306,1679381506358
1679381506382,1679381506390
1679381506546,1679381506590
1679381506646,1679381506671
1679381506843,1679381506874
1679381506657,1679381506946
1679381506726,1679381506958
1679381507030,1679381507062
1679381507073,1679381507105
1679381507158,1679381507188
1679381507186,1679381507192
1679381507200,1679381507244
1679381507225,1679381507277
1679381507281,1679381507336
1679381507345,1679381507357
1679381507478,1679381507497
1679381507447,1679381507506
1679381507553,1679381507614
1679381507556,1679381507625
1679381507649,1679381507654
1679381507615,1679381507656
1679381507676,1679381507768
1679381507550,1679381507871
1679381507874,1679381507884
1679381507877,1679381507906
1679381507925,1679381507989
1679381507813,1679381507989
1679381507927,1679381508007
1679381507942,1679381508046
1679381507602,1679381508053
1679381508057,1679381508162
1679381508174,1679381508196
1679381508206,1679381508221
1679381508229,1679381508241
1679381508278,1679381508314
1679381508370,1679381508382
1679381508477,1679381508491
1679381508540,1679381508564
1679381508507,1679381508565
1679381508590,1679381508599
1679381508563,1679381508702
1679381508714,1679381508769
1679381508674,1679381508791
1679381508740,1679381508831
1679381508800,1679381508839
1679381508889,1679381508899
1679381508863,1679381508925
1679381508794,1679381508973
1679381508921,1679381509013
1679381508992,1679381509045
1679381509060,1679381509095
1679381509250,1679381509266
1679381509361,1679381509381
1679381509407,1679381509440
1679381509388,1679381509440
1679381509399,1679381509466
1679381509556,1679381509566
1679381509595,1679381509599
1679381509618,1679381509654
1679381509670,1679381509682
1679381509686,1679381509707
1679381509822,1679381509835
1679381509926,1679381509949
1679381509918,1679381509982
1679381510012,1679381510018
1679381510128,1679381510149
1679381510018,1679381510166
1679381510306,1679381510398
1679381510401,1679381510428
1679381510470,1679381510474
1679381510529,1679381510599
1679381510513,1679381510621
1679381510598,1679381510663
1679381510666,1679381510692
1679381510802,1679381510898
1679381510916,1679381510926
1679381510982,1679381511026
1679381511044,1679381511082
1679381511093,1679381511099
1679381511151,1679381511156
1679381511210,1679381511283
1679381511204,1679381511292
1679381511280,1679381511314
1679381511121,1679381511328
1679381511147,1679381511422
1679381511391,1679381511446
1679381511155,1679381511471
1679381511472,1679381511488
1679381511586,1679381511618
1679381511577,1679381511683
1679381511587,1679381511697
1679381511770,1679381511798
1679381511846,1679381511854
1679381511859,1679381511893
1679381511859,1679381511906
1679381511855,1679381511956
1679381512160,1679381512213
1679381512312,1679381512343
1679381512412,1679381512448
1679381512411,1679381512466
1679381512455,1679381512541
1679381512458,1679381512562
1679381512632,1679381512645
1679381512596,1679381512678
1679381512724,1679381512764
1679381512756,1679381512770
1679381512766,1679381512811
1679381512655,1679381512822
1679381512873,1679381512991
1679381512865,1679381512995
1679381512924,1679381513015
1679381512822,1679381513028
1679381513036,1679381513080
1679381512960,1679381513126
1679381513123,1679381513139
1679381512947,1679381513171
1679381513080,1679381513331
1679381512773,1679381513351
1679381513292,1679381513391
1679381513388,1679381513423
1679381513226,1679381513436
1679381513100,1679381513504
1679381513526,1679381513625
1679381513447,1679381513651
1679381513351,1679381513660
1679381513647,1679381513661
1679381513621,1679381513690
1679381513388,1679381513769
1679381513431,1679381513786
1679381513607,1679381513800
1679381513785,1679381513813
1679381513531,1679381513834
1679381513001,1679381513848
1679381513524,1679381513894
1679381513871,1679381513980
1679381513239,1679381514003
1679381513706,1679381514004
1679381513703,1679381514011
1679381514001,1679381514016
1679381514071,1679381514106
1679381514096,1679381514146
1679381514173,1679381514205
1679381514200,1679381514209
1679381514396,1679381514407
1679381514403,1679381514481
1679381514477,1679381514543
1679381514655,1679381514680
1679381514644,1679381514768
1679381514690,1679381514778
1679381514807,1679381514811
1679381514654,1679381514816
1679381514823,1679381514861
1679381514781,1679381514879
1679381514905,1679381514918
1679381515043,1679381515102
1679381515228,1679381515306
1679381515293,1679381515326
1679381515399,1679381515419
1679381515376,1679381515419
1679381515421,1679381515441
1679381515438,1679381515493
1679381515519,1679381515571
1679381515563,1679381515576
1679381515574,1679381515578
1679381515584,1679381515592
1679381515549,1679381515600
1679381515608,1679381515707
1679381515755,1679381515771
1679381515758,1679381515816
1679381515841,1679381515874
1679381515856,1679381515887
1679381515895,1679381515935
1679381516097,1679381516124
1679381516301,1679381516437
1679381516348,1679381516441
1679381516534,1679381516559
1679381516593,1679381516710
1679381516775,1679381516779
1679381516783,1679381516816
1679381516866,1679381516895
1679381516958,1679381516982
1679381517056,1679381517123
1679381517174,1679381517186
1679381517209,1679381517224
1679381517412,1679381517435
1679381517437,1679381517518
1679381517477,1679381517528
1679381517470,1679381517556
1679381517435,1679381517559
1679381517613,1679381517650
1679381517663,1679381517669
1679381517677,1679381517772
1679381517752,1679381517782
1679381517783,1679381517815
1679381517613,1679381517866
1679381517884,1679381517940
1679381517871,1679381518061
1679381517927,1679381518083
1679381517979,1679381518107
1679381517871,1679381518139
1679381518001,1679381518171
1679381518175,1679381518197
1679381517908,1679381518223
1679381518033,1679381518255
1679381518039,1679381518277
1679381518205,1679381518280
1679381518203,1679381518291
1679381518237,1679381518300
1679381518153,1679381518365
1679381518460,1679381518564
1679381518496,1679381518584
1679381518472,1679381518599
1679381518551,1679381518690
1679381518672,1679381518734
1679381518647,1679381518736
1679381518744,1679381518765
1679381518751,1679381518766
1679381518746,1679381518774
1679381518728,1679381518844
1679381518984,1679381519008
1679381518991,1679381519031
1679381519047,1679381519087
1679381519041,1679381519094
1679381519124,1679381519204
1679381519152,1679381519252
1679381519185,1679381519268
1679381519185,1679381519292
1679381519314,1679381519328
1679381519540,1679381519549
1679381519705,1679381519724
1679381519741,1679381519808
1679381519795,1679381519829
1679381519845,1679381519932
1679381519928,1679381519937
1679381519688,1679381519953
1679381519887,1679381519960
1679381520121,1679381520142
1679381520103,1679381520170
1679381520291,1679381520303
1679381520214,1679381520327
1679381520379,1679381520450
1679381520330,1679381520457
1679381520439,1679381520458
1679381520442,1679381520492
1679381520411,1679381520549
1679381520642,1679381520681
1679381520755,1679381520807
1679381520795,1679381520823
1679381520922,1679381520988
1679381520960,1679381520988
1679381521017,1679381521117
1679381521119,1679381521132
1679381521151,1679381521195
1679381521103,1679381521213
1679381521204,1679381521257
1679381521269,1679381521298
1679381521298,1679381521302
1679381521315,1679381521323
1679381521371,1679381521405
1679381521167,1679381521416
1679381521420,1679381521441
1679381521680,1679381521686
1679381521791,1679381521798
1679381521848,1679381521860
1679381521890,1679381521962
1679381521961,1679381522000
1679381521962,1679381522026
1679381521977,1679381522052
1679381522173,1679381522189
1679381522168,1679381522190
1679381522286,1679381522291
1679381522261,1679381522299
1679381522286,1679381522315
1679381522311,1679381522333
1679381522334,1679381522362
1679381522341,1679381522362
1679381522331,1679381522380
1679381522351,1679381522384
1679381522377,1679381522405
1679381522438,1679381522505
1679381522514,1679381522522
1679381522538,1679381522574
1679381522551,1679381522601
1679381522570,1679381522601
1679381522594,1679381522610
1679381522578,1679381522617
1679381522585,1679381522629
1679381522707,1679381522728
1679381522678,1679381522750
1679381522742,1679381522789
1679381522927,1679381522942
1679381522984,1679381523006
1679381522791,1679381523025
1679381523007,1679381523045
1679381523039,1679381523084
1679381523030,1679381523098
1679381523018,1679381523145
1679381523204,1679381523228
1679381523206,1679381523309
1679381523296,1679381523331
1679381523294,1679381523355
1679381523335,1679381523358
1679381523530,1679381523539
1679381523563,1679381523578
1679381523543,1679381523656
1679381523555,1679381523715
1679381523507,1679381523761
1679381523789,1679381523794
1679381523791,1679381523802
1679381523816,1679381523823
1679381523583,1679381523833
1679381523712,1679381523853
1679381523855,1679381523865
1679381523846,1679381523868
1679381523844,1679381523868
1679381523792,1679381523933
1679381523948,1679381523976
1679381523579,1679381524059
1679381524255,1679381524319
1679381524415,1679381524429
1679381524428,1679381524531
1679381524519,1679381524556
1679381524508,1679381524604
1679381524427,1679381524619
1679381524576,1679381524623
1679381524579,1679381524680
1679381524684,1679381524698
1679381524723,1679381524751
1679381524864,1679381524872
1679381524838,1679381524918
1679381524905,1679381524942
1679381524920,1679381525014
1679381525121,1679381525147
1679381525089,1679381525225
1679381525207,1679381525246
1679381525236,1679381525254
1679381525278,1679381525376
1679381525384,1679381525391
1679381525450,1679381525473
1679381525520,1679381525527
1679381525543,1679381525557
1679381525592,1679381525644
1679381525669,1679381525698
1679381525736,1679381525755
1679381525781,1679381525820
1679381525957,1679381525996
1679381525977,1679381526050
1679381526060,1679381526071
1679381525959,1679381526075
1679381526049,1679381526085
1679381526111,1679381526123
1679381526052,1679381526209
1679381526209,1679381526224
1679381526291,1679381526307
1679381526353,1679381526393
1679381526397,1679381526409
1679381526327,1679381526450
1679381526452,1679381526478
1679381526506,1679381526549
1679381526522,1679381526575
1679381526562,1679381526644
1679381526655,1679381526720
1679381526728,1679381526740
1679381526856,1679381526869
1679381526913,1679381526933
1679381527024,1679381527108
1679381527120,1679381527145
1679381527145,1679381527181
1679381527224,1679381527289
1679381527388,1679381527424
1679381527437,1679381527502
1679381527508,1679381527513
1679381527480,1679381527580
1679381527461,1679381527604
1679381527630,1679381527636
1679381527685,1679381527704
1679381527627,1679381527719
1679381527746,1679381527757
1679381527745,1679381527781
1679381527833,1679381527855
1679381527874,1679381527985
1679381527992,1679381528023
1679381528014,1679381528034
1679381528060,1679381528072
1679381528125,1679381528157
1679381528172,1679381528212
1679381528028,1679381528227
1679381528197,1679381528233
1679381528250,1679381528256
1679381528215,1679381528330
1679381528353,1679381528391
1679381528343,1679381528405
1679381528394,1679381528437
1679381528576,1679381528592
1679381528566,1679381528619
1679381528564,1679381528644
1679381528492,1679381528648
1679381528598,1679381528651
1679381528472,1679381528692
1679381528656,1679381528735
1679381528717,1679381528768
1679381528704,1679381528793
1679381528685,1679381528818
1679381528768,1679381528819
1679381528843,1679381528862
1679381528965,1679381528978
1679381529049,1679381529074
1679381529026,1679381529076
1679381529210,1679381529235
1679381529209,1679381529260
1679381529286,1679381529321
1679381529354,1679381529364
1679381529373,1679381529396
1679381529444,1679381529465
1679381529509,1679381529515
1679381529517,1679381529551
1679381529545,1679381529584
1679381529506,1679381529614
1679381529433,1679381529721
1679381529743,1679381529771
1679381529661,1679381529778
1679381529837,1679381529951
1679381529947,1679381529962
1679381529965,1679381530026
1679381530060,1679381530104
1679381530102,1679381530108
1679381530096,1679381530142
1679381530169,1679381530213
1679381530234,1679381530242
1679381530170,1679381530305
1679381530330,1679381530334
1679381530330,1679381530346
1679381530379,1679381530429
1679381530415,1679381530452
1679381530437,1679381530483
1679381530489,1679381530554
1679381530582,1679381530604
1679381530551,1679381530656
1679381530650,1679381530692
1679381530661,1679381530709
1679381530708,1679381530734
1679381530728,1679381530737
1679381530701,1679381530770
1679381530731,1679381530857
1679381530884,1679381530899
1679381530862,1679381530925
1679381530965,1679381530970
1679381531070,1679381531083
1679381531081,1679381531135
1679381531193,1679381531225
1679381531217,1679381531228
1679381531316,1679381531358
1679381531261,1679381531425
1679381531433,1679381531465
1679381531173,1679381531530
1679381531573,1679381531605
1679381531676,1679381531682
1679381531689,1679381531711
1679381531818,1679381531916
1679381531861,1679381531916
1679381531834,1679381531999
1679381531973,1679381532006
1679381531945,1679381532019
1679381531919,1679381532037
1679381531953,1679381532054
1679381532042,1679381532079
1679381532097,1679381532150
1679381532109,1679381532240
1679381532321,1679381532343
1679381532470,1679381532502
1679381532473,1679381532554
1679381532497,1679381532591
1679381532504,1679381532616
1679381532597,1679381532630
1679381532522,1679381532723
1679381532734,1679381532827
1679381532607,1679381532903
1679381532810,1679381532905
1679381532780,1679381532948
1679381532939,1679381532948
1679381532609,1679381532971
1679381532594,1679381533144
1679381533145,1679381533156
1679381533122,1679381533161
1679381533178,1679381533251
1679381533286,1679381533352
1679381533350,1679381533377
1679381533424,1679381533500
1679381533686,1679381533701
1679381533581,1679381533718
1679381533633,1679381533726
1679381533712,1679381533756
1679381533605,1679381533756
1679381533336,1679381533791
1679381533588,1679381533819
1679381533780,1679381533869
1679381533777,1679381533887
1679381533761,1679381533926
1679381533945,1679381533956
1679381533953,1679381533987
1679381533847,1679381534023
1679381533982,1679381534026
1679381534108,1679381534139
1679381533997,1679381534163
1679381534185,1679381534191
1679381534153,1679381534218
1679381534157,1679381534221
1679381534203,1679381534277
1679381534301,1679381534306
1679381534305,1679381534309
1679381534397,1679381534453
1679381534471,1679381534481
1679381534584,1679381534676
1679381534665,1679381534690
1679381534725,1679381534748
1679381534733,1679381534804
1679381534978,1679381534991
1679381534966,1679381535007
1679381535518,1679381535541
1679381535533,1679381535579
1679381535681,1679381535687
1679381535589,1679381535770
1679381535878,1679381535900
1679381535929,1679381536047
1679381535937,1679381536072
1679381535768,1679381536072
1679381536018,1679381536074
1679381536070,1679381536117
1679381536030,1679381536138
1679381535920,1679381536168
1679381536120,1679381536203
1679381536278,1679381536304
1679381536369,1679381536383
1679381536278,1679381536424
1679381536401,1679381536443
1679381536429,1679381536488
1679381536636,1679381536661
1679381536697,1679381536734
1679381536786,1679381536867
1679381536797,1679381536931
1679381536911,1679381537028
1679381536983,1679381537072
1679381536961,1679381537089
1679381537149,1679381537160
1679381537158,1679381537199
1679381537194,1679381537211
1679381537160,1679381537212
1679381537246,1679381537260
1679381537280,1679381537353
1679381537381,1679381537390
1679381537360,1679381537453
1679381537545,1679381537590
1679381537516,1679381537629
1679381537557,1679381537647
1679381537601,1679381537648
1679381537800,1679381537822
1679381537954,1679381537978
1679381538130,1679381538265
1679381538160,1679381538337
1679381538367,1679381538372
1679381538297,1679381538414
1679381538380,1679381538432
1679381538584,1679381538616
1679381538642,1679381538653
1679381538649,1679381538673
1679381538680,1679381538736
1679381538796,1679381538803
1679381538720,1679381538846
1679381538836,1679381538886
1679381538965,1679381539036
1679381539016,1679381539049
1679381539101,1679381539174
1679381539161,1679381539178
1679381539192,1679381539219
1679381539217,1679381539226
1679381539253,1679381539256
1679381539238,1679381539292
1679381539240,1679381539333
1679381539332,1679381539371
1679381539381,1679381539426
1679381539621,1679381539631
1679381539713,1679381539748
1679381539746,1679381539765
1679381539673,1679381539792
1679381539841,1679381539910
1679381539693,1679381539934
1679381539964,1679381540051
1679381540109,1679381540133
1679381540076,1679381540144
1679381540125,1679381540154
1679381540304,1679381540353
1679381540333,1679381540400
1679381540413,1679381540418
1679381540376,1679381540447
1679381540516,1679381540522
1679381540528,1679381540538
1679381540562,1679381540584
1679381540548,1679381540649
1679381540797,1679381540850
1679381540785,1679381540852
1679381540913,1679381540953
1679381540877,1679381540977
1679381541085,1679381541113
1679381541030,1679381541120
1679381541066,1679381541127
1679381541121,1679381541282
1679381541193,1679381541361
1679381541448,1679381541545
1679381541545,1679381541620
1679381541610,1679381541638
1679381541636,1679381541734
1679381541692,1679381541751
1679381541654,1679381541807
1679381541630,1679381541818
1679381541769,1679381541862
1679381541857,1679381541875
1679381541666,1679381541931
1679381541905,1679381541968
1679381541868,1679381541992
1679381541699,1679381542000
1679381542106,1679381542145
1679381542261,1679381542275
1679381542349,1679381542412
1679381542364,1679381542417
1679381542449,1679381542453
1679381542570,1679381542575
1679381542597,1679381542761
1679381542802,1679381542808
1679381542753,1679381542810
1679381542910,1679381542946
1679381542988,1679381542999
1679381543017,1679381543030
1679381543041,1679381543073
1679381542993,1679381543097
1679381543109,1679381543177
1679381543244,1679381543254
1679381543290,1679381543321
1679381543225,1679381543398
1679381543349,1679381543415
1679381543317,1679381543420
1679381543232,1679381543424
1679381543437,1679381543451
1679381543462,1679381543540
1679381543521,1679381543547
1679381543514,1679381543670
1679381543577,1679381543675
1679381543833,1679381543885
1679381543929,1679381543966
1679381544089,1679381544106
1679381544186,1679381544194
1679381544324,1679381544341
1679381544401,1679381544406
1679381544367,1679381544411
1679381544477,1679381544493
1679381544478,1679381544530
1679381544516,1679381544544
1679381544571,1679381544577
1679381544494,1679381544661
1679381544658,1679381544672
1679381544685,1679381544717
1679381544718,1679381544742
1679381544806,1679381544809
1679381544818,1679381544842
1679381544798,1679381544868
1679381544791,1679381544907
1679381544812,1679381545050
1679381544880,1679381545057
1679381544865,1679381545090
1679381544989,1679381545225
1679381545109,1679381545237
1679381544800,1679381545242
1679381545006,1679381545276
1679381544808,1679381545282
1679381545293,1679381545302
1679381545332,1679381545346
1679381545289,1679381545385
1679381545401,1679381545499
1679381545597,1679381545658
1679381545680,1679381545693
1679381545669,1679381545709
1679381545657,1679381545711
1679381545929,1679381545932
1679381545921,1679381545937
1679381545940,1679381545950
1679381545956,1679381546019
1679381545958,1679381546029
1679381546322,1679381546362
1679381546358,1679381546393
1679381546393,1679381546420
1679381546388,1679381546423
1679381546437,1679381546456
1679381546457,1679381546502
1679381546545,1679381546570
1679381546625,1679381546654
1679381546648,1679381546662
1679381546639,1679381546671
1679381546853,1679381546878
1679381546898,1679381546904
1679381546943,1679381547020
1679381546984,1679381547029
1679381546984,1679381547043
1679381547086,1679381547180
1679381547299,1679381547429
1679381547381,1679381547483
1679381547481,1679381547569
1679381547310,1679381547608
1679381547305,1679381547636
1679381547662,1679381547677
1679381547662,1679381547733
1679381547425,1679381547764
1679381547754,1679381547790
1679381547820,1679381547846
1679381547820,1679381547874
1679381547867,1679381547887
1679381547871,1679381547887
1679381547799,1679381547936
1679381547941,1679381547966
1679381547802,1679381547970
1679381548008,1679381548042
1679381548105,1679381548222
1679381548177,1679381548305
1679381548165,1679381548327
1679381548496,1679381548515
1679381548547,1679381548572
1679381548418,1679381548623
1679381548584,1679381548626
1679381548648,1679381548721
1679381548552,1679381548741
1679381548750,1679381548777
1679381548731,1679381548810
1679381548801,1679381548826
1679381548564,1679381548838
1679381548823,1679381548844
1679381548971,1679381549005
1679381549010,1679381549025
1679381549068,1679381549167
1679381549193,1679381549286
1679381549262,1679381549321
1679381549315,1679381549321
1679381549354,1679381549372
1679381549418,1679381549425
1679381549493,1679381549538
1679381549596,1679381549640
1679381549550,1679381549654
1679381549740,1679381549749
1679381549775,1679381549788
1679381549851,1679381549897
1679381549913,1679381549934
1679381549994,1679381550065
1679381550038,1679381550074
1679381550117,1679381550229
1679381550131,1679381550232
1679381549999,1679381550243
1679381550519,1679381550524
1679381550563,1679381550576
1679381550502,1679381550610
1679381550643,1679381550658
1679381550694,1679381550720
1679381550736,1679381550753
1679381550779,1679381550828
1679381550906,1679381550933
1679381550925,1679381550949
1679381550938,1679381550985
1679381550973,1679381550995
1679381551002,1679381551020
1679381551127,1679381551204
1679381551222,1679381551232
1679381551130,1679381551274
1679381551345,1679381551355
1679381551333,1679381551377
1679381551371,1679381551452
1679381551553,1679381551606
1679381551677,1679381551718
1679381551522,1679381551736
1679381551654,1679381551828
1679381551641,1679381551853
1679381551728,1679381551854
1679381551912,1679381551966
1679381552156,1679381552213
1679381552039,1679381552237
1679381552218,1679381552238
1679381552237,1679381552270
1679381552392,1679381552413
1679381552387,1679381552448
1679381552457,1679381552461
1679381552379,1679381552495
1679381552473,1679381552563
1679381552578,1679381552604
1679381552591,1679381552613
1679381552618,1679381552707
1679381552662,1679381552725
1679381552663,1679381552747
1679381552690,1679381552761
1679381552730,1679381552842
1679381552779,1679381552871
1679381552887,1679381552943
1679381552874,1679381552971
1679381552977,1679381552986
1679381552890,1679381552995
1679381552938,1679381553031
1679381553045,1679381553085
1679381553080,1679381553104
1679381553145,1679381553200
1679381553093,1679381553257
1679381553334,1679381553410
1679381553516,1679381553638
1679381553662,1679381553723
1679381553686,1679381553771
1679381553888,1679381553909
1679381553802,1679381554007
1679381554003,1679381554014
1679381554056,1679381554061
1679381554338,1679381554379
1679381554264,1679381554394
1679381554479,1679381554510
1679381554477,1679381554544
1679381554559,1679381554602
1679381554659,1679381554675
1679381554677,1679381554695
1679381554577,1679381554766
1679381554779,1679381554810
1679381554869,1679381554883
1679381554892,1679381554926
1679381554922,1679381554937
1679381554906,1679381554946
1679381554859,1679381555012
1679381554890,1679381555017
1679381554855,1679381555064
1679381554943,1679381555089
1679381554922,1679381555127
1679381554879,1679381555154
1679381554996,1679381555182
1679381555144,1679381555188
1679381554972,1679381555193
1679381555158,1679381555202
1679381554890,1679381555217
1679381554873,1679381555221
1679381554914,1679381555262
1679381554964,1679381555297
1679381555255,1679381555309
1679381554884,1679381555379
1679381555232,1679381555398
1679381554890,1679381555420
1679381554801,1679381555477
1679381555386,1679381555498
1679381555370,1679381555519
1679381555407,1679381555533
1679381555301,1679381555547
1679381554904,1679381555582
1679381554915,1679381555615
1679381555549,1679381555631
1679381555278,1679381555700
1679381555702,1679381555734
1679381555739,1679381555755
1679381555613,1679381555766
1679381554874,1679381555815
1679381554884,1679381555858
1679381555876,1679381555914
1679381555774,1679381556010
1679381555741,1679381556033
1679381556044,1679381556065
1679381555881,1679381556103
1679381556011,1679381556108
1679381556154,1679381556163
1679381556159,1679381556184
1679381556190,1679381556207
1679381556217,1679381556222
1679381556254,1679381556323
1679381556527,1679381556557
1679381556744,1679381556785
1679381556749,1679381556820
1679381556820,1679381556882
1679381556874,1679381556899
1679381556837,1679381556953
1679381556911,1679381557066
1679381557067,1679381557140
1679381557123,1679381557210
1679381557030,1679381557219
1679381556909,1679381557262
1679381556945,1679381557270
1679381557276,1679381557318
1679381557204,1679381557363
1679381557276,1679381557365
1679381557312,1679381557439
1679381557278,1679381557459
1679381557253,1679381557460
1679381557446,1679381557530
1679381557598,1679381557616
1679381557609,1679381557660
1679381557689,1679381557701
1679381557684,1679381557765
1679381557850,1679381557877
1679381557899,1679381557925
1679381557921,1679381557947
1679381557852,1679381557980
1679381557964,1679381558021
1679381557890,1679381558093
1679381558150,1679381558159
1679381558140,1679381558170
1679381558226,1679381558243
1679381558186,1679381558243
1679381558233,1679381558376
1679381558378,1679381558387
1679381558399,1679381558444
1679381558332,1679381558491
1679381558494,1679381558516
1679381558559,1679381558590
1679381558593,1679381558641
1679381558629,1679381558680
1679381558602,1679381558695
1679381558698,1679381558708
1679381558689,1679381558719
1679381558743,1679381558774
1679381558759,1679381558872
1679381558851,1679381558886
1679381558883,1679381558895
1679381558895,1679381558906
1679381558895,1679381558925
1679381558997,1679381559006
1679381559127,1679381559158
1679381559127,1679381559186
1679381559195,1679381559246
1679381559281,1679381559298
1679381559239,1679381559303
1679381559187,1679381559309
1679381559268,1679381559345
1679381559354,1679381559393
1679381559589,1679381559601
1679381559575,1679381559649
1679381559730,1679381559794
1679381559791,1679381559795
1679381559726,1679381559805
1679381559890,1679381559904
1679381559939,1679381559943
1679381559893,1679381559994
1679381560028,1679381560081
1679381559955,1679381560123
1679381560122,1679381560126
1679381560139,1679381560151
1679381560116,1679381560189
1679381559907,1679381560207
1679381560391,1679381560396
1679381560371,1679381560429
1679381560472,1679381560484
1679381560453,1679381560493
1679381560452,1679381560513
1679381560509,1679381560522
1679381560483,1679381560608
1679381560595,1679381560634
1679381560657,1679381560672
1679381560863,1679381560868
1679381560848,1679381560883
1679381560912,1679381561011
1679381560841,1679381561012
1679381561033,1679381561037
1679381561030,1679381561038
1679381560805,1679381561077
1679381561055,1679381561157
1679381561120,1679381561212
1679381561228,1679381561252
1679381561349,1679381561365
1679381561589,1679381561758
1679381561767,1679381561872
1679381561791,1679381561906
1679381561981,1679381562041
1679381561787,1679381562047
1679381562066,1679381562088
1679381562107,1679381562156
1679381562138,1679381562161
1679381562071,1679381562182
1679381562131,1679381562246
1679381561975,1679381562252
1679381562201,1679381562273
1679381562244,1679381562297
1679381562313,1679381562319
1679381562331,1679381562382
1679381562429,1679381562471
1679381562508,1679381562514
1679381562519,1679381562526
1679381562677,1679381562690
1679381562603,1679381562769
1679381562700,1679381562774
1679381562753,1679381562780
1679381562755,1679381562794
1679381562793,1679381562828
1679381562817,1679381562883
1679381562879,1679381562921
1679381562776,1679381562939
1679381562968,1679381563008
1679381563004,1679381563149
1679381563157,1679381563227
1679381563270,1679381563368
1679381563357,1679381563394
1679381563427,1679381563497
1679381563478,1679381563520
1679381563367,1679381563520
1679381563511,1679381563521
1679381563531,1679381563550
1679381563534,1679381563583
1679381563558,1679381563610
1679381563724,1679381563783
1679381563822,1679381563832
1679381563832,1679381563848
1679381564070,1679381564204
1679381564185,1679381564231
1679381564229,1679381564280
1679381564234,1679381564310
1679381564339,1679381564369
1679381564383,1679381564398
1679381564533,1679381564597
1679381564565,1679381564598
1679381564681,1679381564787
1679381564780,1679381564912
1679381565313,1679381565365
1679381565417,1679381565426
1679381565475,1679381565548
1679381565564,1679381565573
1679381565548,1679381565632
1679381565679,1679381565692
1679381565696,1679381565702
1679381565710,1679381565717
1679381565795,1679381565804
1679381565747,1679381565811
1679381565873,1679381565902
1679381565985,1679381566058
1679381566411,1679381566428
1679381566427,1679381566438
1679381566564,1679381566602
1679381566703,1679381566758
1679381566664,1679381566771
1679381566667,1679381566889
1679381566863,1679381566989
1679381567106,1679381567144
1679381567287,1679381567309
1679381567547,1679381567559
1679381567575,1679381567584
1679381567640,1679381567657
1679381567871,1679381567944
1679381568100,1679381568184
1679381568335,1679381568354
1679381568159,1679381568376
1679381568682,1679381568685
1679381568723,1679381568751
1679381568819,1679381568896
1679381568924,1679381569025
1679381569015,1679381569049
1679381569030,1679381569133
1679381569136,1679381569173
1679381569391,1679381569418
1679381569579,1679381569591
1679381569610,1679381569639
1679381569704,1679381569730
1679381569768,1679381569822
1679381569843,1679381569857
1679381570002,1679381570009
1679381570047,1679381570078
1679381570100,1679381570150
1679381570219,1679381570256
1679381570505,1679381570527
1679381570591,1679381570654
1679381570727,1679381570803
1679381570710,1679381570916
1679381570888,1679381571027
1679381571039,1679381571043
1679381571086,1679381571103
1679381571471,1679381571525
1679381571520,1679381571548
1679381571519,1679381571554
1679381571588,1679381571630
1679381571701,1679381571722
1679381571770,1679381571780
1679381572060,1679381572066
1679381572072,1679381572112
1679381572215,1679381572261
1679381572276,1679381572285
1679381572294,1679381572310
1679381572276,1679381572350
1679381572668,1679381572733
1679381572945,1679381572964
1679381572960,1679381572990
1679381572976,1679381572995
1679381573100,1679381573120
1679381573085,1679381573166
1679381573257,1679381573268
1679381573552,1679381573580
1679381573649,1679381573666
1679381573732,1679381573805
1679381573832,1679381573839
1679381573901,1679381573927
1679381574090,1679381574112
1679381574198,1679381574231
1679381574248,1679381574272
1679381574317,1679381574331
1679381574353,1679381574404
1679381574410,1679381574475
1679381574682,1679381574692
1679381574966,1679381574991
1679381575035,1679381575044
1679381575057,1679381575178
1679381575260,1679381575271
1679381575177,1679381575301
1679381575269,1679381575310
1679381575414,1679381575424
1679381575340,1679381575429
1679381575487,1679381575512
1679381575477,1679381575553
1679381575602,1679381575629
1679381575818,1679381575857
1679381576022,1679381576034
1679381575998,1679381576080
1679381576197,1679381576239
1679381576304,1679381576319
1679381576378,1679381576398
1679381576641,1679381576661
1679381576606,1679381576672
1679381576637,1679381576682
1679381576898,1679381576911
1679381576974,1679381576995
1679381577062,1679381577100
1679381577028,1679381577175
1679381577189,1679381577256
1679381577361,1679381577493
1679381577514,1679381577528
1679381577616,1679381577675
1679381577654,1679381577685
1679381577689,1679381577761
1679381577789,1679381577878
1679381577988,1679381578007
1679381578054,1679381578085
1679381578209,1679381578234
1679381578265,1679381578270
1679381578252,1679381578313
1679381578330,1679381578337
1679381578533,1679381578542
1679381578566,1679381578620
1679381578646,1679381578665
1679381579243,1679381579255
1679381579300,1679381579308
1679381579243,1679381579312
1679381579310,1679381579360
1679381579357,1679381579400
1679381579393,1679381579416
1679381579396,1679381579423
1679381579318,1679381579476
1679381579406,1679381579484
1679381579633,1679381579659
1679381579653,1679381579676
1679381579779,1679381579831
1679381579916,1679381579933
1679381579907,1679381580056
1679381580352,1679381580370
1679381580349,1679381580412
1679381580597,1679381580607
1679381580597,1679381580696
1679381580773,1679381580796
1679381580796,1679381580804
1679381580857,1679381580866
1679381580873,1679381580926
1679381580941,1679381580945
1679381580817,1679381581042
1679381581057,1679381581082
1679381580965,1679381581083
1679381581045,1679381581084
1679381581361,1679381581368
1679381581401,1679381581410
1679381581592,1679381581656
1679381581593,1679381581671
1679381581741,1679381581808
1679381581805,1679381581840
1679381582055,1679381582094
1679381582029,1679381582108
1679381582051,1679381582263
1679381582433,1679381582459
1679381582549,1679381582629
1679381582332,1679381582664
1679381582553,1679381582675
1679381582753,1679381582814
1679381582789,1679381582815
1679381582813,1679381582833
1679381582799,1679381582936
1679381582929,1679381583005
1679381583044,1679381583062
1679381583138,1679381583155
1679381583397,1679381583498
1679381583466,1679381583529
1679381583569,1679381583585
1679381583537,1679381583706
1679381583801,1679381583804
1679381583741,1679381583828
1679381583813,1679381583858
1679381583954,1679381583997
1679381584063,1679381584126
1679381584149,1679381584189
1679381584188,1679381584254
1679381584405,1679381584422
1679381584465,1679381584472
1679381584702,1679381584711
1679381584704,1679381584769
1679381584727,1679381584846
1679381584853,1679381584865
1679381584860,1679381584889
1679381584977,1679381585049
1679381585068,1679381585105
1679381585104,1679381585142
1679381585206,1679381585250
1679381585144,1679381585278
1679381585314,1679381585321
1679381585298,1679381585324
1679381585309,1679381585366
1679381585372,1679381585387
1679381585320,1679381585391
1679381585362,1679381585392
1679381585334,1679381585406
1679381585382,1679381585413
1679381585355,1679381585413
1679381585380,1679381585444
1679381585322,1679381585464
1679381585325,1679381585478
1679381585356,1679381585490
1679381585337,1679381585501
1679381585348,1679381585516
1679381585329,1679381585550
1679381585341,1679381585567
1679381585361,1679381585595
1679381585363,1679381585603
1679381585387,1679381585608
1679381585390,1679381585643
1679381585585,1679381585646
1679381585333,1679381585698
1679381585359,1679381585704
1679381585552,1679381585715
1679381585746,1679381585752
1679381585334,1679381585752
1679381585542,1679381585753
1679381585343,1679381585796
1679381585809,1679381585813
1679381585774,1679381585836
1679381586089,1679381586099
1679381586038,1679381586104
1679381586106,1679381586117
1679381586130,1679381586147
1679381586374,1679381586389
1679381586618,1679381586631
1679381586721,1679381586740
1679381586721,1679381586776
1679381586782,1679381586791
1679381586809,1679381586813
1679381586877,1679381586930
1679381586945,1679381587035
1679381587037,1679381587043
1679381587088,1679381587099
1679381587037,1679381587102
1679381587193,1679381587220
1679381587365,1679381587421
1679381587417,1679381587428
1679381587398,1679381587646
1679381587798,1679381587812
1679381587877,1679381587909
1679381587865,1679381587928
1679381587874,1679381587940
1679381587917,1679381587940
1679381587905,1679381587976
1679381588034,1679381588048
1679381588097,1679381588158
1679381588148,1679381588199
1679381588286,1679381588326
1679381588405,1679381588430
1679381588413,1679381588431
1679381588434,1679381588489
1679381588458,1679381588570
1679381588530,1679381588570
1679381588493,1679381588571
1679381588530,1679381588586
1679381588476,1679381588649
1679381588603,1679381588698
1679381588665,1679381588701
1679381588715,1679381588728
1679381588701,1679381588799
1679381588862,1679381588890
1679381589028,1679381589036
1679381588975,1679381589053
1679381588972,1679381589056
1679381589012,1679381589068
1679381588999,1679381589069
1679381589064,1679381589095
1679381589097,1679381589104
1679381589174,1679381589181
1679381589231,1679381589261
1679381589256,1679381589307
1679381589201,1679381589338
1679381589398,1679381589485
1679381589479,1679381589488
1679381589383,1679381589528
1679381589433,1679381589534
1679381589447,1679381589534
1679381589372,1679381589535
1679381589565,1679381589623
1679381589711,1679381589769
1679381589713,1679381589772
1679381589828,1679381589897
1679381589960,1679381590006
1679381589914,1679381590013
1679381590137,1679381590152
1679381590109,1679381590164
1679381590181,1679381590201
1679381590208,1679381590271
1679381590218,1679381590369
1679381590317,1679381590391
1679381590445,1679381590462
1679381590644,1679381590710
1679381590761,1679381590799
1679381590932,1679381590987
1679381591059,1679381591077
1679381591143,1679381591148
1679381591173,1679381591178
1679381591154,1679381591182
1679381591199,1679381591267
1679381591253,1679381591326
1679381591304,1679381591336
1679381591347,1679381591360
1679381591385,1679381591447
1679381591322,1679381591454
1679381591413,1679381591483
1679381591483,1679381591491
1679381591523,1679381591541
1679381591598,1679381591623
1679381591640,1679381591692
1679381591679,1679381591706
1679381591685,1679381591707
1679381591706,1679381591712
1679381591720,1679381591753
1679381591744,1679381591753
1679381591893,1679381591906
1679381592068,1679381592090
1679381592030,1679381592097
1679381592041,1679381592143
1679381592139,1679381592173
1679381592171,1679381592210
1679381592231,1679381592259
1679381592251,1679381592294
1679381592231,1679381592329
1679381592363,1679381592367
1679381592367,1679381592445
1679381592475,1679381592490
1679381592487,1679381592493
1679381592516,1679381592522
1679381592609,1679381592627
1679381592649,1679381592722
1679381592646,1679381592740
1679381592751,1679381592814
1679381592843,1679381592863
1679381592836,1679381592872
1679381592866,1679381592902
1679381592935,1679381592942
1679381592877,1679381592947
1679381593003,1679381593021
1679381592892,1679381593046
1679381593103,1679381593124
1679381593124,1679381593165
1679381592900,1679381593183
1679381593140,1679381593185
1679381593205,1679381593261
1679381593273,1679381593302
1679381593295,1679381593304
1679381593317,1679381593330
1679381593539,1679381593573
1679381593568,1679381593574
1679381593626,1679381593733
1679381593671,1679381593768
1679381593707,1679381593841
1679381593566,1679381593878
1679381593735,1679381593905
1679381593905,1679381594057
1679381594078,1679381594116
1679381594078,1679381594121
1679381594169,1679381594227
1679381594289,1679381594300
1679381594265,1679381594328
1679381594312,1679381594370
1679381594381,1679381594407
1679381594458,1679381594557
1679381594638,1679381594646
1679381594625,1679381594695
1679381594732,1679381594739
1679381594772,1679381594776
1679381594787,1679381594800
1679381594903,1679381594915
1679381595001,1679381595007
1679381595132,1679381595181
1679381595075,1679381595206
1679381595206,1679381595271
1679381595203,1679381595306
1679381595331,1679381595351
1679381595121,1679381595369
1679381595413,1679381595418
1679381595471,1679381595486
1679381595498,1679381595515
1679381595502,1679381595522
1679381595553,1679381595567
1679381595587,1679381595637
1679381595574,1679381595661
1679381595537,1679381595781
1679381595792,1679381595806
1679381595724,1679381595810
1679381595839,1679381595844
1679381595918,1679381595935
1679381595980,1679381595988
1679381596044,1679381596053
1679381596105,1679381596122
1679381596084,1679381596160
1679381596131,1679381596185
1679381596151,1679381596206
1679381596167,1679381596220
1679381596195,1679381596221
1679381596339,1679381596366
1679381596350,1679381596375
1679381596371,1679381596434
1679381596436,1679381596441
1679381596445,1679381596454
1679381596458,1679381596469
1679381596455,1679381596472
1679381596490,1679381596545
1679381596457,1679381596553
1679381596479,1679381596556
1679381596472,1679381596592
1679381596479,1679381596632
1679381596465,1679381596642
1679381596501,1679381596642
1679381596467,1679381596644
1679381596532,1679381596659
1679381596518,1679381596669
1679381596679,1679381596749
1679381596492,1679381596757
1679381596556,1679381596872
1679381596734,1679381596897
1679381596501,1679381597004
1679381596549,1679381597029
1679381596436,1679381597045
1679381596349,1679381597063
1679381596459,1679381597067
1679381596974,1679381597070
1679381596811,1679381597111
1679381596507,1679381597124
1679381596918,1679381597124
1679381596504,1679381597157
1679381596487,1679381597183
1679381596991,1679381597191
1679381596516,1679381597216
1679381597072,1679381597240
1679381597272,1679381597441
1679381597265,1679381597450
1679381597487,1679381597512
1679381597441,1679381597528
1679381597519,1679381597555
1679381597466,1679381597604
1679381597584,1679381597636
1679381597684,1679381597705
1679381597650,1679381597725
1679381597676,1679381597736
1679381597693,1679381597779
1679381597772,1679381597795
1679381598060,1679381598150
1679381597992,1679381598256
1679381598236,1679381598326
1679381598403,1679381598458
1679381598413,1679381598479
1679381598396,1679381598529
1679381598465,1679381598614
1679381598603,1679381598640
1679381598443,1679381598669
1679381598658,1679381598794
1679381598784,1679381598908
1679381598942,1679381599011
1679381598962,1679381599029
1679381599165,1679381599185
1679381599083,1679381599255
1679381599192,1679381599260
1679381599262,1679381599314
1679381599384,1679381599420
1679381599706,1679381599750
1679381599742,1679381599768
1679381599829,1679381599835
1679381599837,1679381599856
1679381599889,1679381599933
1679381600027,1679381600040
1679381600174,1679381600208
1679381600219,1679381600225
1679381600161,1679381600261
1679381600265,1679381600285
1679381600279,1679381600326
1679381600262,1679381600404
1679381600298,1679381600430
1679381600296,1679381600480
1679381600283,1679381600484
1679381600299,1679381600486
1679381600471,1679381600504
1679381600572,1679381600583
1679381600539,1679381600625
1679381600659,1679381600686
1679381600783,1679381600789
1679381600863,1679381600877
1679381600885,1679381600889
1679381600949,1679381600982
1679381600979,1679381601043
1679381601046,1679381601084
1679381600835,1679381601124
1679381601139,1679381601153
1679381601151,1679381601170
1679381601164,1679381601191
1679381601228,1679381601259
1679381601313,1679381601349
1679381601443,1679381601456
1679381601407,1679381601495
1679381601525,1679381601568
1679381601522,1679381601593
1679381601530,1679381601595
1679381601602,1679381601626
1679381601609,1679381601663
1679381601619,1679381601923
1679381601856,1679381601953
1679381601671,1679381601964
1679381601957,1679381602015
1679381602020,1679381602115
1679381602049,1679381602164
1679381602126,1679381602236
1679381602178,1679381602240
1679381602235,1679381602296
1679381602391,1679381602439
1679381602366,1679381602451
1679381602404,1679381602482
1679381602499,1679381602523
1679381602280,1679381602541
1679381602510,1679381602555
1679381602593,1679381602609
1679381602741,1679381602749
1679381602858,1679381602878
1679381602824,1679381602907
1679381602871,1679381602929
1679381602963,1679381602977
1679381602975,1679381602999
1679381602926,1679381603009
1679381603119,1679381603134
1679381603148,1679381603186
1679381603148,1679381603187
1679381603190,1679381603196
1679381603254,1679381603266
1679381603316,1679381603384
1679381603337,1679381603401
1679381603309,1679381603423
1679381603323,1679381603425
1679381603399,1679381603441
1679381603385,1679381603453
1679381603290,1679381603493
1679381603329,1679381603506
1679381603586,1679381603609
1679381603678,1679381603691
1679381603771,1679381603827
1679381603823,1679381603899
1679381603924,1679381603969
1679381603996,1679381604024
1679381604050,1679381604110
1679381603997,1679381604138
1679381604147,1679381604153
1679381603932,1679381604267
1679381604302,1679381604306
1679381604259,1679381604314
1679381604398,1679381604465
1679381604579,1679381604599
1679381604503,1679381604642
1679381604612,1679381604688
1679381604612,1679381604694
1679381604704,1679381604717
1679381604437,1679381604744
1679381604460,1679381604782
1679381604800,1679381604810
1679381604793,1679381604828
1679381604880,1679381604903
1679381604911,1679381604933
1679381604920,1679381604950
1679381604915,1679381604975
1679381604765,1679381604982
1679381604975,1679381605002
1679381605017,1679381605038
1679381605071,1679381605084
1679381605058,1679381605089
1679381605084,1679381605089
1679381605164,1679381605182
1679381605174,1679381605219
1679381605135,1679381605264
1679381605350,1679381605362
1679381605416,1679381605443
1679381605468,1679381605493
1679381605501,1679381605525
1679381605632,1679381605691
1679381605710,1679381605764
1679381605773,1679381605832
1679381605794,1679381605882
1679381605955,1679381605965
1679381605968,1679381605972
1679381605935,1679381605981
1679381606047,1679381606052
1679381606047,1679381606089
1679381606094,1679381606151
1679381606142,1679381606155
1679381606115,1679381606168
1679381606166,1679381606231
1679381606311,1679381606316
1679381606350,1679381606379
1679381606391,1679381606408
1679381606449,1679381606472
1679381606525,1679381606528
1679381606257,1679381606530
1679381606563,1679381606618
1679381606567,1679381606624
1679381606550,1679381606627
1679381606569,1679381606666
1679381606644,1679381606674
1679381606737,1679381606758
1679381606903,1679381606910
1679381606952,1679381606958
1679381607007,1679381607061
1679381607192,1679381607209
1679381607311,1679381607370
1679381607396,1679381607406
1679381607424,1679381607438
1679381607295,1679381607441
1679381607409,1679381607448
1679381607476,1679381607480
1679381607537,1679381607575
1679381607655,1679381607705
1679381607772,1679381607833
1679381607769,1679381607835
1679381607763,1679381607860
1679381607764,1679381607890
1679381607965,1679381608005
1679381607976,1679381608031
1679381607988,1679381608098
1679381608223,1679381608236
1679381608212,1679381608295
1679381608269,1679381608422
1679381608212,1679381608428
1679381608403,1679381608472
1679381608479,1679381608506
1679381608271,1679381608551
1679381608277,1679381608589
1679381608466,1679381608634
1679381608567,1679381608643
1679381608535,1679381608666
1679381608552,1679381608670
1679381608472,1679381608678
1679381608691,1679381608702
1679381608724,1679381608760
1679381608782,1679381608871
1679381608673,1679381608872
1679381608857,1679381608921
1679381608863,1679381608922
1679381608867,1679381608972
1679381608992,1679381608997
1679381608967,1679381609008
1679381609053,1679381609064
1679381609022,1679381609065
1679381609120,1679381609181
1679381609160,1679381609203
1679381609276,1679381609291
1679381609285,1679381609442
1679381609448,1679381609452
1679381609436,1679381609466
1679381609545,1679381609551
1679381609477,1679381609558
1679381609589,1679381609613
1679381609760,1679381609774
1679381609676,1679381609841
1679381609833,1679381609849
1679381609913,1679381609921
1679381609953,1679381609975
1679381610008,1679381610038
1679381609973,1679381610123
1679381610118,1679381610149
1679381610156,1679381610163
1679381610122,1679381610188
1679381610237,1679381610254
1679381610236,1679381610261
1679381610356,1679381610396
1679381610436,1679381610449
1679381610439,1679381610475
1679381610455,1679381610509
1679381610553,1679381610591
1679381610483,1679381610664
1679381610707,1679381610731
1679381610729,1679381610764
1679381610780,1679381610821
1679381610779,1679381610833
1679381610948,1679381610951
1679381610980,1679381610998
1679381610998,1679381611005
1679381610996,1679381611028
1679381611039,1679381611070
1679381611003,1679381611071
1679381610972,1679381611092
1679381611093,1679381611127
1679381611097,1679381611133
1679381611235,1679381611245
1679381611268,1679381611272
1679381611321,1679381611347
1679381611420,1679381611443
1679381611372,1679381611468
1679381611493,1679381611519
1679381611643,1679381611652
1679381611659,1679381611690
1679381611671,1679381611705
1679381611772,1679381611821
1679381611823,1679381611839
1679381611866,1679381611873
1679381611632,1679381611935
1679381611907,1679381611978
1679381611923,1679381611979
1679381611837,1679381612040
1679381612041,1679381612068
1679381611812,1679381612115
1679381611974,1679381612150
1679381612171,1679381612182
1679381612209,1679381612310
1679381612215,1679381612333
1679381612228,1679381612340
1679381612459,1679381612466
1679381612409,1679381612487
1679381612525,1679381612553
1679381612751,1679381612810
1679381612840,1679381612888
1679381612957,1679381612963
1679381613055,1679381613059
1679381613264,1679381613272
1679381613214,1679381613455
1679381613450,1679381613496
1679381613675,1679381613722
1679381613601,1679381613733
1679381613631,1679381613754
1679381613707,1679381613809
1679381613761,1679381613839
1679381613597,1679381613880
1679381613862,1679381613927
1679381613927,1679381613957
1679381613739,1679381613974
1679381614101,1679381614128
1679381614171,1679381614189
1679381614003,1679381614266
1679381614067,1679381614308
1679381614292,1679381614318
1679381614306,1679381614355
1679381614248,1679381614374
1679381614396,1679381614404
1679381614123,1679381614428
1679381614459,1679381614466
1679381614359,1679381614524
1679381614360,1679381614580
1679381614388,1679381614583
1679381614650,1679381614691
1679381614616,1679381614691
1679381614659,1679381614792
1679381614585,1679381614894
1679381614793,1679381614908
1679381614812,1679381614925
1679381614929,1679381614937
1679381614817,1679381614943
1679381614987,1679381615012
1679381614882,1679381615013
1679381615041,1679381615056
1679381615114,1679381615181
1679381615360,1679381615385
1679381615452,1679381615467
1679381615470,1679381615504
1679381615603,1679381615648
1679381615616,1679381615654
1679381615665,1679381615702
1679381615651,1679381615772
1679381615942,1679381615967
1679381615934,1679381616064
1679381616098,1679381616104
1679381615691,1679381616138
1679381616215,1679381616291
1679381616351,1679381616360
1679381616430,1679381616443
1679381616381,1679381616514
1679381616545,1679381616549
1679381616370,1679381616584
1679381616539,1679381616621
1679381616714,1679381616717
1679381616811,1679381616820
1679381616858,1679381616876
1679381617012,1679381617033
1679381617339,1679381617342
1679381617583,1679381617588
1679381617560,1679381617657
1679381617783,1679381617789
1679381617943,1679381617975
1679381618164,1679381618171
1679381618210,1679381618247
1679381618224,1679381618259
1679381618372,1679381618375
1679381618259,1679381618376
1679381618435,1679381618446
1679381618466,1679381618487
1679381618400,1679381618497
1679381618547,1679381618601
1679381618614,1679381618617
1679381618651,1679381618668
1679381618675,1679381618684
1679381618623,1679381618699
1679381618677,1679381618748
1679381618746,1679381618798
1679381618793,1679381618829
1679381618858,1679381618885
1679381618939,1679381618982
1679381619255,1679381619260
1679381619267,1679381619282
1679381619229,1679381619335
1679381619399,1679381619424
1679381619637,1679381619658
1679381619661,1679381619700
1679381619727,1679381619749
1679381619568,1679381619788
1679381619871,1679381619878
1679381619990,1679381619996
1679381619811,1679381620039
1679381620008,1679381620045
1679381620102,1679381620115
1679381620167,1679381620240
1679381620270,1679381620371
1679381620223,1679381620386
1679381620202,1679381620396
1679381620426,1679381620441
1679381620388,1679381620490
1679381620459,1679381620495
1679381620500,1679381620528
1679381620474,1679381620569
1679381620799,1679381620833
1679381620867,1679381620886
1679381620912,1679381620922
1679381620940,1679381620976
1679381621010,1679381621030
1679381620992,1679381621040
1679381621192,1679381621230
1679381621052,1679381621231
1679381621232,1679381621288
1679381620995,1679381621341
1679381621504,1679381621537
1679381621575,1679381621583
1679381621584,1679381621630
1679381621642,1679381621717
1679381621890,1679381621895
1679381622026,1679381622030
1679381622079,1679381622128
1679381622120,1679381622163
1679381622191,1679381622206
1679381622192,1679381622246
1679381622284,1679381622324
1679381622332,1679381622344
1679381622454,1679381622496
1679381622496,1679381622564
1679381622556,1679381622607
1679381622573,1679381622650
1679381622484,1679381622724
1679381622820,1679381622867
1679381622873,1679381622915
1679381622792,1679381622944
1679381622896,1679381622958
1679381623000,1679381623014
1679381623027,1679381623029
1679381622992,1679381623050
1679381623111,1679381623185
1679381623239,1679381623244
1679381623269,1679381623332
1679381623434,1679381623528
1679381623652,1679381623658
1679381623726,1679381623752
1679381623914,1679381623996
1679381624013,1679381624021
1679381623998,1679381624042
1679381624065,1679381624069
1679381624061,1679381624076
1679381624081,1679381624098
1679381624227,1679381624235
1679381624319,1679381624334
1679381624152,1679381624374
1679381624284,1679381624403
1679381624324,1679381624437
1679381624456,1679381624489
1679381624525,1679381624566
1679381624432,1679381624597
1679381624581,1679381624608
1679381624577,1679381624739
1679381624789,1679381624810
1679381624850,1679381624952
1679381625074,1679381625174
1679381625230,1679381625315
1679381625323,1679381625364
1679381625378,1679381625480
1679381625480,1679381625490
1679381625508,1679381625540
1679381625641,1679381625650
1679381625729,1679381625734
1679381625787,1679381625798
1679381625841,1679381625859
1679381625849,1679381625860
1679381625914,1679381625921
1679381626057,1679381626072
1679381626021,1679381626114
1679381626154,1679381626165
1679381626080,1679381626187
1679381626429,1679381626576
1679381626476,1679381626584
1679381626473,1679381626623
1679381626677,1679381626695
1679381626713,1679381626726
1679381626829,1679381626832
1679381626777,1679381626841
1679381626922,1679381626937
1679381626991,1679381627021
1679381626998,1679381627021
1679381627016,1679381627044
1679381627019,1679381627069
1679381626990,1679381627085
1679381626850,1679381627143
1679381627018,1679381627150
1679381627016,1679381627163
1679381627225,1679381627232
1679381627209,1679381627252
1679381626989,1679381627267
1679381627264,1679381627268
1679381627019,1679381627293
1679381627023,1679381627298
1679381627185,1679381627331
1679381626991,1679381627335
1679381627310,1679381627420
1679381626982,1679381627436
1679381627003,1679381627458
1679381627557,1679381627562
1679381627501,1679381627609
1679381627556,1679381627648
1679381627666,1679381627669
1679381627893,1679381627906
1679381627961,1679381628034
1679381628025,1679381628090
1679381628124,1679381628143
1679381628162,1679381628192
1679381628277,1679381628297
1679381628373,1679381628416
1679381628533,1679381628615
1679381628588,1679381628673
1679381628664,1679381628710
1679381628676,1679381628716
1679381628769,1679381628830
1679381628875,1679381628884
1679381628946,1679381628966
1679381628969,1679381628977
1679381628916,1679381629051
1679381629020,1679381629053
1679381629145,1679381629201
1679381629049,1679381629222
1679381629169,1679381629232
1679381629252,1679381629264
1679381629240,1679381629275
1679381629346,1679381629355
1679381629409,1679381629430
1679381629604,1679381629617
1679381629434,1679381629714
1679381629683,1679381629724
1679381629724,1679381629733
1679381629752,1679381629794
1679381629788,1679381629803
1679381629829,1679381629846
1679381629845,1679381629866
1679381629842,1679381629941
1679381629900,1679381629944
1679381629850,1679381629962
1679381629896,1679381629978
1679381629982,1679381630000
1679381629891,1679381630002
1679381630113,1679381630129
1679381630132,1679381630175
1679381630060,1679381630176
1679381630176,1679381630240
1679381630231,1679381630283
1679381630311,1679381630330
1679381630448,1679381630472
1679381630472,1679381630513
1679381630325,1679381630555
1679381630586,1679381630590
1679381630589,1679381630637
1679381630651,1679381630706
1679381630818,1679381630839
1679381630833,1679381630927
1679381630919,1679381630928
1679381630801,1679381630953
1679381630864,1679381630962
1679381630819,1679381631015
1679381631056,1679381631062
1679381631037,1679381631069
1679381631017,1679381631074
1679381631097,1679381631103
1679381631141,1679381631156
1679381631364,1679381631378
1679381631423,1679381631445
1679381631484,1679381631496
1679381631591,1679381631654
1679381631685,1679381631717
1679381631717,1679381631737
1679381631694,1679381631744
1679381631732,1679381631773
1679381631903,1679381631916
1679381631970,1679381631997
1679381631892,1679381632013
1679381632108,1679381632124
1679381632101,1679381632129
1679381632032,1679381632145
1679381632200,1679381632210
1679381632219,1679381632229
1679381632215,1679381632305
1679381632295,1679381632307
1679381632316,1679381632338
1679381632377,1679381632382
1679381632435,1679381632509
1679381632311,1679381632570
1679381632500,1679381632589
1679381632643,1679381632672
1679381632693,1679381632704
1679381632763,1679381632826
1679381632727,1679381632827
1679381632840,1679381632869
1679381632897,1679381632901
1679381633007,1679381633126
1679381633128,1679381633147
1679381633151,1679381633193
1679381633115,1679381633222
1679381633201,1679381633224
1679381633188,1679381633279
1679381633206,1679381633305
1679381633229,1679381633326
1679381633485,1679381633512
1679381633512,1679381633516
1679381633500,1679381633542
1679381633603,1679381633633
1679381633680,1679381633695
1679381633712,1679381633723
1679381633701,1679381633801
1679381633798,1679381633868
1679381633792,1679381633929
1679381633813,1679381633969
1679381633893,1679381633978
1679381633984,1679381634000
1679381633932,1679381634023
1679381634012,1679381634037
1679381633860,1679381634080
1679381634254,1679381634279
1679381634388,1679381634406
1679381634353,1679381634413
1679381634376,1679381634429
1679381634291,1679381634443
1679381634360,1679381634447
1679381634567,1679381634583
1679381634681,1679381634699
1679381634700,1679381634723
1679381634697,1679381634726
1679381634681,1679381634733
1679381634720,1679381634790
1679381634769,1679381634927
1679381634876,1679381634987
1679381634991,1679381635015
1679381635042,1679381635056
1679381635065,1679381635069
1679381635058,1679381635088
1679381635230,1679381635249
1679381635323,1679381635394
1679381635457,1679381635506
1679381635488,1679381635515
1679381635612,1679381635625
1679381635635,1679381635641
1679381635779,1679381635800
1679381635811,1679381635818
1679381635818,1679381635873
1679381635801,1679381635898
1679381635840,1679381635941
1679381635885,1679381635956
1679381635949,1679381635956
1679381635889,1679381636017
1679381636162,1679381636236
1679381636322,1679381636338
1679381636379,1679381636388
1679381636400,1679381636410
1679381636489,1679381636500
1679381636552,1679381636560
1679381636601,1679381636641
1679381636646,1679381636650
1679381636620,1679381636657
1679381636822,1679381636830
1679381636865,1679381636877
1679381636902,1679381636910
1679381636778,1679381636913
1679381636934,1679381636999
1679381636972,1679381637013
1679381636940,1679381637055
1679381637085,1679381637117
1679381637123,1679381637183
1679381637128,1679381637217
1679381637063,1679381637229
1679381637081,1679381637273
1679381637098,1679381637352
1679381637076,1679381637356
1679381637115,1679381637456
1679381637088,1679381637484
1679381637135,1679381637487
1679381637156,1679381637494
1679381637159,1679381637518
1679381637081,1679381637558
1679381637106,1679381637565
1679381637132,1679381637576
1679381637525,1679381637587
1679381637120,1679381637600
1679381637206,1679381637620
1679381637072,1679381637638
1679381637127,1679381637670
1679381637089,1679381637674
1679381637511,1679381637687
1679381637096,1679381637777
1679381637603,1679381637778
1679381637477,1679381637863
1679381637104,1679381637905
1679381637656,1679381637909
1679381637102,1679381637941
1679381637929,1679381637972
1679381637127,1679381637987
1679381637878,1679381637991
1679381637333,1679381637991
1679381637880,1679381638011
1679381637726,1679381638018
1679381637445,1679381638085
1679381638057,1679381638128
1679381637656,1679381638138
1679381637745,1679381638166
1679381637086,1679381638275
1679381637078,1679381638312
1679381638099,1679381638316
1679381638300,1679381638371
1679381638410,1679381638519
1679381638483,1679381638522
1679381638572,1679381638584
1679381638496,1679381638626
1679381638750,1679381638757
1679381638829,1679381638840
1679381638845,1679381638848
1679381638816,1679381638961
1679381639055,1679381639076
1679381639002,1679381639110
1679381639233,1679381639239
1679381639342,1679381639353
1679381639278,1679381639374
1679381639350,1679381639405
1679381639569,1679381639576
1679381639595,1679381639616
1679381639586,1679381639674
1679381639664,1679381639711
1679381639734,1679381639860
1679381639912,1679381639937
1679381639801,1679381639997
1679381640014,1679381640025
1679381640114,1679381640148
1679381640150,1679381640153
1679381640184,1679381640244
1679381640264,1679381640367
1679381640237,1679381640374
1679381640256,1679381640375
1679381640197,1679381640396
1679381640590,1679381640617
1679381640667,1679381640707
1679381640614,1679381640712
1679381640761,1679381640769
1679381640765,1679381640777
1679381640697,1679381640793
1679381640648,1679381640799
1679381640800,1679381640845
1679381640798,1679381640898
1679381640916,1679381640975
1679381640956,1679381641030
1679381641025,1679381641147
1679381641103,1679381641160
1679381641169,1679381641189
1679381641169,1679381641203
1679381641180,1679381641203
1679381641265,1679381641289
1679381641234,1679381641310
1679381641298,1679381641336
1679381641286,1679381641346
1679381641357,1679381641387
1679381641400,1679381641475
1679381641545,1679381641630
1679381641607,1679381641737
1679381641701,1679381641749
1679381641730,1679381641771
1679381641837,1679381641845
1679381641860,1679381641899
1679381642015,1679381642018
1679381642110,1679381642113
1679381642014,1679381642140
1679381642120,1679381642148
1679381642135,1679381642173
1679381642277,1679381642294
1679381642399,1679381642411
1679381642366,1679381642423
1679381642464,1679381642471
1679381642650,1679381642658
1679381642601,1679381642680
1679381642713,1679381642734
1679381642753,1679381642761
1679381642767,1679381642787
1679381642771,1679381642813
1679381642821,1679381642880
1679381642895,1679381642933
1679381642903,1679381642989
1679381642992,1679381643080
1679381642981,1679381643085
1679381643077,1679381643161
1679381643163,1679381643181
1679381643162,1679381643189
1679381643081,1679381643205
1679381643330,1679381643336
1679381643362,1679381643410
1679381643491,1679381643502
1679381643487,1679381643512
1679381643533,1679381643556
1679381643465,1679381643559
1679381643582,1679381643608
1679381643626,1679381643641
1679381643651,1679381643693
1679381643712,1679381643723
1679381643766,1679381643791
1679381643820,1679381643892
1679381643912,1679381643918
1679381643846,1679381644012
1679381643915,1679381644068
1679381644085,1679381644105
1679381644108,1679381644119
1679381644179,1679381644210
1679381644123,1679381644277
1679381644287,1679381644301
1679381644248,1679381644323
1679381644397,1679381644409
1679381644439,1679381644470
1679381644434,1679381644475
1679381644609,1679381644648
1679381644655,1679381644661
1679381644691,1679381644714
1679381644686,1679381644760
1679381644749,1679381644763
1679381644892,1679381644953
1679381644976,1679381645120
1679381645104,1679381645166
1679381645179,1679381645210
1679381645277,1679381645353
1679381645382,1679381645391
1679381645397,1679381645435
1679381645473,1679381645483
1679381645590,1679381645596
1679381645647,1679381645680
1679381645593,1679381645695
1679381645688,1679381645702
1679381645688,1679381645713
1679381645703,1679381645730
1679381645826,1679381645837
1679381645909,1679381645916
1679381645955,1679381645968
1679381646151,1679381646203
1679381646126,1679381646211
1679381646279,1679381646380
1679381646371,1679381646449
1679381646398,1679381646469
1679381646414,1679381646486
1679381646451,1679381646528
1679381646478,1679381646532
1679381646429,1679381646582
1679381646604,1679381646648
1679381646408,1679381646652
1679381646336,1679381646693
1679381646674,1679381646711
1679381646705,1679381646721
1679381646736,1679381646771
1679381646699,1679381646812
1679381646796,1679381646824
1679381646871,1679381646879
1679381646872,1679381646935
1679381646942,1679381647007
1679381647064,1679381647150
1679381647139,1679381647158
1679381647166,1679381647248
1679381647240,1679381647288
1679381647038,1679381647307
1679381647399,1679381647443
1679381647512,1679381647523
1679381647544,1679381647673
1679381647717,1679381647785
1679381647777,1679381647792
1679381647562,1679381647927
1679381647887,1679381647946
1679381647782,1679381648017
1679381648020,1679381648037
1679381648069,1679381648086
1679381648087,1679381648135
1679381648131,1679381648138
1679381648156,1679381648189
1679381648104,1679381648272
1679381648288,1679381648294
1679381648296,1679381648334
1679381648319,1679381648369
1679381648336,1679381648390
1679381648364,1679381648510
1679381648528,1679381648549
1679381648582,1679381648588
1679381648711,1679381648727
1679381648743,1679381648752
1679381648669,1679381648762
1679381648775,1679381648779
1679381648869,1679381648900
1679381648927,1679381648964
1679381649128,1679381649158
1679381649148,1679381649193
1679381649168,1679381649247
1679381649268,1679381649281
1679381649375,1679381649422
1679381649515,1679381649519
1679381649588,1679381649614
1679381649739,1679381649745
1679381649815,1679381649854
1679381649865,1679381649873
1679381649947,1679381649969
1679381649935,1679381650088
1679381650127,1679381650165
1679381650183,1679381650206
1679381650331,1679381650347
1679381650315,1679381650369
1679381650395,1679381650435
1679381650446,1679381650484
1679381650483,1679381650503
1679381650383,1679381650553
1679381650489,1679381650596
1679381650488,1679381650625
1679381650607,1679381650634
1679381650827,1679381650848
1679381650955,1679381651031
1679381651013,1679381651038
1679381651005,1679381651096
1679381651122,1679381651179
1679381651193,1679381651229
1679381651189,1679381651241
1679381651275,1679381651294
1679381651112,1679381651317
1679381651281,1679381651404
1679381651415,1679381651462
1679381651641,1679381651725
1679381651707,1679381651754
1679381651808,1679381651813
1679381651887,1679381651916
1679381652012,1679381652021
1679381652026,1679381652086
1679381652067,1679381652092
1679381652019,1679381652106
1679381652202,1679381652212
1679381652279,1679381652293
1679381652279,1679381652305
1679381652385,1679381652391
1679381652406,1679381652506
1679381652421,1679381652508
1679381652417,1679381652591
1679381652383,1679381652627
1679381652608,1679381652641
1679381652574,1679381652690
1679381652675,1679381652704
1679381652525,1679381652780
1679381652782,1679381652784
1679381652770,1679381652824
1679381652857,1679381652899
1679381652994,1679381653016
1679381653087,1679381653143
1679381653202,1679381653291
1679381653310,1679381653334
1679381653201,1679381653365
1679381653358,1679381653414
1679381653166,1679381653443
1679381653503,1679381653567
1679381653529,1679381653617
1679381653676,1679381653699
1679381653661,1679381653745
1679381653666,1679381653801
1679381653538,1679381653867
1679381653812,1679381653872
1679381653926,1679381653988
1679381654109,1679381654125
1679381654138,1679381654266
1679381654206,1679381654274
1679381654051,1679381654293
1679381654293,1679381654483
1679381654476,1679381654505
1679381654564,1679381654586
1679381654524,1679381654608
1679381654643,1679381654654
1679381654567,1679381654682
1679381654691,1679381654707
1679381654776,1679381654790
1679381654831,1679381654869
1679381654863,1679381654891
1679381654856,1679381654915
1679381654911,1679381654943
1679381655013,1679381655030
1679381655054,1679381655097
1679381655107,1679381655196
1679381655037,1679381655217
1679381655278,1679381655298
1679381655348,1679381655376
1679381655369,1679381655449
1679381655484,1679381655499
1679381655509,1679381655547
1679381655523,1679381655565
1679381655651,1679381655737
1679381655913,1679381655933
1679381655951,1679381656000
1679381656245,1679381656288
1679381656245,1679381656364
1679381656274,1679381656426
1679381656328,1679381656445
1679381656264,1679381656459
1679381656452,1679381656494
1679381656564,1679381656579
1679381656566,1679381656596
1679381656624,1679381656722
1679381656650,1679381656858
1679381656812,1679381656940
1679381656953,1679381656977
1679381656872,1679381657003
1679381657013,1679381657068
1679381656980,1679381657087
1679381657137,1679381657160
1679381657177,1679381657221
1679381657242,1679381657330
1679381657250,1679381657361
1679381657274,1679381657387
1679381657457,1679381657479
1679381657270,1679381657531
1679381657438,1679381657558
1679381657164,1679381657597
1679381657469,1679381657620
1679381657224,1679381657710
1679381657255,1679381657716
1679381657502,1679381657739
1679381657461,1679381657763
1679381657495,1679381657776
1679381657450,1679381657778
1679381657429,1679381657796
1679381657509,1679381657828
1679381657523,1679381657843
1679381657483,1679381657847
1679381657435,1679381657855
1679381657453,1679381657873
1679381657522,1679381657888
1679381657729,1679381657906
1679381657488,1679381657922
1679381657481,1679381657937
1679381657511,1679381658005
1679381657483,1679381658015
1679381657917,1679381658124
1679381658118,1679381658130
1679381657462,1679381658131
1679381657422,1679381658187
1679381657469,1679381658213
1679381657530,1679381658238
1679381657428,1679381658249
1679381657514,1679381658255
1679381657477,1679381658264
1679381657535,1679381658385
1679381658379,1679381658402
1679381657502,1679381658407
1679381657527,1679381658415
1679381657525,1679381658459
1679381658384,1679381658462
1679381657834,1679381658464
1679381658368,1679381658540
1679381657447,1679381658563
1679381658300,1679381658568
1679381658456,1679381658576
1679381658327,1679381658610
1679381657473,1679381658631
1679381658411,1679381658631
1679381657985,1679381658641
1679381658486,1679381658649
1679381657505,1679381658664
1679381658627,1679381658712
1679381658224,1679381658743
1679381657985,1679381658750
1679381657416,1679381658752
1679381658016,1679381658775
1679381657405,1679381658850
1679381658888,1679381658894
1679381658880,1679381659002
1679381658761,1679381659006
1679381659109,1679381659217
1679381659203,1679381659247
1679381659249,1679381659286
1679381659526,1679381659563
1679381659408,1679381659582
1679381659538,1679381659597
1679381659717,1679381659748
1679381659705,1679381659762
1679381659752,1679381659789
1679381659765,1679381659805
1679381660025,1679381660047
1679381660068,1679381660072
1679381660117,1679381660179
1679381660045,1679381660199
1679381660305,1679381660310
1679381660653,1679381660667
1679381660693,1679381660700
1679381660681,1679381660712
1679381660717,1679381660733
1679381660754,1679381660768
1679381660769,1679381660793
1679381660820,1679381660826
1679381660920,1679381660936
1679381660971,1679381660981
1679381660997,1679381661021
1679381661119,1679381661155
1679381661180,1679381661199
1679381661218,1679381661282
1679381661289,1679381661361
1679381661388,1679381661391
1679381661374,1679381661409
1679381661385,1679381661450
1679381661429,1679381661474
1679381661433,1679381661490
1679381661581,1679381661642
1679381661581,1679381661710
1679381661757,1679381661802
1679381661841,1679381661934
1679381661914,1679381661937
1679381662006,1679381662035
1679381662053,1679381662072
1679381662144,1679381662156
1679381662200,1679381662222
1679381662122,1679381662233
1679381662271,1679381662388
1679381662325,1679381662441
1679381662441,1679381662489
1679381662469,1679381662497
1679381662390,1679381662519
1679381662503,1679381662536
1679381662498,1679381662566
1679381662585,1679381662603
1679381662645,1679381662652
1679381662639,1679381662689
1679381662717,1679381662723
1679381662602,1679381662725
1679381662725,1679381662772
1679381662697,1679381662798
1679381662817,1679381662844
1679381662817,1679381662864
1679381662993,1679381663007
1679381663006,1679381663010
1679381662977,1679381663060
1679381663110,1679381663119
1679381663174,1679381663215
1679381663280,1679381663290
1679381663294,1679381663352
1679381663357,1679381663398
1679381663291,1679381663446
1679381663503,1679381663523
1679381663473,1679381663655
1679381663681,1679381663731
1679381663745,1679381663768
1679381664021,1679381664025
1679381664039,1679381664067
1679381664105,1679381664145
1679381664129,1679381664157
1679381664129,1679381664193
1679381664183,1679381664215
1679381664184,1679381664223
1679381664277,1679381664310
1679381664068,1679381664333
1679381664327,1679381664358
1679381664329,1679381664359
1679381664317,1679381664401
1679381664397,1679381664412
1679381664474,1679381664496
1679381664515,1679381664521
1679381664566,1679381664608
1679381664566,1679381664628
1679381664615,1679381664661
1679381664689,1679381664714
1679381664710,1679381664789
1679381664779,1679381664798
1679381664816,1679381664851
1679381665049,1679381665053
1679381665063,1679381665069
1679381665028,1679381665076
1679381665123,1679381665129
1679381665098,1679381665151
1679381665301,1679381665335
1679381665295,1679381665336
1679381665247,1679381665438
1679381665415,1679381665470
1679381665451,1679381665547
1679381665545,1679381665623
1679381665619,1679381665660
1679381665684,1679381665700
1679381665677,1679381665770
1679381665756,1679381665771
1679381665715,1679381665771
1679381665693,1679381665832
1679381665953,1679381665990
1679381665979,1679381666005
1679381666001,1679381666042
1679381666056,1679381666126
1679381666174,1679381666188
1679381666281,1679381666291
1679381666251,1679381666313
1679381666353,1679381666360
1679381666379,1679381666385
1679381666383,1679381666416
1679381666287,1679381666444
1679381666411,1679381666522
1679381666544,1679381666576
1679381666458,1679381666576
1679381666501,1679381666600
1679381666530,1679381666604
1679381666621,1679381666628
1679381666629,1679381666656
1679381666663,1679381666674
1679381666741,1679381666773
1679381666805,1679381666819
1679381666792,1679381666831
1679381666861,1679381666886
1679381666894,1679381666922
1679381666863,1679381666979
1679381666976,1679381666991
1679381666955,1679381667035
1679381667026,1679381667041
1679381667036,1679381667073
1679381667056,1679381667094
1679381667086,1679381667097
1679381667058,1679381667120
1679381667086,1679381667124
1679381667171,1679381667181
1679381667249,1679381667301
1679381667285,1679381667306
1679381667297,1679381667322
1679381667333,1679381667338
1679381667485,1679381667503
1679381667506,1679381667533
1679381667568,1679381667591
1679381667553,1679381667606
1679381667573,1679381667649
1679381667709,1679381667745
1679381667733,1679381667799
1679381667852,1679381667873
1679381667822,1679381667876
1679381667848,1679381667889
1679381667956,1679381667965
1679381668181,1679381668193
1679381668223,1679381668246
1679381668336,1679381668357
1679381668364,1679381668386
1679381668408,1679381668413
1679381668361,1679381668432
1679381668447,1679381668469
1679381668522,1679381668541
1679381668551,1679381668574
1679381668632,1679381668659
1679381668796,1679381668825
1679381668900,1679381668971
1679381668864,1679381669011
1679381669050,1679381669062
1679381669050,1679381669092
1679381669088,1679381669111
1679381669165,1679381669181
1679381669225,1679381669232
1679381669228,1679381669266
1679381669180,1679381669275
1679381669113,1679381669292
1679381669404,1679381669424
1679381669445,1679381669449
1679381669520,1679381669553
1679381669478,1679381669562
1679381669519,1679381669568
1679381669571,1679381669578
1679381669772,1679381669869
1679381669989,1679381670007
1679381670116,1679381670170
1679381670256,1679381670261
1679381670245,1679381670318
1679381670276,1679381670338
1679381670209,1679381670363
1679381670252,1679381670363
1679381670304,1679381670430
1679381670489,1679381670546
1679381670528,1679381670621
1679381670633,1679381670650
1679381670660,1679381670665
1679381670694,1679381670702
1679381670874,1679381670888
1679381670887,1679381670901
1679381670908,1679381670924
1679381670871,1679381670933
1679381670959,1679381670992
1679381670930,1679381670998
1679381671052,1679381671107
1679381671152,1679381671241
1679381671185,1679381671267
1679381671095,1679381671297
1679381671165,1679381671337
1679381671311,1679381671396
1679381671340,1679381671399
1679381671411,1679381671414
1679381671233,1679381671466
1679381671476,1679381671522
1679381671536,1679381671553
1679381671468,1679381671570
1679381671476,1679381671587
1679381671508,1679381671595
1679381671738,1679381671767
1679381671799,1679381671808
1679381671773,1679381671823
1679381671913,1679381671939
1679381671974,1679381672025
1679381672315,1679381672340
1679381672356,1679381672361
1679381672316,1679381672380
1679381672360,1679381672383
1679381672401,1679381672413
1679381672436,1679381672476
1679381672474,1679381672484
1679381672531,1679381672540
1679381672556,1679381672587
1679381672601,1679381672623
1679381672641,1679381672666
1679381672669,1679381672729
1679381672707,1679381672743
1679381672757,1679381672767
1679381672647,1679381672773
1679381672661,1679381672822
1679381672810,1679381672823
1679381672904,1679381672909
1679381673013,1679381673107
1679381673035,1679381673125
1679381673213,1679381673258
1679381673143,1679381673270
1679381673213,1679381673309
1679381673287,1679381673343
1679381673464,1679381673523
1679381673464,1679381673539
1679381673464,1679381673574
1679381673571,1679381673587
1679381673430,1679381673613
1679381673624,1679381673646
1679381673507,1679381673659
1679381673760,1679381673780
1679381673582,1679381673780
1679381673812,1679381673845
1679381673855,1679381673865
1679381673915,1679381673929
1679381673938,1679381673944
1679381673779,1679381673990
1679381673924,1679381673997
1679381673995,1679381674034
1679381674120,1679381674137
1679381674124,1679381674206
1679381674198,1679381674217
1679381674214,1679381674232
1679381674222,1679381674233
1679381674254,1679381674272
1679381674218,1679381674284
1679381674288,1679381674325
1679381674464,1679381674478
1679381674394,1679381674514
1679381674551,1679381674614
1679381674601,1679381674637
1679381674678,1679381674702
1679381674661,1679381674730
1679381674699,1679381674757
1679381674787,1679381674792
1679381674799,1679381674812
1679381674794,1679381674847
1679381674888,1679381674912
1679381674907,1679381674978
1679381674959,1679381674994
1679381674955,1679381675026
1679381674904,1679381675072
1679381675119,1679381675125
1679381675134,1679381675175
1679381675158,1679381675178
1679381675104,1679381675253
1679381675222,1679381675275
1679381675273,1679381675286
1679381675224,1679381675292
1679381675348,1679381675362
1679381675390,1679381675426
1679381675430,1679381675569
1679381675637,1679381675647
1679381675599,1679381675674
1679381675686,1679381675724
1679381675734,1679381675773
1679381675742,1679381675798
1679381675762,1679381675815
1679381675809,1679381675879
1679381675879,1679381675948
1679381675966,1679381675984
1679381675988,1679381676027
1679381675979,1679381676102
1679381676099,1679381676111
1679381676174,1679381676185
1679381676115,1679381676194
1679381676276,1679381676310
1679381676387,1679381676422
1679381676503,1679381676521
1679381676591,1679381676600
1679381676595,1679381676649
1679381676620,1679381676651
1679381676683,1679381676709
1679381676721,1679381676751
1679381676751,1679381676762
1679381676715,1679381676809
1679381676955,1679381676981
1679381677017,1679381677053
1679381677077,1679381677113
1679381677116,1679381677122
1679381677143,1679381677150
1679381677189,1679381677211
1679381677149,1679381677215
1679381677266,1679381677299
1679381677310,1679381677327
1679381677507,1679381677514
1679381677466,1679381677524
1679381677470,1679381677579
1679381677518,1679381677653
1679381677478,1679381677660
1679381677962,1679381677977
1679381677958,1679381677979
1679381677955,1679381677981
1679381677918,1679381677988
1679381677997,1679381678008
1679381678151,1679381678170
1679381678195,1679381678204
1679381678155,1679381678239
1679381678621,1679381678630
1679381678702,1679381678706
1679381678767,1679381679034
1679381679108,1679381679210
1679381679233,1679381679276
1679381679226,1679381679298
1679381679226,1679381679304
1679381679308,1679381679344
1679381679256,1679381679353
1679381679340,1679381679398
1679381679367,1679381679451
1679381679483,1679381679523
1679381679494,1679381679612
1679381679447,1679381679625
1679381679632,1679381679640
1679381679742,1679381679767
1679381679667,1679381679791
1679381679972,1679381679999
1679381680044,1679381680216
1679381680316,1679381680385
1679381680423,1679381680437
1679381680474,1679381680516
1679381680605,1679381680629
1679381680594,1679381680703
1679381680759,1679381680774
1679381680812,1679381680834
1679381680800,1679381680865
1679381680886,1679381680890
1679381680896,1679381680900
1679381681128,1679381681142
1679381681108,1679381681174
1679381681176,1679381681183
1679381681223,1679381681228
1679381681316,1679381681422
1679381681424,1679381681428
1679381681448,1679381681480
1679381681493,1679381681527
1679381681455,1679381681531
1679381681776,1679381681822
1679381681820,1679381681847
1679381681892,1679381681924
1679381682005,1679381682043
1679381682068,1679381682163
1679381682288,1679381682327
1679381682292,1679381682388
1679381682388,1679381682404
1679381682401,1679381682408
1679381682528,1679381682606
1679381682632,1679381682700
1679381682798,1679381682848
1679381682880,1679381682897
1679381682889,1679381682909
1679381682961,1679381682989
1679381683153,1679381683263
1679381683277,1679381683307
1679381683398,1679381683456
1679381683558,1679381683567
1679381683672,1679381683771
1679381683790,1679381683800
1679381683713,1679381683840
1679381683692,1679381683859
1679381683734,1679381683864
1679381684074,1679381684106
1679381684125,1679381684148
1679381684322,1679381684328
1679381684241,1679381684332
1679381684381,1679381684398
1679381684409,1679381684593
1679381684469,1679381684596
1679381684629,1679381684681
1679381684693,1679381684729
1679381684717,1679381684742
1679381684689,1679381684825
1679381684812,1679381684890
1679381685049,1679381685079
1679381685406,1679381685426
1679381685528,1679381685534
1679381685481,1679381685625
1679381685569,1679381685689
1679381685682,1679381685714
1679381685612,1679381685723
1679381685641,1679381685736
1679381685922,1679381685926
1679381685945,1679381685954
1679381685985,1679381686022
1679381686113,1679381686137
1679381686125,1679381686188
1679381686204,1679381686217
1679381686369,1679381686422
1679381686299,1679381686491
1679381686537,1679381686686
1679381686677,1679381686692
1679381686897,1679381686912
1679381686849,1679381686932
1679381686837,1679381686940
1679381687020,1679381687087
1679381687108,1679381687148
1679381687203,1679381687229
1679381687221,1679381687229
1679381687208,1679381687239
1679381687212,1679381687349
1679381687417,1679381687461
1679381687445,1679381687489
1679381687449,1679381687506
1679381687749,1679381687791
1679381687813,1679381687852
1679381687813,1679381687875
1679381687960,1679381687970
1679381687967,1679381687974
1679381687943,1679381688030
1679381687991,1679381688037
1679381688048,1679381688096
1679381687997,1679381688107
1679381688007,1679381688108
1679381687986,1679381688143
1679381687990,1679381688188
1679381688010,1679381688194
1679381687982,1679381688212
1679381688004,1679381688255
1679381687957,1679381688342
1679381687970,1679381688464
1679381687973,1679381688474
1679381688265,1679381688486
1679381687972,1679381688519
1679381687991,1679381688521
1679381687999,1679381688535
1679381688413,1679381688539
1679381688569,1679381688591
1679381688466,1679381688592
1679381688574,1679381688602
1679381688617,1679381688626
1679381688461,1679381688636
1679381688420,1679381688655
1679381688168,1679381688658
1679381688740,1679381688745
1679381688636,1679381688756
1679381688765,1679381688850
1679381688896,1679381688963
1679381688949,1679381689019
1679381688972,1679381689036
1679381689241,1679381689256
1679381689346,1679381689360
1679381689297,1679381689396
1679381689397,1679381689489
1679381689569,1679381689639
1679381689610,1679381689655
1679381689624,1679381689674
1679381689596,1679381689721
1679381689693,1679381689739
1679381689708,1679381689760
1679381689769,1679381689779
1679381689721,1679381689828
1679381689820,1679381689833
1679381689816,1679381689995
1679381690041,1679381690045
1679381689990,1679381690047
1679381690111,1679381690120
1679381690132,1679381690151
1679381690156,1679381690189
1679381690125,1679381690219
1679381690244,1679381690256
1679381690008,1679381690268
1679381690300,1679381690305
1679381690268,1679381690369
1679381690316,1679381690469
1679381690531,1679381690584
1679381690552,1679381690642
1679381690637,1679381690710
1679381690703,1679381690722
1679381690701,1679381690766
1679381690745,1679381690852
1679381690820,1679381690855
1679381690812,1679381690895
1679381690932,1679381690944
1679381691031,1679381691045
1679381691048,1679381691072
1679381691067,1679381691097
1679381691051,1679381691132
1679381691192,1679381691206
1679381691224,1679381691363
1679381691323,1679381691410
1679381691303,1679381691436
1679381691468,1679381691481
1679381691519,1679381691524
1679381691555,1679381691586
1679381691547,1679381691650
1679381691723,1679381691742
1679381691708,1679381691758
1679381691729,1679381691786
1679381691671,1679381691809
1679381691837,1679381691924
1679381691948,1679381691955
1679381691797,1679381692016
1679381691971,1679381692107
1679381691797,1679381692180
1679381691928,1679381692278
1679381692147,1679381692370
1679381692375,1679381692379
1679381692148,1679381692394
1679381692186,1679381692424
1679381692304,1679381692442
1679381692171,1679381692482
1679381692260,1679381692488
1679381692328,1679381692541
1679381692563,1679381692592
1679381692536,1679381692611
1679381692613,1679381692628
1679381692608,1679381692631
1679381692623,1679381692640
1679381692740,1679381692758
1679381692819,1679381692850
1679381692788,1679381692917
1679381692903,1679381692924
1679381692943,1679381692952
1679381692933,1679381693020
1679381693085,1679381693119
1679381693203,1679381693263
1679381693306,1679381693317
1679381693340,1679381693359
1679381693324,1679381693401
1679381693497,1679381693593
1679381693613,1679381693625
1679381693610,1679381693644
1679381693526,1679381693663
1679381693692,1679381693719
1679381693725,1679381693750
1679381693576,1679381693756
1679381693746,1679381693767
1679381693799,1679381693817
1679381693883,1679381693915
1679381693918,1679381693991
1679381693996,1679381694044
1679381693994,1679381694097
1679381694094,1679381694164
1679381694129,1679381694175
1679381694118,1679381694183
1679381694191,1679381694246
1679381694188,1679381694257
1679381694346,1679381694349
1679381694332,1679381694361
1679381694448,1679381694457
1679381694439,1679381694518
1679381694460,1679381694529
1679381694585,1679381694623
1679381694624,1679381694632
1679381694684,1679381694738
1679381694833,1679381694838
1679381694740,1679381694873
1679381694866,1679381694884
1679381694955,1679381695050
1679381695036,1679381695076
1679381695044,1679381695092
1679381695235,1679381695267
1679381695304,1679381695328
1679381695278,1679381695336
1679381695340,1679381695358
1679381695376,1679381695404
1679381695360,1679381695462
1679381695392,1679381695474
1679381695481,1679381695486
1679381695536,1679381695677
1679381695733,1679381695789
1679381695761,1679381695831
1679381695836,1679381695863
1679381695645,1679381695866
1679381695872,1679381695964
1679381696008,1679381696029
1679381695936,1679381696048
1679381696029,1679381696076
1679381696122,1679381696129
1679381696113,1679381696191
1679381696196,1679381696258
1679381696258,1679381696317
1679381696209,1679381696359
1679381696237,1679381696372
1679381696364,1679381696392
1679381696437,1679381696448
1679381696431,1679381696459
1679381696377,1679381696503
1679381696581,1679381696617
1679381696606,1679381696656
1679381696508,1679381696668
1679381696655,1679381696763
1679381696831,1679381696856
1679381696892,1679381696950
1679381696832,1679381697010
1679381696905,1679381697033
1679381696929,1679381697075
1679381697102,1679381697192
1679381697099,1679381697193
1679381697220,1679381697245
1679381697323,1679381697349
1679381697357,1679381697403
1679381697367,1679381697434
1679381697461,1679381697488
1679381697503,1679381697514
1679381697539,1679381697568
1679381697559,1679381697611
1679381697719,1679381697761
1679381697807,1679381697811
1679381697685,1679381697814
1679381697873,1679381697916
1679381698107,1679381698120
1679381698203,1679381698261
1679381698301,1679381698307
1679381698655,1679381698675
1679381698612,1679381698678
1679381698979,1679381698986
1679381699042,1679381699075
1679381699042,1679381699117
1679381699147,1679381699164
1679381699227,1679381699249
1679381699523,1679381699528
1679381699542,1679381699576
1679381699635,1679381699669
1679381699787,1679381699821
1679381699860,1679381699918
1679381700064,1679381700114
1679381700099,1679381700173
1679381700307,1679381700338
1679381700326,1679381700356
1679381700462,1679381700504
1679381700496,1679381700512
1679381700482,1679381700618
1679381700492,1679381700620
1679381700638,1679381700650
1679381700805,1679381700850
1679381700826,1679381700852
1679381700886,1679381700897
1679381701006,1679381701201
1679381701254,1679381701295
1679381701467,1679381701478
1679381701679,1679381701688
1679381701599,1679381701688
1679381701670,1679381701703
1679381701719,1679381701729
1679381701814,1679381701831
1679381701895,1679381701917
1679381701938,1679381701965
1679381701966,1679381701971
1679381702240,1679381702287
1679381702295,1679381702390
1679381702419,1679381702429
1679381702435,1679381702484
1679381702543,1679381702572
1679381702640,1679381702685
1679381702908,1679381702930
1679381702907,1679381702993
1679381703180,1679381703186
1679381703119,1679381703231
1679381703167,1679381703275
1679381703276,1679381703287
1679381703080,1679381703322
1679381703352,1679381703392
1679381703359,1679381703419
1679381703408,1679381703449
1679381703636,1679381703647
1679381703928,1679381703963
1679381704155,1679381704192
1679381704396,1679381704442
1679381704436,1679381704452
1679381704448,1679381704509
1679381704240,1679381704529
1679381704469,1679381704532
1679381704664,1679381704772
1679381704760,1679381704793
1679381704776,1679381704864
1679381705035,1679381705052
1679381705020,1679381705109
1679381705116,1679381705172
1679381705248,1679381705269
1679381705221,1679381705343
1679381705356,1679381705382
1679381705521,1679381705555
1679381705720,1679381705748
1679381705609,1679381705787
1679381705794,1679381705858
1679381705977,1679381705989
1679381705996,1679381706067
1679381706266,1679381706359
1679381706344,1679381706389
1679381706401,1679381706440
1679381706533,1679381706560
1679381706574,1679381706670
1679381706614,1679381706679
1679381706653,1679381706717
1679381706809,1679381706871
1679381706757,1679381706938
1679381707009,1679381707015
1679381707034,1679381707095
1679381707238,1679381707244
1679381707453,1679381707464
1679381707357,1679381707489
1679381707769,1679381707796
1679381707750,1679381707820
1679381708012,1679381708032
1679381708171,1679381708188
1679381708149,1679381708188
1679381708231,1679381708244
1679381708253,1679381708265
1679381708252,1679381708312
1679381708286,1679381708315
1679381708289,1679381708321
1679381708339,1679381708360
1679381708276,1679381708369
1679381708301,1679381708392
1679381708262,1679381708415
1679381708330,1679381708493
1679381708256,1679381708506
1679381708259,1679381708514
1679381708311,1679381708549
1679381708229,1679381708563
1679381708326,1679381708578
1679381708342,1679381708600
1679381708302,1679381708631
1679381708322,1679381708663
1679381708320,1679381708665
1679381708293,1679381708668
1679381708321,1679381708726
1679381708238,1679381708735
1679381708304,1679381708764
1679381708597,1679381708817
1679381708317,1679381708829
1679381708351,1679381708882
1679381708332,1679381708885
1679381708280,1679381708894
1679381708341,1679381708906
1679381708242,1679381708925
1679381708781,1679381708972
1679381708765,1679381709063
1679381708287,1679381709118
1679381708545,1679381709125
1679381708253,1679381709164
1679381708270,1679381709171
1679381708333,1679381709197
1679381708873,1679381709258
1679381708429,1679381709274
1679381708616,1679381709287
1679381708270,1679381709330
1679381708997,1679381709331
1679381709259,1679381709335
1679381709325,1679381709410
1679381709594,1679381709673
1679381709922,1679381709928
1679381709954,1679381709965
1679381710089,1679381710101
1679381710097,1679381710199
1679381710069,1679381710228
1679381710202,1679381710235
1679381709981,1679381710259
1679381710162,1679381710291
1679381710368,1679381710463
1679381710493,1679381710497
1679381710356,1679381710503
1679381710493,1679381710546
1679381710534,1679381710566
1679381710617,1679381710700
1679381710693,1679381710703
1679381710678,1679381710734
1679381710743,1679381710750
1679381710874,1679381710884
1679381710846,1679381710893
1679381710916,1679381710922
1679381710933,1679381711025
1679381711036,1679381711054
1679381711057,1679381711068
1679381711059,1679381711084
1679381711172,1679381711196
1679381711148,1679381711224
1679381711145,1679381711264
1679381711160,1679381711266
1679381711291,1679381711296
1679381711563,1679381711582
1679381711584,1679381711645
1679381711762,1679381711807
1679381711842,1679381711951
1679381711973,1679381711985
1679381712000,1679381712046
1679381712091,1679381712107
1679381712053,1679381712128
1679381712149,1679381712199
1679381712099,1679381712237
1679381712243,1679381712288
1679381712312,1679381712323
1679381712359,1679381712405
1679381712498,1679381712520
1679381712492,1679381712523
1679381712520,1679381712526
1679381712522,1679381712527
1679381712617,1679381712672
1679381712690,1679381712698
1679381712668,1679381712810
1679381712866,1679381712919
1679381713036,1679381713090
1679381712970,1679381713099
1679381713058,1679381713100
1679381713161,1679381713185
1679381713079,1679381713211
1679381713244,1679381713262
1679381713279,1679381713332
1679381713297,1679381713332
1679381713375,1679381713423
1679381713437,1679381713445
1679381713495,1679381713509
1679381713731,1679381713752
1679381713690,1679381713790
1679381713827,1679381713842
1679381713883,1679381713979
1679381713959,1679381714061
1679381714075,1679381714085
1679381714174,1679381714203
1679381714247,1679381714270
1679381714264,1679381714271
1679381714239,1679381714277
1679381714269,1679381714300
1679381714369,1679381714390
1679381714419,1679381714435
1679381714355,1679381714453
1679381714410,1679381714456
1679381714431,1679381714462
1679381714366,1679381714469
1679381714507,1679381714556
1679381714586,1679381714610
1679381714583,1679381714618
1679381714575,1679381714620
1679381714634,1679381714641
1679381714627,1679381714643
1679381714529,1679381714678
1679381714670,1679381714686
1679381714695,1679381714715
1679381714705,1679381714733
1679381714742,1679381714746
1679381714757,1679381714774
1679381714738,1679381714825
1679381714799,1679381714894
1679381714871,1679381714919
1679381714999,1679381715023
1679381715152,1679381715206
1679381715219,1679381715227
1679381715138,1679381715312
1679381715179,1679381715323
1679381715337,1679381715352
1679381715223,1679381715358
1679381715343,1679381715374
1679381715470,1679381715497
1679381715489,1679381715498
1679381715529,1679381715551
1679381715525,1679381715553
1679381715618,1679381715642
1679381715659,1679381715669
1679381715745,1679381715773
1679381715829,1679381715882
1679381715842,1679381715889
1679381716106,1679381716112
1679381715766,1679381716133
1679381716098,1679381716136
1679381716108,1679381716142
1679381716304,1679381716334
1679381716045,1679381716356
1679381716352,1679381716358
1679381716363,1679381716376
1679381716394,1679381716428
1679381716500,1679381716542
1679381716561,1679381716600
1679381716592,1679381716643
1679381716688,1679381716691
1679381716735,1679381716820
1679381716776,1679381716825
1679381716754,1679381716901
1679381716803,1679381716905
1679381716943,1679381716953
1679381716936,1679381716953
1679381717123,1679381717146
1679381717175,1679381717184
1679381717150,1679381717251
1679381717184,1679381717272
1679381717272,1679381717291
1679381716987,1679381717295
1679381717379,1679381717408
1679381717550,1679381717564
1679381717572,1679381717624
1679381717631,1679381717658
1679381717656,1679381717714
1679381717814,1679381717821
1679381717796,1679381717835
1679381717879,1679381717890
1679381717884,1679381717946
1679381717935,1679381717949
1679381717946,1679381717986
1679381717976,1679381718014
1679381718027,1679381718061
1679381718052,1679381718074
1679381718097,1679381718142
1679381718097,1679381718154
1679381718195,1679381718210
1679381718245,1679381718255
1679381718223,1679381718317
1679381718325,1679381718386
1679381718418,1679381718426
1679381718433,1679381718501
1679381718437,1679381718545
1679381718406,1679381718545
1679381718403,1679381718558
1679381718423,1679381718572
1679381718408,1679381718605
1679381718410,1679381718758
1679381718716,1679381718765
1679381718424,1679381718772
1679381718443,1679381718834
1679381718471,1679381718904
1679381718839,1679381718915
1679381718917,1679381718930
1679381718596,1679381718954
1679381718552,1679381718974
1679381718864,1679381719006
1679381718497,1679381719018
1679381718604,1679381719019
1679381718941,1679381719041
1679381718704,1679381719065
1679381719015,1679381719081
1679381718892,1679381719199
1679381718391,1679381719219
1679381718996,1679381719227
1679381718832,1679381719293
1679381719223,1679381719299
1679381719213,1679381719333
1679381719048,1679381719454
1679381719351,1679381719455
1679381719236,1679381719474
1679381718439,1679381719512
1679381719329,1679381719559
1679381719151,1679381719668
1679381719622,1679381719682
1679381719525,1679381719683
1679381718855,1679381719728
1679381718958,1679381719731
1679381719905,1679381719916
1679381719967,1679381720106
1679381720117,1679381720135
1679381720168,1679381720210
1679381720293,1679381720322
1679381720297,1679381720353
1679381720330,1679381720366
1679381720408,1679381720422
1679381720391,1679381720451
1679381720413,1679381720475
1679381720463,1679381720500
1679381720589,1679381720618
1679381720633,1679381720822
1679381720824,1679381720840
1679381720643,1679381720844
1679381720824,1679381720850
1679381720657,1679381720883
1679381720858,1679381720902
1679381720919,1679381720932
1679381721062,1679381721075
1679381720997,1679381721129
1679381721102,1679381721240
1679381721192,1679381721245
1679381721236,1679381721273
1679381721216,1679381721287
1679381721251,1679381721304
1679381721184,1679381721307
1679381721483,1679381721504
1679381721467,1679381721517
1679381721530,1679381721541
1679381721542,1679381721573
1679381721576,1679381721600
1679381721615,1679381721690
1679381721582,1679381721691
1679381721658,1679381721716
1679381721604,1679381721789
1679381721519,1679381721857
1679381721871,1679381721893
1679381721875,1679381721899
1679381721924,1679381721962
1679381721875,1679381722023
1679381722042,1679381722054
1679381722067,1679381722106
1679381722030,1679381722116
1679381722048,1679381722142
1679381722064,1679381722150
1679381722205,1679381722211
1679381722233,1679381722270
1679381722236,1679381722314
1679381722371,1679381722399
1679381722324,1679381722411
1679381722414,1679381722563
1679381722656,1679381722671
1679381722626,1679381722721
1679381722664,1679381722780
1679381722814,1679381722860
1679381722840,1679381722885
1679381722923,1679381722953
1679381722884,1679381722971
1679381723027,1679381723079
1679381723098,1679381723111
1679381723007,1679381723150
1679381723167,1679381723171
1679381723125,1679381723225
1679381723243,1679381723394
1679381723363,1679381723438
1679381723415,1679381723492
1679381723395,1679381723542
1679381723625,1679381723635
1679381723728,1679381723745
1679381723599,1679381723757
1679381723841,1679381723860
1679381723832,1679381723871
1679381723919,1679381723951
1679381723953,1679381723974
1679381723893,1679381723989
1679381723972,1679381724066
1679381724054,1679381724080
1679381724076,1679381724087
1679381724158,1679381724210
1679381724182,1679381724240
1679381724251,1679381724281
1679381724266,1679381724306
1679381724306,1679381724352
1679381724310,1679381724360
1679381724487,1679381724502
1679381724561,1679381724594
1679381724614,1679381724634
1679381724622,1679381724636
1679381724599,1679381724672
1679381724654,1679381724675
1679381724675,1679381724682
1679381724695,1679381724716
1679381724765,1679381724778
1679381724735,1679381724793
1679381724827,1679381724841
1679381724826,1679381724846
1679381724913,1679381724948
1679381724991,1679381725060
1679381725035,1679381725060
1679381725046,1679381725076
1679381724982,1679381725087
1679381725001,1679381725115
1679381725111,1679381725118
1679381725124,1679381725131
1679381725099,1679381725182
1679381724986,1679381725183
1679381725219,1679381725234
1679381725182,1679381725262
1679381725287,1679381725293
1679381725409,1679381725466
1679381725490,1679381725590
1679381725564,1679381725653
1679381725634,1679381725684
1679381725669,1679381725703
1679381725677,1679381725746
1679381725777,1679381725799
1679381725847,1679381725851
1679381725935,1679381725953
1679381725963,1679381725971
1679381726013,1679381726034
1679381725982,1679381726059
1679381726039,1679381726063
1679381726130,1679381726134
1679381726199,1679381726236
1679381726303,1679381726325
1679381726378,1679381726382
1679381726481,1679381726489
1679381726674,1679381726710
1679381726695,1679381726721
1679381726673,1679381726747
1679381726793,1679381726796
1679381726811,1679381726837
1679381726871,1679381726907
1679381726922,1679381726962
1679381726931,1679381726963
1679381726921,1679381726968
1679381726952,1679381726979
1679381726928,1679381727009
1679381727012,1679381727042
1679381727063,1679381727067
1679381727128,1679381727158
1679381727155,1679381727201
1679381727141,1679381727269
1679381727199,1679381727316
1679381727373,1679381727478
1679381727385,1679381727529
1679381727369,1679381727556
1679381727363,1679381727594
1679381727511,1679381727606
1679381727377,1679381727626
1679381727665,1679381727698
1679381727684,1679381727719
1679381727611,1679381727742
1679381727750,1679381727756
1679381727883,1679381727911
1679381727939,1679381727953
1679381727848,1679381728005
1679381727995,1679381728020
1679381728015,1679381728051
1679381728070,1679381728074
1679381728060,1679381728089
1679381728101,1679381728106
1679381728216,1679381728230
1679381728246,1679381728252
1679381728246,1679381728289
1679381728192,1679381728308
1679381728318,1679381728386
1679381728452,1679381728466
1679381728572,1679381728594
1679381728595,1679381728613
1679381728619,1679381728653
1679381728640,1679381728709
1679381728875,1679381728953
1679381729015,1679381729121
1679381729063,1679381729144
1679381729146,1679381729166
1679381729239,1679381729295
1679381729436,1679381729443
1679381729400,1679381729448
1679381729452,1679381729480
1679381729511,1679381729540
1679381729606,1679381729615
1679381729590,1679381729626
1679381729607,1679381729720
1679381729819,1679381729890
1679381729862,1679381729936
1679381729787,1679381729953
1679381729897,1679381729965
1679381729977,1679381730013
1679381730228,1679381730238
1679381730243,1679381730251
1679381730208,1679381730265
1679381730287,1679381730291
1679381730189,1679381730301
1679381730307,1679381730315
1679381730316,1679381730352
1679381730354,1679381730389
1679381730375,1679381730393
1679381730363,1679381730410
1679381730432,1679381730452
1679381730447,1679381730468
1679381730491,1679381730501
1679381730482,1679381730503
1679381730536,1679381730544
1679381730373,1679381730561
1679381730629,1679381730680
1679381730632,1679381730781
1679381730768,1679381730783
1679381730850,1679381730887
1679381730842,1679381730941
1679381730953,1679381730964
1679381731057,1679381731073
1679381731160,1679381731190
1679381731125,1679381731192
1679381731162,1679381731243
1679381731223,1679381731250
1679381731204,1679381731274
1679381731276,1679381731298
1679381731524,1679381731528
1679381731455,1679381731579
1679381731741,1679381731785
1679381731776,1679381731802
1679381731790,1679381731841
1679381731807,1679381731856
1679381731856,1679381731989
1679381732105,1679381732158
1679381732164,1679381732180
1679381732295,1679381732338
1679381732259,1679381732406
1679381732500,1679381732519
1679381732548,1679381732557
1679381732531,1679381732578
1679381732608,1679381732647
1679381732735,1679381732745
1679381732806,1679381732832
1679381732832,1679381732894
1679381732871,1679381732930
1679381732939,1679381732954
1679381733031,1679381733040
1679381733100,1679381733119
1679381733207,1679381733233
1679381733235,1679381733239
1679381733208,1679381733271
1679381733372,1679381733388
1679381733485,1679381733504
1679381733491,1679381733505
1679381733593,1679381733597
1679381733695,1679381733700
1679381733632,1679381733725
1679381733723,1679381733739
1679381733761,1679381733781
1679381733744,1679381733793
1679381733776,1679381733823
1679381733815,1679381733845
1679381733818,1679381733862
1679381733975,1679381734054
1679381734000,1679381734058
1679381734177,1679381734208
1679381734250,1679381734290
1679381734356,1679381734368
1679381734355,1679381734379
1679381734450,1679381734456
1679381734436,1679381734512
1679381734529,1679381734541
1679381734652,1679381734658
1679381734682,1679381734698
1679381734829,1679381734906
1679381734894,1679381734927
1679381734820,1679381734930
1679381734929,1679381734937
1679381734933,1679381734989
1679381734963,1679381735001
1679381734998,1679381735011
1679381734931,1679381735027
1679381734821,1679381735033
1679381735069,1679381735072
1679381735021,1679381735170
1679381735158,1679381735240
1679381735251,1679381735306
1679381735204,1679381735334
1679381735288,1679381735344
1679381735356,1679381735363
1679381735376,1679381735400
1679381735372,1679381735410
1679381735413,1679381735434
1679381735401,1679381735453
1679381735460,1679381735466
1679381735462,1679381735481
1679381735584,1679381735601
1679381735434,1679381735662
1679381735691,1679381735741
1679381735825,1679381735845
1679381735837,1679381735875
1679381735825,1679381735925
1679381735845,1679381735934
1679381735829,1679381735937
1679381736003,1679381736020
1679381736053,1679381736151
1679381736274,1679381736292
1679381736271,1679381736341
1679381736352,1679381736432
1679381736381,1679381736439
1679381736563,1679381736616
1679381736609,1679381736666
1679381736754,1679381736772
1679381736775,1679381736783
1679381736835,1679381736862
1679381736861,1679381736987
1679381736970,1679381736989
1679381737029,1679381737066
1679381737016,1679381737105
1679381737226,1679381737328
1679381737265,1679381737346
1679381737337,1679381737382
1679381737322,1679381737389
1679381737409,1679381737440
1679381737425,1679381737452
1679381737449,1679381737491
1679381737473,1679381737495
1679381737509,1679381737516
1679381737469,1679381737555
1679381737612,1679381737625
1679381737657,1679381737801
1679381737675,1679381737940
1679381738069,1679381738114
1679381738054,1679381738182
1679381738177,1679381738232
1679381738125,1679381738239
1679381738230,1679381738243
1679381738259,1679381738267
1679381738142,1679381738345
1679381738433,1679381738610
1679381738784,1679381738805
1679381738936,1679381738944
1679381738992,1679381739002
1679381739088,1679381739141
1679381739100,1679381739160
1679381739052,1679381739173
1679381739163,1679381739205
1679381739186,1679381739219
1679381739199,1679381739227
1679381739166,1679381739300
1679381739596,1679381739606
1679381740200,1679381740218
1679381740235,1679381740262
1679381740269,1679381740327
1679381740255,1679381740364
1679381740459,1679381740463
1679381740457,1679381740471
1679381740616,1679381740687
1679381740921,1679381740939
1679381740860,1679381740977
1679381740984,1679381741009
1679381741012,1679381741141
1679381741500,1679381741532
1679381741726,1679381741740
1679381741794,1679381741828
1679381741886,1679381741888
1679381741614,1679381741952
1679381741953,1679381741993
1679381742030,1679381742075
1679381742108,1679381742130
1679381742137,1679381742168
1679381742177,1679381742188
1679381742752,1679381742806
1679381742793,1679381742835
1679381742954,1679381742967
1679381743053,1679381743104
1679381743309,1679381743314
1679381743321,1679381743334
1679381743328,1679381743395
1679381743517,1679381743534
1679381743493,1679381743537
1679381743541,1679381743553
1679381743689,1679381743814
1679381744226,1679381744254
1679381744313,1679381744316
1679381744461,1679381744521
1679381744673,1679381744685
1679381744686,1679381744702
1679381744741,1679381744769
1679381744719,1679381744781
1679381744893,1679381744917
1679381744956,1679381744959
1679381745081,1679381745112
1679381744985,1679381745202
1679381745198,1679381745203
1679381745320,1679381745350
1679381745534,1679381745704
1679381745693,1679381745737
1679381745985,1679381746018
1679381745970,1679381746048
1679381745985,1679381746072
1679381746080,1679381746113
1679381746189,1679381746317
1679381746353,1679381746392
1679381746597,1679381746628
1679381746612,1679381746632
1679381746689,1679381746722
1679381746732,1679381746739
1679381746937,1679381747036
1679381747113,1679381747136
1679381747144,1679381747172
1679381747310,1679381747354
1679381747348,1679381747362
1679381747281,1679381747430
1679381747673,1679381747700
1679381747676,1679381747756
1679381747800,1679381747848
1679381747978,1679381748044
1679381748105,1679381748146
1679381748073,1679381748173
1679381748277,1679381748293
1679381748485,1679381748498
1679381748524,1679381748599
1679381748693,1679381748705
1679381748818,1679381748859
1679381748834,1679381748880
1679381748900,1679381748917
1679381748911,1679381748928
1679381748860,1679381748942
1679381748926,1679381748947
1679381748933,1679381748977
1679381748913,1679381748990
1679381748944,1679381748990
1679381748984,1679381749008
1679381748915,1679381749014
1679381748994,1679381749018
1679381748909,1679381749028
1679381748993,1679381749067
1679381748959,1679381749102
1679381748949,1679381749108
1679381748984,1679381749116
1679381749004,1679381749130
1679381749013,1679381749176
1679381748938,1679381749207
1679381749004,1679381749232
1679381749223,1679381749248
1679381748978,1679381749259
1679381748906,1679381749341
1679381749022,1679381749345
1679381748944,1679381749348
1679381748965,1679381749351
1679381748919,1679381749360
1679381748962,1679381749373
1679381749200,1679381749393
1679381748923,1679381749417
1679381749389,1679381749447
1679381749029,1679381749471
1679381748943,1679381749483
1679381748971,1679381749502
1679381748996,1679381749508
1679381748946,1679381749537
1679381748934,1679381749537
1679381749495,1679381749553
1679381748976,1679381749555
1679381748988,1679381749670
1679381749005,1679381749674
1679381749579,1679381749678
1679381749023,1679381749726
1679381749018,1679381749792
1679381748954,1679381749808
1679381748975,1679381749901
1679381749901,1679381749908
1679381749240,1679381750006
1679381750336,1679381750401
1679381750193,1679381750416
1679381750568,1679381750577
1679381750576,1679381750605
1679381750580,1679381750617
1679381750537,1679381750678
1679381750726,1679381750784
1679381750813,1679381750835
1679381750972,1679381750986
1679381750979,1679381751042
1679381751072,1679381751079
1679381751107,1679381751173
1679381751274,1679381751287
1679381751274,1679381751338
1679381751425,1679381751439
1679381751521,1679381751542
1679381751561,1679381751572
1679381751672,1679381751689
1679381751656,1679381751715
1679381751764,1679381751790
1679381751792,1679381751810
1679381751809,1679381751815
1679381751809,1679381751823
1679381751733,1679381751873
1679381751860,1679381751883
1679381751960,1679381751984
1679381751933,1679381752052
1679381752105,1679381752153
1679381752152,1679381752169
1679381752156,1679381752224
1679381752280,1679381752309
1679381752245,1679381752372
1679381752380,1679381752433
1679381752511,1679381752526
1679381752505,1679381752544
1679381752453,1679381752641
1679381752697,1679381752704
1679381752813,1679381752863
1679381752896,1679381752915
1679381752748,1679381752938
1679381752884,1679381753037
1679381753061,1679381753147
1679381753138,1679381753169
1679381753182,1679381753223
1679381753285,1679381753289
1679381753379,1679381753389
1679381753357,1679381753500
1679381753465,1679381753503
1679381753541,1679381753556
1679381753552,1679381753609
1679381753651,1679381753707
1679381753951,1679381754001
1679381753989,1679381754068
1679381754085,1679381754115
1679381753965,1679381754117
1679381754010,1679381754155
1679381754121,1679381754196
1679381753902,1679381754212
1679381753995,1679381754212
1679381754186,1679381754268
1679381754160,1679381754268
1679381754080,1679381754308
1679381754313,1679381754333
1679381754334,1679381754363
1679381754172,1679381754417
1679381754332,1679381754435
1679381754552,1679381754556
1679381754623,1679381754672
1679381754616,1679381754685
1679381754743,1679381754756
1679381754725,1679381754765
1679381754767,1679381754854
1679381754807,1679381754874
1679381754872,1679381754936
1679381754927,1679381754945
1679381755054,1679381755061
1679381755049,1679381755073
1679381755043,1679381755169
1679381755180,1679381755197
1679381755191,1679381755215
1679381755258,1679381755285
1679381755374,1679381755432
1679381755335,1679381755432
1679381755448,1679381755462
1679381755513,1679381755553
1679381755478,1679381755558
1679381755475,1679381755577
1679381755344,1679381755608
1679381755608,1679381755631
1679381755645,1679381755678
1679381755586,1679381755693
1679381755696,1679381755711
1679381755431,1679381755782
1679381755793,1679381755805
1679381755835,1679381755867
1679381755733,1679381755958
1679381756079,1679381756090
1679381756123,1679381756170
1679381756191,1679381756211
1679381756427,1679381756453
1679381756483,1679381756490
1679381756481,1679381756500
1679381756526,1679381756540
1679381756578,1679381756586
1679381756411,1679381756593
1679381756611,1679381756667
1679381756662,1679381756675
1679381756690,1679381756727
1679381756834,1679381756863
1679381756804,1679381756886
1679381756797,1679381756903
1679381756821,1679381756909
1679381756861,1679381756980
1679381757001,1679381757022
1679381757122,1679381757208
1679381757177,1679381757301
1679381757296,1679381757309
1679381757243,1679381757325
1679381757296,1679381757371
1679381757021,1679381757373
1679381757452,1679381757489
1679381757431,1679381757542
1679381757507,1679381757545
1679381757483,1679381757572
1679381757595,1679381757635
1679381757641,1679381757645
1679381757611,1679381757712
1679381757667,1679381757728
1679381757679,1679381757773
1679381757804,1679381757842
1679381757767,1679381757858
1679381757714,1679381757876
1679381757811,1679381757901
1679381757843,1679381757903
1679381757830,1679381757984
1679381757865,1679381757987
1679381757922,1679381757998
1679381758068,1679381758085
1679381758075,1679381758093
1679381758056,1679381758118
1679381758165,1679381758170
1679381758200,1679381758235
1679381758198,1679381758242
1679381758188,1679381758308
1679381758355,1679381758417
1679381758409,1679381758420
1679381758456,1679381758468
1679381758510,1679381758516
1679381758351,1679381758533
1679381758445,1679381758560
1679381758562,1679381758624
1679381758646,1679381758681
1679381758712,1679381758723
1679381758772,1679381758814
1679381758671,1679381758831
1679381758827,1679381758837
1679381758859,1679381758893
1679381758938,1679381758961
1679381758943,1679381759038
1679381758944,1679381759115
1679381759124,1679381759157
1679381759213,1679381759227
1679381759236,1679381759264
1679381759210,1679381759267
1679381759372,1679381759390
1679381759304,1679381759398
1679381759218,1679381759408
1679381759343,1679381759510
1679381759444,1679381759575
1679381759682,1679381759727
1679381759679,1679381759742
1679381759742,1679381759760
1679381759772,1679381759780
1679381759894,1679381759928
1679381759868,1679381759951
1679381759848,1679381759970
1679381759947,1679381760016
1679381760331,1679381760351
1679381760419,1679381760454
1679381760588,1679381760613
1679381760415,1679381760661
1679381760647,1679381760813
1679381760801,1679381760816
1679381760906,1679381760928
1679381760930,1679381760973
1679381760969,1679381760997
1679381761110,1679381761115
1679381761122,1679381761130
1679381761172,1679381761223
1679381761199,1679381761250
1679381761314,1679381761414
1679381761348,1679381761476
1679381761316,1679381761477
1679381761283,1679381761480
1679381761283,1679381761496
1679381761390,1679381761499
1679381761600,1679381761615
1679381761607,1679381761696
1679381761715,1679381761726
1679381761762,1679381761813
1679381761823,1679381761906
1679381761871,1679381761929
1679381761729,1679381761937
1679381761959,1679381761980
1679381762047,1679381762062
1679381762020,1679381762097
1679381762109,1679381762123
1679381762090,1679381762153
1679381762097,1679381762180
1679381762384,1679381762395
1679381762442,1679381762482
1679381762435,1679381762523
1679381762576,1679381762584
1679381762647,1679381762711
1679381762679,1679381762802
1679381762845,1679381762863
1679381762892,1679381762902
1679381762902,1679381762907
1679381762910,1679381762924
1679381762975,1679381762995
1679381762906,1679381763022
1679381763042,1679381763079
1679381763060,1679381763143
1679381763147,1679381763159
1679381763151,1679381763205
1679381763193,1679381763214
1679381763219,1679381763243
1679381763212,1679381763422
1679381763411,1679381763423
1679381763554,1679381763606
1679381763536,1679381763663
1679381763602,1679381763679
1679381763682,1679381763711
1679381763674,1679381763748
1679381763754,1679381763792
1679381763763,1679381763835
1679381763846,1679381763870
1679381763890,1679381763907
1679381763900,1679381763968
1679381763995,1679381764022
1679381763935,1679381764067
1679381764114,1679381764207
1679381764218,1679381764239
1679381764119,1679381764251
1679381764283,1679381764287
1679381764239,1679381764325
1679381764515,1679381764552
1679381764523,1679381764581
1679381764558,1679381764595
1679381764803,1679381764805
1679381764838,1679381764854
1679381764830,1679381764897
1679381764862,1679381764939
1679381764943,1679381764975
1679381764953,1679381764977
1679381765035,1679381765111
1679381765209,1679381765213
1679381764843,1679381765216
1679381765270,1679381765293
1679381765274,1679381765316
1679381765346,1679381765369
1679381765391,1679381765415
1679381765419,1679381765459
1679381765499,1679381765538
1679381765547,1679381765580
1679381765559,1679381765607
1679381765611,1679381765617
1679381765562,1679381765662
1679381765740,1679381765750
1679381765754,1679381765770
1679381765754,1679381765773
1679381765767,1679381765798
1679381765731,1679381765878
1679381765808,1679381765884
1679381765854,1679381765893
1679381765899,1679381765904
1679381765919,1679381765923
1679381765712,1679381765991
1679381765956,1679381765991
1679381766026,1679381766091
1679381766109,1679381766125
1679381766113,1679381766142
1679381766122,1679381766176
1679381766005,1679381766190
1679381765973,1679381766273
1679381766323,1679381766381
1679381766234,1679381766465
1679381766478,1679381766528
1679381766550,1679381766578
1679381766590,1679381766633
1679381766550,1679381766677
1679381766737,1679381766787
1679381766869,1679381766876
1679381766877,1679381766888
1679381766902,1679381766907
1679381766915,1679381766927
1679381766899,1679381766947
1679381766982,1679381766993
1679381766929,1679381767000
1679381767043,1679381767088
1679381767062,1679381767122
1679381767111,1679381767156
1679381767308,1679381767324
1679381767239,1679381767354
1679381767086,1679381767373
1679381767194,1679381767383
1679381767387,1679381767417
1679381767436,1679381767519
1679381767516,1679381767538
1679381767559,1679381767575
1679381767812,1679381767868
1679381767908,1679381767942
1679381767832,1679381767975
1679381767975,1679381767985
1679381767927,1679381768034
1679381767934,1679381768049
1679381768138,1679381768185
1679381768194,1679381768225
1679381768231,1679381768238
1679381768199,1679381768293
1679381768400,1679381768422
1679381768415,1679381768422
1679381768436,1679381768509
1679381768443,1679381768516
1679381768566,1679381768581
1679381768580,1679381768602
1679381768607,1679381768623
1679381768660,1679381768700
1679381768711,1679381768769
1679381768792,1679381768834
1679381768834,1679381768855
1679381768859,1679381768881
1679381768912,1679381768940
1679381768946,1679381768970
1679381769072,1679381769078
1679381769003,1679381769109
1679381769168,1679381769174
1679381769292,1679381769325
1679381769420,1679381769437
1679381769432,1679381769437
1679381769434,1679381769500
1679381769607,1679381769640
1679381769607,1679381769689
1679381769700,1679381769768
1679381769706,1679381769775
1679381769703,1679381769782
1679381769803,1679381769892
1679381769890,1679381769938
1679381769904,1679381769959
1679381769961,1679381770011
1679381769975,1679381770049
1679381769946,1679381770067
1679381770123,1679381770181
1679381770044,1679381770181
1679381770217,1679381770248
1679381770211,1679381770373
1679381770060,1679381770378
1679381770205,1679381770406
1679381770428,1679381770458
1679381770451,1679381770509
1679381770556,1679381770610
1679381770636,1679381770656
1679381770644,1679381770658
1679381770819,1679381770907
1679381770990,1679381771002
1679381770976,1679381771012
1679381771132,1679381771149
1679381771232,1679381771263
1679381771307,1679381771337
1679381771277,1679381771380
1679381771488,1679381771517
1679381771652,1679381771661
1679381771702,1679381771722
1679381771740,1679381771762
1679381771753,1679381771775
1679381771802,1679381771816
1679381771676,1679381771831
1679381771831,1679381771834
1679381771825,1679381771902
1679381771896,1679381771989
1679381771993,1679381772015
1679381771993,1679381772020
1679381772108,1679381772119
1679381772144,1679381772158
1679381772204,1679381772221
1679381772280,1679381772308
1679381772321,1679381772334
1679381772465,1679381772480
1679381772648,1679381772663
1679381772701,1679381772707
1679381772719,1679381772747
1679381772695,1679381772757
1679381772761,1679381772774
1679381772775,1679381772785
1679381772877,1679381772898
1679381772907,1679381772938
1679381772949,1679381772973
1679381773033,1679381773057
1679381772925,1679381773108
1679381773157,1679381773160
1679381773206,1679381773272
1679381773324,1679381773338
1679381773412,1679381773496
1679381773425,1679381773521
1679381773498,1679381773528
1679381773547,1679381773625
1679381773609,1679381773625
1679381773662,1679381773666
1679381773701,1679381773715
1679381773729,1679381773858
1679381773817,1679381773869
1679381773874,1679381773886
1679381773937,1679381774018
1679381774021,1679381774034
1679381773929,1679381774045
1679381774094,1679381774139
1679381774142,1679381774237
1679381774153,1679381774313
1679381774405,1679381774413
1679381774473,1679381774477
1679381774570,1679381774598
1679381774710,1679381774806
1679381774786,1679381774806
1679381774882,1679381774933
1679381775124,1679381775147
1679381775117,1679381775152
1679381775196,1679381775228
1679381775405,1679381775412
1679381775276,1679381775447
1679381775360,1679381775452
1679381775269,1679381775481
1679381775306,1679381775488
1679381775262,1679381775506
1679381775490,1679381775520
1679381775650,1679381775690
1679381775685,1679381775705
1679381775617,1679381775720
1679381775330,1679381775780
1679381775788,1679381775800
1679381775801,1679381775809
1679381775801,1679381775840
1679381775825,1679381775859
1679381775857,1679381775870
1679381775933,1679381775957
1679381775897,1679381776033
1679381775821,1679381776062
1679381775993,1679381776063
1679381775948,1679381776097
1679381776098,1679381776104
1679381776099,1679381776110
1679381776118,1679381776143
1679381776125,1679381776162
1679381776166,1679381776201
1679381776217,1679381776293
1679381776301,1679381776324
1679381776209,1679381776381
1679381776313,1679381776386
1679381776193,1679381776397
1679381776937,1679381776989
1679381777005,1679381777007
1679381777037,1679381777041
1679381777077,1679381777100
1679381777033,1679381777125
1679381777100,1679381777196
1679381777076,1679381777239
1679381777321,1679381777330
1679381777325,1679381777351
1679381777337,1679381777360
1679381777385,1679381777408
1679381777353,1679381777419
1679381777581,1679381777597
1679381777565,1679381777622
1679381777717,1679381777780
1679381777781,1679381777812
1679381777792,1679381777824
1679381777812,1679381777831
1679381777993,1679381778005
1679381778066,1679381778073
1679381777970,1679381778090
1679381778133,1679381778176
1679381778191,1679381778196
1679381778240,1679381778259
1679381778190,1679381778260
1679381778228,1679381778272
1679381778255,1679381778323
1679381778293,1679381778339
1679381778345,1679381778348
1679381778388,1679381778417
1679381778388,1679381778480
1679381778486,1679381778524
1679381778512,1679381778566
1679381778601,1679381778621
1679381778639,1679381778674
1679381778628,1679381778780
1679381778772,1679381778816
1679381778812,1679381778931
1679381778885,1679381778939
1679381778949,1679381778994
1679381778980,1679381779022
1679381779000,1679381779065
1679381779124,1679381779138
1679381779216,1679381779250
1679381779122,1679381779283
1679381779289,1679381779304
1679381779291,1679381779314
1679381779309,1679381779330
1679381779296,1679381779340
1679381779328,1679381779353
1679381779335,1679381779355
1679381779343,1679381779362
1679381779339,1679381779384
1679381779317,1679381779403
1679381779359,1679381779411
1679381779305,1679381779411
1679381779325,1679381779424
1679381779308,1679381779486
1679381779314,1679381779492
1679381779369,1679381779516
1679381779335,1679381779545
1679381779317,1679381779546
1679381779330,1679381779581
1679381779412,1679381779582
1679381779579,1679381779583
1679381779388,1679381779633
1679381779310,1679381779752
1679381779367,1679381779787
1679381779380,1679381779824
1679381779748,1679381779852
1679381779799,1679381779872
1679381779537,1679381779888
1679381779333,1679381779934
1679381779365,1679381779963
1679381779288,1679381779989
1679381779460,1679381780006
1679381779324,1679381780084
1679381779336,1679381780089
1679381779359,1679381780109
1679381779669,1679381780136
1679381779855,1679381780164
1679381779988,1679381780188
1679381779351,1679381780189
1679381779783,1679381780208
1679381779271,1679381780236
1679381780185,1679381780262
1679381780199,1679381780357
1679381780277,1679381780384
1679381779745,1679381780408
1679381779865,1679381780415
1679381780281,1679381780455
1679381780236,1679381780468
1679381779497,1679381780485
1679381779378,1679381780491
1679381780464,1679381780505
1679381779719,1679381780534
1679381779638,1679381780579
1679381780561,1679381780626
1679381780461,1679381780681
1679381780652,1679381780686
1679381780929,1679381780933
1679381781029,1679381781058
1679381781064,1679381781086
1679381781065,1679381781142
1679381781158,1679381781194
1679381781298,1679381781331
1679381781417,1679381781424
1679381781414,1679381781432
1679381781417,1679381781458
1679381781546,1679381781562
1679381781609,1679381781616
1679381781509,1679381781619
1679381781616,1679381781643
1679381781733,1679381781736
1679381781670,1679381781758
1679381781792,1679381781796
1679381781844,1679381781851
1679381781860,1679381781886
1679381782109,1679381782149
1679381782108,1679381782182
1679381782041,1679381782229
1679381782045,1679381782244
1679381782203,1679381782264
1679381782264,1679381782271
1679381782198,1679381782328
1679381782305,1679381782367
1679381782420,1679381782445
1679381782378,1679381782488
1679381782381,1679381782508
1679381782077,1679381782591
1679381782619,1679381782632
1679381782657,1679381782701
1679381782632,1679381782714
1679381782752,1679381782763
1679381782769,1679381782785
1679381782775,1679381782816
1679381782785,1679381782864
1679381782891,1679381782897
1679381782820,1679381782913
1679381782832,1679381782950
1679381782943,1679381782977
1679381782905,1679381783091
1679381783098,1679381783101
1679381782920,1679381783158
1679381783176,1679381783182
1679381782873,1679381783233
1679381783112,1679381783240
1679381783289,1679381783300
1679381783472,1679381783489
1679381783546,1679381783574
1679381783563,1679381783660
1679381783649,1679381783729
1679381783718,1679381783729
1679381783671,1679381783732
1679381783732,1679381783742
1679381783739,1679381783770
1679381783771,1679381783800
1679381783987,1679381784018
1679381783963,1679381784049
1679381784076,1679381784105
1679381784125,1679381784142
1679381784204,1679381784255
1679381784298,1679381784304
1679381784338,1679381784343
1679381784372,1679381784395
1679381784425,1679381784458
1679381784472,1679381784478
1679381784547,1679381784559
1679381784671,1679381784704
1679381784740,1679381784751
1679381784752,1679381784754
1679381784682,1679381784783
1679381784858,1679381784869
1679381784935,1679381784965
1679381784928,1679381784988
1679381784915,1679381785032
1679381784951,1679381785080
1679381784959,1679381785082
1679381785063,1679381785092
1679381785064,1679381785098
1679381785239,1679381785285
1679381785255,1679381785308
1679381785288,1679381785350
1679381785324,1679381785358
1679381785399,1679381785459
1679381785396,1679381785512
1679381785493,1679381785532
1679381785528,1679381785549
1679381785680,1679381785684
1679381785667,1679381785701
1679381785675,1679381785709
1679381785674,1679381785747
1679381785800,1679381785855
1679381786033,1679381786064
1679381786043,1679381786097
1679381786080,1679381786104
1679381786160,1679381786175
1679381786432,1679381786446
1679381786479,1679381786485
1679381786493,1679381786500
1679381786501,1679381786536
1679381786523,1679381786539
1679381786554,1679381786596
1679381786730,1679381786777
1679381786723,1679381786859
1679381786904,1679381786927
1679381786901,1679381786993
1679381786960,1679381787001
1679381787039,1679381787046
1679381787147,1679381787157
1679381787168,1679381787188
1679381787447,1679381787452
1679381787496,1679381787514
1679381787497,1679381787578
1679381787423,1679381787606
1679381787533,1679381787608
1679381787682,1679381787710
1679381787763,1679381787783
1679381787766,1679381787847
1679381787696,1679381787939
1679381787792,1679381787950
1679381787947,1679381787975
1679381787968,1679381788004
1679381787865,1679381788016
1679381788003,1679381788036
1679381788205,1679381788225
1679381788280,1679381788292
1679381788216,1679381788315
1679381788245,1679381788326
1679381788298,1679381788355
1679381788316,1679381788402
1679381788370,1679381788461
1679381788452,1679381788491
1679381788473,1679381788504
1679381788428,1679381788513
1679381788515,1679381788588
1679381788556,1679381788592
1679381788580,1679381788596
1679381788573,1679381788747
1679381788634,1679381788754
1679381788504,1679381788799
1679381788831,1679381788850
1679381788854,1679381788921
1679381788895,1679381788957
1679381788932,1679381789003
1679381788931,1679381789019
1679381789088,1679381789102
1679381789107,1679381789149
1679381789102,1679381789180
1679381789064,1679381789206
1679381789198,1679381789217
1679381789275,1679381789305
1679381789430,1679381789486
1679381789577,1679381789653
1679381789950,1679381789966
1679381790040,1679381790154
1679381790243,1679381790326
1679381790443,1679381790450
1679381790568,1679381790646
1679381790637,1679381790652
1679381790656,1679381790669
1679381790686,1679381790743
1679381790718,1679381790745
1679381790712,1679381790822
1679381790787,1679381790894
1679381790856,1679381790899
1679381791375,1679381791395
1679381791410,1679381791430
1679381791515,1679381791529
1679381791715,1679381791724
1679381791687,1679381791737
1679381791696,1679381791747
1679381791891,1679381791904
1679381791975,1679381792015
1679381792003,1679381792099
1679381792155,1679381792179
1679381792410,1679381792443
1679381792471,1679381792479
1679381792443,1679381792501
1679381792508,1679381792525
1679381792647,1679381792672
1679381792783,1679381792828
1679381793017,1679381793087
1679381793332,1679381793410
1679381793496,1679381793519
1679381793560,1679381793617
1679381793659,1679381793716
1679381793615,1679381793718
1679381793736,1679381793759
1679381793711,1679381793778
1679381793726,1679381793781
1679381793951,1679381793974
1679381793965,1679381793975
1679381794005,1679381794031
1679381794114,1679381794145
1679381794479,1679381794487
1679381794526,1679381794581
1679381794627,1679381794726
1679381794815,1679381794822
1679381794998,1679381795020
1679381795050,1679381795077
1679381795142,1679381795157
1679381795226,1679381795253
1679381795237,1679381795367
1679381795495,1679381795499
1679381795575,1679381795586
1679381795608,1679381795710
1679381795791,1679381795798
1679381795814,1679381795857
1679381795830,1679381795904
1679381795987,1679381796024
1679381796056,1679381796082
1679381796121,1679381796148
1679381796356,1679381796363
1679381796390,1679381796403
1679381796788,1679381796797
1679381796735,1679381796826
1679381797000,1679381797028
1679381797030,1679381797036
1679381796960,1679381797063
1679381797072,1679381797078
1679381797084,1679381797119
1679381797114,1679381797186
1679381797256,1679381797263
1679381797408,1679381797429
1679381797423,1679381797484
1679381797560,1679381797611
1679381797583,1679381797613
1679381797820,1679381797857
1679381798023,1679381798061
1679381798211,1679381798217
1679381798224,1679381798289
1679381798228,1679381798299
1679381798417,1679381798432
1679381798472,1679381798490
1679381798488,1679381798526
1679381798535,1679381798556
1679381798628,1679381798751
1679381798837,1679381798916
1679381798960,1679381799006
1679381799012,1679381799098
1679381799458,1679381799481
1679381799558,1679381799608
1679381799592,1679381799654
1679381799629,1679381799671
1679381799676,1679381799754
1679381799797,1679381799804
1679381799882,1679381799948
1679381799970,1679381799991
1679381800086,1679381800091
1679381800029,1679381800201
1679381800344,1679381800381
1679381800265,1679381800410
1679381800524,1679381800537
1679381800847,1679381800905
1679381800856,1679381800942
1679381800838,1679381800959
1679381800884,1679381800980
1679381800841,1679381801008
1679381800876,1679381801036
1679381800905,1679381801065
1679381800857,1679381801071
1679381800842,1679381801162
1679381800890,1679381801171
1679381801217,1679381801242
1679381801021,1679381801251
1679381800868,1679381801271
1679381800905,1679381801324
1679381800894,1679381801341
1679381800888,1679381801384
1679381801189,1679381801417
1679381800854,1679381801423
1679381801385,1679381801440
1679381800866,1679381801489
1679381800859,1679381801558
1679381801113,1679381801591
1679381800864,1679381801612
1679381801305,1679381801646
1679381800850,1679381801653
1679381800925,1679381801658
1679381800888,1679381801678
1679381800997,1679381801730
1679381801537,1679381801772
1679381800903,1679381801787
1679381801534,1679381801825
1679381801850,1679381801893
1679381802146,1679381802159
1679381802161,1679381802195
1679381802201,1679381802210
1679381802299,1679381802322
1679381802640,1679381802656
1679381802625,1679381802668
1679381802673,1679381802678
1679381802697,1679381802717
1679381802697,1679381802746
1679381802761,1679381802766
1679381802762,1679381802790
1679381802866,1679381802874
1679381802905,1679381802912
1679381802906,1679381802973
1679381802873,1679381802985
1679381802945,1679381803065
1679381803090,1679381803113
1679381803140,1679381803163
1679381803173,1679381803180
1679381803194,1679381803201
1679381803310,1679381803367
1679381803281,1679381803377
1679381803377,1679381803388
1679381803325,1679381803402
1679381803542,1679381803624
1679381803617,1679381803672
1679381803812,1679381803846
1679381803714,1679381803853
1679381803981,1679381804074
1679381804043,1679381804098
1679381804178,1679381804191
1679381804122,1679381804212
1679381804272,1679381804284
1679381804367,1679381804373
1679381804471,1679381804499
1679381804485,1679381804520
1679381804799,1679381804841
1679381804857,1679381804872
1679381804866,1679381804879
1679381805003,1679381805013
1679381804959,1679381805036
1679381805119,1679381805124
1679381805176,1679381805224
1679381805216,1679381805257
1679381805189,1679381805278
1679381805185,1679381805305
1679381805251,1679381805311
1679381805194,1679381805312
1679381805190,1679381805320
1679381805316,1679381805329
1679381805337,1679381805381
1679381805381,1679381805397
1679381805321,1679381805416
1679381805356,1679381805422
1679381805304,1679381805434
1679381805407,1679381805490
1679381805568,1679381805609
1679381805702,1679381805716
1679381805703,1679381805737
1679381805724,1679381805810
1679381805749,1679381805845
1679381805830,1679381805872
1679381805700,1679381805884
1679381805710,1679381805935
1679381805859,1679381805944
1679381805791,1679381805994
1679381806002,1679381806016
1679381805937,1679381806020
1679381805992,1679381806039
1679381806003,1679381806115
1679381806103,1679381806185
1679381806371,1679381806377
1679381806450,1679381806472
1679381806396,1679381806497
1679381806489,1679381806530
1679381806554,1679381806571
1679381806620,1679381806626
1679381806631,1679381806678
1679381806549,1679381806721
1679381806734,1679381806794
1679381806669,1679381806814
1679381806806,1679381806824
1679381806801,1679381806824
1679381806890,1679381806907
1679381806941,1679381806955
1679381806983,1679381807037
1679381807017,1679381807040
1679381807041,1679381807044
1679381807067,1679381807104
1679381807238,1679381807249
1679381807233,1679381807293
1679381807311,1679381807317
1679381807356,1679381807405
1679381807401,1679381807446
1679381807614,1679381807650
1679381807663,1679381807676
1679381807730,1679381807786
1679381807716,1679381807788
1679381807748,1679381807816
1679381807784,1679381807844
1679381807792,1679381807863
1679381807708,1679381807871
1679381807881,1679381807893
1679381807888,1679381807908
1679381807892,1679381807950
1679381808013,1679381808027
1679381808089,1679381808103
1679381808097,1679381808132
1679381808180,1679381808240
1679381808178,1679381808245
1679381808252,1679381808258
1679381808211,1679381808260
1679381808483,1679381808515
1679381808524,1679381808532
1679381808398,1679381808551
1679381808670,1679381808733
1679381808822,1679381808826
1679381808812,1679381808875
1679381808964,1679381808994
1679381808972,1679381809001
1679381809047,1679381809069
1679381809037,1679381809124
1679381809152,1679381809158
1679381809099,1679381809227
1679381809188,1679381809262
1679381809343,1679381809362
1679381809296,1679381809367
1679381809348,1679381809460
1679381809383,1679381809483
1679381809434,1679381809500
1679381809412,1679381809502
1679381809457,1679381809521
1679381809504,1679381809552
1679381809585,1679381809602
1679381809585,1679381809618
1679381809590,1679381809634
1679381809687,1679381809857
1679381809820,1679381809873
1679381809816,1679381809888
1679381809901,1679381809919
1679381809834,1679381809932
1679381809967,1679381809993
1679381809992,1679381810080
1679381810096,1679381810111
1679381810003,1679381810148
1679381810034,1679381810193
1679381810187,1679381810219
1679381810261,1679381810318
1679381810281,1679381810416
1679381810395,1679381810598
1679381810537,1679381810608
1679381810511,1679381810685
1679381810293,1679381810696
1679381810494,1679381810754
1679381810331,1679381810754
1679381810628,1679381810761
1679381810943,1679381810949
1679381810996,1679381811006
1679381810965,1679381811016
1679381810987,1679381811017
1679381811022,1679381811044
1679381811033,1679381811072
1679381810945,1679381811093
1679381810978,1679381811096
1679381811031,1679381811107
1679381810960,1679381811152
1679381811042,1679381811181
1679381810995,1679381811222
1679381810931,1679381811290
1679381811269,1679381811315
1679381811284,1679381811317
1679381811014,1679381811353
1679381811020,1679381811361
1679381811016,1679381811381
1679381811008,1679381811422
1679381811123,1679381811436
1679381811244,1679381811454
1679381810995,1679381811460
1679381811006,1679381811481
1679381811021,1679381811498
1679381811454,1679381811507
1679381811534,1679381811574
1679381810976,1679381811600
1679381810955,1679381811744
1679381811575,1679381811765
1679381811038,1679381811774
1679381810986,1679381811822
1679381811604,1679381811834
1679381811811,1679381811838
1679381811578,1679381811892
1679381811910,1679381811921
1679381811453,1679381811924
1679381811460,1679381811958
1679381811868,1679381811982
1679381811691,1679381811985
1679381810969,1679381811989
1679381810980,1679381812054
1679381810971,1679381812082
1679381811708,1679381812102
1679381811014,1679381812153
1679381812134,1679381812194
1679381811184,1679381812222
1679381811428,1679381812244
1679381812090,1679381812244
1679381812214,1679381812287
1679381812287,1679381812304
1679381811969,1679381812403
1679381810954,1679381812432
1679381812356,1679381812462
1679381811035,1679381812503
1679381812082,1679381812509
1679381812422,1679381812514
1679381812211,1679381812555
1679381812090,1679381812609
1679381812579,1679381812652
1679381812307,1679381812685
1679381812670,1679381812692
1679381812701,1679381812713
1679381812318,1679381812718
1679381811270,1679381812761
1679381812578,1679381812784
1679381810977,1679381812814
1679381812849,1679381812887
1679381812736,1679381812897
1679381812345,1679381812946
1679381812821,1679381812958
1679381812767,1679381812974
1679381812865,1679381813005
1679381812959,1679381813018
1679381812898,1679381813057
1679381813246,1679381813251
1679381813202,1679381813269
1679381813310,1679381813357
1679381813031,1679381813398
1679381813427,1679381813499
1679381813484,1679381813520
1679381813489,1679381813582
1679381813461,1679381813598
1679381813593,1679381813626
1679381813674,1679381813687
1679381813641,1679381813729
1679381813756,1679381813776
1679381813828,1679381813834
1679381813873,1679381813888
1679381813884,1679381813941
1679381813927,1679381813957
1679381813950,1679381813958
1679381814050,1679381814065
1679381814046,1679381814075
1679381814150,1679381814160
1679381814272,1679381814280
1679381814273,1679381814301
1679381814261,1679381814330
1679381814296,1679381814432
1679381814341,1679381814449
1679381814266,1679381814453
1679381814305,1679381814587
1679381814545,1679381814591
1679381814642,1679381814682
1679381814764,1679381814786
1679381814751,1679381814809
1679381814856,1679381814872
1679381814782,1679381814892
1679381814899,1679381814935
1679381814941,1679381814974
1679381814984,1679381814989
1679381814803,1679381815004
1679381815028,1679381815044
1679381815011,1679381815077
1679381815167,1679381815179
1679381815094,1679381815221
1679381815240,1679381815245
1679381815342,1679381815354
1679381815175,1679381815385
1679381815307,1679381815467
1679381815341,1679381815493
1679381815455,1679381815583
1679381815542,1679381815602
1679381815670,1679381815711
1679381815717,1679381815737
1679381815679,1679381815801
1679381815841,1679381815865
1679381815836,1679381815895
1679381815738,1679381815932
1679381816054,1679381816076
1679381815992,1679381816081
1679381816176,1679381816180
1679381816151,1679381816181
1679381816194,1679381816197
1679381816206,1679381816258
1679381816292,1679381816318
1679381816339,1679381816441
1679381816399,1679381816458
1679381816398,1679381816470
1679381816523,1679381816527
1679381816574,1679381816638
1679381816620,1679381816644
1679381816561,1679381816666
1679381816662,1679381816684
1679381816639,1679381816686
1679381816751,1679381816768
1679381816789,1679381816806
1679381816814,1679381816835
1679381816762,1679381816839
1679381816967,1679381816992
1679381816877,1679381817049
1679381817039,1679381817052
1679381817119,1679381817148
1679381817237,1679381817241
1679381817148,1679381817249
1679381817080,1679381817257
1679381817166,1679381817291
1679381817310,1679381817360
1679381817113,1679381817362
1679381817383,1679381817390
1679381817421,1679381817423
1679381817564,1679381817575
1679381817507,1679381817630
1679381817506,1679381817648
1679381817487,1679381817659
1679381817511,1679381817666
1679381817605,1679381817682
1679381817657,1679381817710
1679381817637,1679381817721
1679381817655,1679381817747
1679381817403,1679381817771
1679381817532,1679381817852
1679381817854,1679381817862
1679381817857,1679381817873
1679381817886,1679381817890
1679381817932,1679381817971
1679381818011,1679381818157
1679381818186,1679381818217
1679381818194,1679381818237
1679381818236,1679381818309
1679381818326,1679381818331
1679381818370,1679381818389
1679381818378,1679381818429
1679381818419,1679381818440
1679381818475,1679381818485
1679381818473,1679381818488
1679381818488,1679381818497
1679381818495,1679381818503
1679381818599,1679381818633
1679381818687,1679381818700
1679381818588,1679381818727
1679381818537,1679381818755
1679381818563,1679381818767
1679381818601,1679381818811
1679381818691,1679381818821
1679381818762,1679381818829
1679381818758,1679381818854
1679381818851,1679381818875
1679381818860,1679381818880
1679381818920,1679381819010
1679381818965,1679381819025
1679381818995,1679381819036
1679381819038,1679381819082
1679381819083,1679381819161
1679381819150,1679381819165
1679381819162,1679381819178
1679381819148,1679381819199
1679381819231,1679381819237
1679381819292,1679381819379
1679381819241,1679381819402
1679381819267,1679381819428
1679381819380,1679381819461
1679381819357,1679381819531
1679381819275,1679381819556
1679381819432,1679381819559
1679381819351,1679381819613
1679381819599,1679381819616
1679381819493,1679381819629
1679381819494,1679381819634
1679381819504,1679381819689
1679381819518,1679381819691
1679381819528,1679381819712
1679381819576,1679381819722
1679381819695,1679381819724
1679381819285,1679381819755
1679381819775,1679381819794
1679381819796,1679381819812
1679381819780,1679381819817
1679381819804,1679381819819
1679381819082,1679381819847
1679381819955,1679381819985
1679381819920,1679381820081
1679381819888,1679381820098
1679381819947,1679381820125
1679381820095,1679381820131
1679381819847,1679381820147
1679381819947,1679381820175
1679381819839,1679381820204
1679381820037,1679381820241
1679381820247,1679381820270
1679381819980,1679381820330
1679381820298,1679381820393
1679381820119,1679381820419
1679381819944,1679381820437
1679381820272,1679381820465
1679381820040,1679381820479
1679381819909,1679381820484
1679381820174,1679381820523
1679381819969,1679381820548
1679381820440,1679381820561
1679381820511,1679381820599
1679381820582,1679381820608
1679381820584,1679381820637
1679381820636,1679381820649
1679381820580,1679381820654
1679381820025,1679381820694
1679381820499,1679381820821
1679381820724,1679381820891
1679381820537,1679381820897
1679381820664,1679381820948
1679381820888,1679381820957
1679381820937,1679381820958
1679381820942,1679381820986
1679381820932,1679381821045
1679381820937,1679381821091
1679381820734,1679381821114
1679381820756,1679381821131
1679381820924,1679381821145
1679381821044,1679381821176
1679381821140,1679381821179
1679381821041,1679381821229
1679381821119,1679381821283
1679381821142,1679381821298
1679381821128,1679381821302
1679381820917,1679381821303
1679381821383,1679381821412
1679381821379,1679381821429
1679381821308,1679381821433
1679381821470,1679381821531
1679381821516,1679381821559
1679381821443,1679381821574
1679381821323,1679381821604
1679381821631,1679381821657
1679381821500,1679381821677
1679381821668,1679381821696
1679381821715,1679381821719
1679381821696,1679381821738
1679381821733,1679381821774
1679381821783,1679381821817
1679381821804,1679381821831
1679381821775,1679381821864
1679381821828,1679381821896
1679381821785,1679381821909
1679381821952,1679381821989
1679381822014,1679381822076
1679381822144,1679381822203
1679381822016,1679381822254
1679381822136,1679381822275
1679381822235,1679381822311
1679381822145,1679381822322
1679381822393,1679381822423
1679381822430,1679381822504
1679381822608,1679381822634
1679381822743,1679381822776
1679381822793,1679381822795
1679381822775,1679381822797
1679381822711,1679381822803
1679381822814,1679381822848
1679381822843,1679381822885
1679381822767,1679381822888
1679381823012,1679381823017
1679381823028,1679381823034
1679381822992,1679381823049
1679381823020,1679381823050
1679381823085,1679381823100
1679381823068,1679381823103
1679381823142,1679381823149
1679381823174,1679381823193
1679381823250,1679381823260
1679381823249,1679381823312
1679381823301,1679381823360
1679381823363,1679381823366
1679381823448,1679381823531
1679381823588,1679381823611
1679381823467,1679381823614
1679381823606,1679381823651
1679381823642,1679381823658
1679381823676,1679381823689
1679381823694,1679381823702
1679381823816,1679381823820
1679381823810,1679381823968
1679381823973,1679381823977
1679381823946,1679381824017
1679381823959,1679381824027
1679381824082,1679381824100
1679381824170,1679381824202
1679381824235,1679381824310
1679381824302,1679381824321
1679381824197,1679381824340
1679381824347,1679381824382
1679381824342,1679381824407
1679381824424,1679381824435
1679381824438,1679381824448
1679381824275,1679381824466
1679381824475,1679381824490
1679381824473,1679381824510
1679381824545,1679381824550
1679381824659,1679381824689
1679381824644,1679381824747
1679381824579,1679381824762
1679381824751,1679381824763
1679381824799,1679381824816
1679381824632,1679381824834
1679381824834,1679381824857
1679381824751,1679381824864
1679381824894,1679381824910
1679381824854,1679381824915
1679381824937,1679381824941
1679381824961,1679381824965
1679381825003,1679381825034
1679381825021,1679381825049
1679381825162,1679381825200
1679381825147,1679381825222
1679381825170,1679381825228
1679381825215,1679381825253
1679381825249,1679381825258
1679381825220,1679381825267
1679381825379,1679381825404
1679381825450,1679381825502
1679381825254,1679381825506
1679381825485,1679381825510
1679381825540,1679381825557
1679381825571,1679381825583
1679381825557,1679381825585
1679381825588,1679381825617
1679381825664,1679381825693
1679381825662,1679381825706
1679381825688,1679381825766
1679381825721,1679381825779
1679381825713,1679381825804
1679381825868,1679381825893
1679381825844,1679381825927
1679381825923,1679381825957
1679381825975,1679381826013
1679381826001,1679381826023
1679381826017,1679381826103
1679381826074,1679381826125
1679381826190,1679381826226
1679381826299,1679381826315
1679381826349,1679381826387
1679381826487,1679381826494
1679381826450,1679381826505
1679381826491,1679381826531
1679381826682,1679381826696
1679381826722,1679381826738
1679381826770,1679381826809
1679381826798,1679381826905
1679381826998,1679381827010
1679381826963,1679381827017
1679381826994,1679381827017
1679381827011,1679381827105
1679381827109,1679381827206
1679381827091,1679381827246
1679381827192,1679381827276
1679381827153,1679381827277
1679381827225,1679381827277
1679381827357,1679381827389
1679381827421,1679381827450
1679381827469,1679381827515
1679381827567,1679381827634
1679381827665,1679381827689
1679381827655,1679381827772
1679381827581,1679381827805
1679381827578,1679381827840
1679381827802,1679381827840
1679381827815,1679381827869
1679381827868,1679381827889
1679381827686,1679381827897
1679381827774,1679381827906
1679381827680,1679381827932
1679381827763,1679381827951
1679381827910,1679381827999
1679381827824,1679381828003
1679381827925,1679381828026
1679381828058,1679381828067
1679381828019,1679381828154
1679381828210,1679381828231
1679381828158,1679381828299
1679381827844,1679381828303
1679381827839,1679381828319
1679381828245,1679381828332
1679381827977,1679381828350
1679381828269,1679381828367
1679381828257,1679381828399
1679381828256,1679381828418
1679381828427,1679381828453
1679381828320,1679381828470
1679381828461,1679381828486
1679381828476,1679381828503
1679381828517,1679381828521
1679381828538,1679381828566
1679381828562,1679381828569
1679381828565,1679381828572
1679381828607,1679381828621
1679381828661,1679381828664
1679381828683,1679381828723
1679381828711,1679381828737
1679381828706,1679381828740
1679381828586,1679381828806
1679381828741,1679381828831
1679381828733,1679381828914
1679381828912,1679381828917
1679381828889,1679381828956
1679381829054,1679381829066
1679381828986,1679381829068
1679381829075,1679381829098
1679381829008,1679381829120
1679381829133,1679381829144
1679381829129,1679381829152
1679381829154,1679381829232
1679381829201,1679381829237
1679381829198,1679381829237
1679381829174,1679381829267
1679381829314,1679381829367
1679381829325,1679381829389
1679381829298,1679381829407
1679381829381,1679381829410
1679381829428,1679381829441
1679381829493,1679381829510
1679381829538,1679381829555
1679381829548,1679381829573
1679381829589,1679381829594
1679381829584,1679381829642
1679381829592,1679381829643
1679381829750,1679381829779
1679381829814,1679381829860
1679381829714,1679381829875
1679381829949,1679381829978
1679381829811,1679381829985
1679381829779,1679381830013
1679381830001,1679381830045
1679381829980,1679381830067
1679381829976,1679381830087
1679381829892,1679381830097
1679381830077,1679381830147
1679381830040,1679381830247
1679381830142,1679381830267
1679381830115,1679381830290
1679381830056,1679381830299
1679381830225,1679381830336
1679381830375,1679381830396
1679381830435,1679381830442
1679381830428,1679381830447
1679381830500,1679381830527
1679381830536,1679381830572
1679381830577,1679381830595
1679381830638,1679381830648
1679381830653,1679381830697
1679381830655,1679381830745
1679381830684,1679381830747
1679381830742,1679381830767
1679381830846,1679381830861
1679381830838,1679381830877
1679381830872,1679381830886
1679381830944,1679381830961
1679381830967,1679381830982
1679381830996,1679381831011
1679381831003,1679381831033
1679381830995,1679381831047
1679381830997,1679381831151
1679381831175,1679381831195
1679381831476,1679381831482
1679381831463,1679381831566
1679381831410,1679381831579
1679381831474,1679381831614
1679381831540,1679381831631
1679381831621,1679381831644
1679381831387,1679381831666
1679381831667,1679381831676
1679381831588,1679381831689
1679381831675,1679381831703
1679381831672,1679381831741
1679381831874,1679381831905
1679381831860,1679381831944
1679381832029,1679381832033
1679381832313,1679381832353
1679381832360,1679381832362
1679381832360,1679381832365
1679381832438,1679381832481
1679381832476,1679381832545
1679381832506,1679381832554
1679381832627,1679381832653
1679381832617,1679381832695
1679381832660,1679381832713
1679381832687,1679381832720
1679381832758,1679381832784
1679381832882,1679381832904
1679381832944,1679381832958
1679381832972,1679381832990
1679381832980,1679381833027
1679381833015,1679381833065
1679381833112,1679381833138
1679381833088,1679381833179
1679381833167,1679381833213
1679381833151,1679381833257
1679381833289,1679381833357
1679381833324,1679381833379
1679381833348,1679381833390
1679381833439,1679381833457
1679381833452,1679381833484
1679381833459,1679381833541
1679381833628,1679381833632
1679381833776,1679381833795
1679381833808,1679381833837
1679381833871,1679381833891
1679381833885,1679381833922
1679381833809,1679381833990
1679381834016,1679381834038
1679381834172,1679381834193
1679381834155,1679381834195
1679381834240,1679381834249
1679381834179,1679381834253
1679381834328,1679381834365
1679381834233,1679381834366
1679381834421,1679381834432
1679381834439,1679381834450
1679381834496,1679381834507
1679381834542,1679381834560
1679381834629,1679381834638
1679381834640,1679381834668
1679381834652,1679381834685
1679381834663,1679381834696
1679381834625,1679381834746
1679381834782,1679381834855
1679381834857,1679381834867
1679381834844,1679381834872
1679381834936,1679381834960
1679381834930,1679381834969
1679381834997,1679381835002
1679381835093,1679381835157
1679381835128,1679381835221
1679381835269,1679381835297
1679381835289,1679381835300
1679381835409,1679381835421
1679381835518,1679381835522
1679381835656,1679381835661
1679381835691,1679381835711
1679381835572,1679381835758
1679381835793,1679381835907
1679381836030,1679381836084
1679381836097,1679381836107
1679381836076,1679381836115
1679381836109,1679381836164
1679381836199,1679381836228
1679381836238,1679381836257
1679381836220,1679381836277
1679381836176,1679381836309
1679381836289,1679381836335
1679381836281,1679381836365
1679381836521,1679381836572
1679381836415,1679381836592
1679381836490,1679381836616
1679381836645,1679381836654
1679381836432,1679381836660
1679381836528,1679381836674
1679381836709,1679381836726
1679381836764,1679381836770
1679381836653,1679381836796
1679381836786,1679381836801
1679381836890,1679381836896
1679381836805,1679381836905
1679381836841,1679381836993
1679381837002,1679381837017
1679381836901,1679381837025
1679381837181,1679381837212
1679381837248,1679381837257
1679381837223,1679381837274
1679381837353,1679381837400
1679381837381,1679381837416
1679381837633,1679381837638
1679381837620,1679381837668
1679381837685,1679381837711
1679381837706,1679381837736
1679381837773,1679381837787
1679381837813,1679381837822
1679381837886,1679381837895
1679381837960,1679381837968
1679381837989,1679381838004
1679381837952,1679381838017
1679381838005,1679381838059
1679381838020,1679381838067
1679381838053,1679381838133
1679381838227,1679381838232
1679381838225,1679381838234
1679381838357,1679381838409
1679381838368,1679381838412
1679381838407,1679381838448
1679381838097,1679381838458
1679381838433,1679381838497
1679381838472,1679381838526
1679381838513,1679381838559
1679381838508,1679381838601
1679381838680,1679381838705
1679381838655,1679381838727
1679381838533,1679381838757
1679381838754,1679381838808
1679381838849,1679381838858
1679381838852,1679381838923
1679381838909,1679381838932
1679381839028,1679381839102
1679381839113,1679381839116
1679381839137,1679381839171
1679381839221,1679381839249
1679381839240,1679381839289
1679381839278,1679381839321
1679381839288,1679381839409
1679381839456,1679381839486
1679381839473,1679381839525
1679381839308,1679381839623
1679381839603,1679381839681
1679381839720,1679381839731
1679381839660,1679381839748
1679381839705,1679381839833
1679381839621,1679381839851
1679381839733,1679381839880
1679381839848,1679381839949
1679381839863,1679381839975
1679381840041,1679381840047
1679381840060,1679381840084
1679381839976,1679381840107
1679381840104,1679381840122
1679381840125,1679381840192
1679381840253,1679381840272
1679381840284,1679381840303
1679381840332,1679381840340
1679381840321,1679381840340
1679381840335,1679381840340
1679381840341,1679381840453
1679381840432,1679381840502
1679381840529,1679381840544
1679381840628,1679381840695
1679381840736,1679381840745
1679381840756,1679381840789
1679381840725,1679381840871
1679381840741,1679381840883
1679381840782,1679381840893
1679381840880,1679381840964
1679381840892,1679381841002
1679381840793,1679381841003
1679381840908,1679381841049
1679381841107,1679381841113
1679381841077,1679381841174
1679381841160,1679381841198
1679381841248,1679381841343
1679381841296,1679381841365
1679381841405,1679381841409
1679381841429,1679381841473
1679381841464,1679381841484
1679381841537,1679381841674
1679381841816,1679381841842
1679381841961,1679381841969
1679381841992,1679381842028
1679381842051,1679381842058
1679381842115,1679381842122
1679381842188,1679381842207
1679381842288,1679381842317
1679381842265,1679381842360
1679381842432,1679381842465
1679381842542,1679381842627
1679381842576,1679381842637
1679381842725,1679381842753
1679381842696,1679381842757
1679381842803,1679381842813
1679381842882,1679381842897
1679381843048,1679381843053
1679381842921,1679381843065
1679381843054,1679381843071
1679381842931,1679381843101
1679381843035,1679381843135
1679381843169,1679381843284
1679381843233,1679381843293
1679381843313,1679381843324
1679381843372,1679381843391
1679381843384,1679381843465
1679381843476,1679381843499
1679381843638,1679381843656
1679381843641,1679381843666
1679381843673,1679381843679
1679381843780,1679381843790
1679381843704,1679381843864
1679381844032,1679381844046
1679381844116,1679381844168
1679381844157,1679381844233
1679381844189,1679381844295
1679381844104,1679381844319
1679381844143,1679381844330
1679381844320,1679381844331
1679381844360,1679381844363
1679381844385,1679381844442
1679381844529,1679381844664
1679381844670,1679381844686
1679381844909,1679381844917
1679381844989,1679381845026
1679381845081,1679381845097
1679381845133,1679381845143
1679381845184,1679381845241
1679381844920,1679381845260
1679381845258,1679381845278
1679381845320,1679381845343
1679381845424,1679381845430
1679381845365,1679381845450
1679381845433,1679381845466
1679381845317,1679381845510
1679381845502,1679381845601
1679381845567,1679381845642
1679381845581,1679381845660
1679381845684,1679381845698
1679381845605,1679381845812
1679381845885,1679381845922
1679381845885,1679381845949
1679381846084,1679381846099
1679381846107,1679381846142
1679381846177,1679381846199
1679381846337,1679381846388
1679381846389,1679381846430
1679381846341,1679381846481
1679381846569,1679381846589
1679381846733,1679381846750
1679381846684,1679381846760
1679381846728,1679381846793
1679381846864,1679381846870
1679381846860,1679381846886
1679381846877,1679381846922
1679381847013,1679381847032
1679381846973,1679381847065
1679381846997,1679381847081
1679381847124,1679381847175
1679381847168,1679381847181
1679381847305,1679381847329
1679381847419,1679381847434
1679381847269,1679381847508
1679381847516,1679381847564
1679381847597,1679381847642
1679381847552,1679381847710
1679381847713,1679381847750
1679381847773,1679381847871
1679381847854,1679381847878
1679381847880,1679381847899
1679381847986,1679381848182
1679381848328,1679381848352
1679381848105,1679381848407
1679381848404,1679381848423
1679381848352,1679381848501
1679381848509,1679381848515
1679381848388,1679381848550
1679381848545,1679381848602
1679381848600,1679381848615
1679381848322,1679381848642
1679381848624,1679381848716
1679381848652,1679381848769
1679381848749,1679381848782
1679381848813,1679381848842
1679381848813,1679381848859
1679381848800,1679381848886
1679381849104,1679381849112
1679381849225,1679381849245
1679381849104,1679381849323
1679381849301,1679381849328
1679381849357,1679381849497
1679381849590,1679381849605
1679381849569,1679381849628
1679381849646,1679381849660
1679381849565,1679381849691
1679381849781,1679381849805
1679381849934,1679381849942
1679381849893,1679381849944
1679381849988,1679381850023
1679381850056,1679381850061
1679381850044,1679381850090
1679381850028,1679381850103
1679381850126,1679381850184
1679381850288,1679381850301
1679381850258,1679381850330
1679381850375,1679381850385
1679381850308,1679381850453
1679381850480,1679381850550
1679381850537,1679381850553
1679381850625,1679381850664
1679381850939,1679381850961
1679381850922,1679381850978
1679381851077,1679381851130
1679381851097,1679381851148
1679381851065,1679381851155
1679381851141,1679381851157
1679381851295,1679381851304
1679381851352,1679381851369
1679381851361,1679381851425
1679381851445,1679381851465
1679381851263,1679381851504
1679381851513,1679381851522
1679381851527,1679381851532
1679381851521,1679381851537
1679381851529,1679381851539
1679381851536,1679381851557
1679381851584,1679381851596
1679381851590,1679381851597
1679381851594,1679381851610
1679381851597,1679381851611
1679381851626,1679381851685
1679381851544,1679381851690
1679381851576,1679381851728
1679381851548,1679381851740
1679381851568,1679381851827
1679381851603,1679381851839
1679381851618,1679381851851
1679381851572,1679381851895
1679381851563,1679381851946
1679381851655,1679381851966
1679381851626,1679381851972
1679381851594,1679381851980
1679381851642,1679381851983
1679381851568,1679381852024
1679381851574,1679381852226
1679381852158,1679381852242
1679381851761,1679381852277
1679381851562,1679381852292
1679381852010,1679381852325
1679381852186,1679381852335
1679381852121,1679381852366
1679381851645,1679381852385
1679381851640,1679381852398
1679381851544,1679381852420
1679381851532,1679381852449
1679381851633,1679381852463
1679381851616,1679381852478
1679381851773,1679381852483
1679381851949,1679381852489
1679381851605,1679381852626
1679381852382,1679381852643
1679381851539,1679381852689
1679381852614,1679381852694
1679381851555,1679381852762
1679381851569,1679381852794
1679381851562,1679381852803
1679381851641,1679381852831
1679381851550,1679381852869
1679381851538,1679381852900
1679381852497,1679381852930
1679381851630,1679381852971
1679381852867,1679381852989
1679381853025,1679381853061
1679381851588,1679381853095
1679381851636,1679381853186
1679381853106,1679381853196
1679381853009,1679381853201
1679381852892,1679381853216
1679381852778,1679381853345
1679381853304,1679381853373
1679381853437,1679381853452
1679381853405,1679381853470
1679381853425,1679381853508
1679381853536,1679381853556
1679381853457,1679381853557
1679381853588,1679381853637
1679381853601,1679381853687
1679381853540,1679381853716
1679381853577,1679381853727
1679381853704,1679381853738
1679381853729,1679381853778
1679381853857,1679381853867
1679381853780,1679381853906
1679381853898,1679381853924
1679381853942,1679381854024
1679381854024,1679381854058
1679381854065,1679381854109
1679381854076,1679381854159
1679381854016,1679381854171
1679381854109,1679381854252
1679381854017,1679381854253
1679381854159,1679381854265
1679381854285,1679381854293
1679381854316,1679381854370
1679381854325,1679381854407
1679381854301,1679381854449
1679381854321,1679381854454
1679381854377,1679381854460
1679381854426,1679381854473
1679381854530,1679381854551
1679381854281,1679381854553
1679381854589,1679381854659
1679381854709,1679381854720
1679381854536,1679381854725
1679381854673,1679381854809
1679381854826,1679381854870
1679381854899,1679381854906
1679381854886,1679381854910
1679381854851,1679381854912
1679381854925,1679381854928
1679381854885,1679381854974
1679381854938,1679381855015
1679381854930,1679381855032
1679381854971,1679381855039
1679381855085,1679381855093
1679381855094,1679381855103
1679381855093,1679381855156
1679381855122,1679381855166
1679381855154,1679381855191
1679381855197,1679381855231
1679381855219,1679381855250
1679381855270,1679381855306
1679381855450,1679381855464
1679381855489,1679381855506
1679381855454,1679381855535
1679381855595,1679381855600
1679381855674,1679381855685
1679381855779,1679381855788
1679381855811,1679381855873
1679381855887,1679381855897
1679381855926,1679381855989
1679381855982,1679381856010
1679381856019,1679381856026
1679381855975,1679381856118
1679381856171,1679381856290
1679381856191,1679381856351
1679381856296,1679381856383
1679381856175,1679381856463
1679381856191,1679381856529
1679381856290,1679381856542
1679381856458,1679381856583
1679381856220,1679381856613
1679381856496,1679381856672
1679381856612,1679381856707
1679381856223,1679381856719
1679381856755,1679381856777
1679381856351,1679381856790
1679381856517,1679381856805
1679381856574,1679381856805
1679381856200,1679381856830
1679381856794,1679381856840
1679381856110,1679381856877
1679381856859,1679381856898
1679381856843,1679381856900
1679381856862,1679381856982
1679381856909,1679381856983
1679381856979,1679381857052
1679381857017,1679381857100
1679381857107,1679381857120
1679381857139,1679381857182
1679381857178,1679381857216
1679381857215,1679381857242
1679381857275,1679381857309
1679381857295,1679381857315
1679381857359,1679381857413
1679381857450,1679381857457
1679381857438,1679381857506
1679381857533,1679381857573
1679381857479,1679381857576
1679381857590,1679381857699
1679381857594,1679381857777
1679381857725,1679381857789
1679381857674,1679381857824
1679381857590,1679381857833
1679381857559,1679381857853
1679381857614,1679381857877
1679381857950,1679381857990
1679381857923,1679381858004
1679381858027,1679381858099
1679381857883,1679381858101
1679381858011,1679381858117
1679381858090,1679381858162
1679381858123,1679381858170
1679381858211,1679381858216
1679381858258,1679381858305
1679381858138,1679381858321
1679381858326,1679381858363
1679381858566,1679381858575
1679381858489,1679381858604
1679381858671,1679381858676
1679381858646,1679381858677
1679381858782,1679381858787
1679381858754,1679381858795
1679381858799,1679381858802
1679381858675,1679381858812
1679381858741,1679381858845
1679381858875,1679381858891
1679381859055,1679381859171
1679381859226,1679381859246
1679381859282,1679381859296
1679381859308,1679381859324
1679381859286,1679381859325
1679381859303,1679381859356
1679381859344,1679381859377
1679381859368,1679381859401
1679381859423,1679381859443
1679381859432,1679381859454
1679381859425,1679381859503
1679381859486,1679381859558
1679381859487,1679381859590
1679381859394,1679381859597
1679381859516,1679381859617
1679381859640,1679381859839
1679381859879,1679381859983
1679381859728,1679381860008
1679381859865,1679381860048
1679381859863,1679381860051
1679381860028,1679381860116
1679381860134,1679381860204
1679381859934,1679381860214
1679381859730,1679381860221
1679381860036,1679381860239
1679381859823,1679381860279
1679381860270,1679381860315
1679381860028,1679381860322
1679381860046,1679381860324
1679381860302,1679381860329
1679381860246,1679381860331
1679381860286,1679381860347
1679381860231,1679381860362
1679381859898,1679381860423
1679381860068,1679381860423
1679381860406,1679381860475
1679381860485,1679381860508
1679381860439,1679381860527
1679381860460,1679381860584
1679381860527,1679381860591
1679381860612,1679381860621
1679381860623,1679381860632
1679381860504,1679381860656
1679381860666,1679381860678
1679381860466,1679381860711
1679381860679,1679381860715
1679381860771,1679381860777
1679381860732,1679381860785
1679381860834,1679381860886
1679381860912,1679381860935
1679381860924,1679381860943
1679381860868,1679381860980
1679381861004,1679381861029
1679381861078,1679381861086
1679381861106,1679381861145
1679381861159,1679381861169
1679381861177,1679381861210
1679381861224,1679381861257
1679381861285,1679381861401
1679381861392,1679381861404
1679381861440,1679381861562
1679381861344,1679381861587
1679381861696,1679381861723
1679381861820,1679381861830
1679381861965,1679381862001
1679381861978,1679381862011
1679381862106,1679381862121
1679381862443,1679381862458
1679381862459,1679381862645
1679381862584,1679381862680
1679381863388,1679381863416
1679381863422,1679381863458
1679381863579,1679381863649
1679381863626,1679381863656
1679381863641,1679381863705
1679381863737,1679381863937
1679381863915,1679381863938
1679381864111,1679381864130
1679381864255,1679381864267
1679381864349,1679381864368
1679381864387,1679381864421
1679381864331,1679381864515
1679381864483,1679381864529
1679381864518,1679381864565
1679381864667,1679381864694
1679381864858,1679381864888
1679381865034,1679381865039
1679381865012,1679381865097
1679381865263,1679381865273
1679381865407,1679381865419
1679381865483,1679381865501
1679381865533,1679381865562
1679381865642,1679381865675
1679381865839,1679381865850
1679381865824,1679381865864
1679381865877,1679381865891
1679381865893,1679381865925
1679381865974,1679381866061
1679381866007,1679381866095
1679381866166,1679381866226
1679381866420,1679381866450
1679381866349,1679381866626
1679381866683,1679381866689
1679381866703,1679381866727
1679381866811,1679381866815
1679381866822,1679381866862
1679381866833,1679381866910
1679381866980,1679381866997
1679381867074,1679381867107
1679381867274,1679381867328
1679381867522,1679381867575
1679381867495,1679381867602
1679381867494,1679381867603
1679381867646,1679381867761
1679381867785,1679381867880
1679381867954,1679381867967
1679381867996,1679381868070
1679381868084,1679381868103
1679381868139,1679381868156
1679381868133,1679381868212
1679381868256,1679381868275
1679381868328,1679381868339
1679381868440,1679381868464
1679381868556,1679381868563
1679381868603,1679381868669
1679381868731,1679381868737
1679381869039,1679381869078
1679381869056,1679381869084
1679381869221,1679381869258
1679381869268,1679381869285
1679381869416,1679381869420
1679381869495,1679381869566
1679381869558,1679381869595
1679381869576,1679381869656
1679381869626,1679381869664
1679381869812,1679381869819
1679381869748,1679381869855
1679381869726,1679381869870
1679381869968,1679381869973
1679381870133,1679381870153
1679381870152,1679381870157
1679381870412,1679381870500
1679381870552,1679381870622
1679381870600,1679381870631
1679381870799,1679381870825
1679381870828,1679381870914
1679381870901,1679381870940
1679381870935,1679381870944
1679381870935,1679381870945
1679381871053,1679381871062
1679381871184,1679381871196
1679381871220,1679381871271
1679381871356,1679381871372
1679381871460,1679381871607
1679381871714,1679381871721
1679381871785,1679381871844
1679381871931,1679381872031
1679381872077,1679381872082
1679381872071,1679381872083
1679381872079,1679381872092
1679381872090,1679381872105
1679381872086,1679381872109
1679381872120,1679381872134
1679381872125,1679381872154
1679381872127,1679381872191
1679381872108,1679381872192
1679381872101,1679381872213
1679381872207,1679381872215
1679381872137,1679381872227
1679381872207,1679381872260
1679381872144,1679381872282
1679381872225,1679381872317
1679381872211,1679381872318
1679381872220,1679381872321
1679381872175,1679381872323
1679381872120,1679381872333
1679381872249,1679381872333
1679381872082,1679381872397
1679381872161,1679381872404
1679381872090,1679381872421
1679381872313,1679381872450
1679381872189,1679381872469
1679381872110,1679381872499
1679381872149,1679381872524
1679381872212,1679381872565
1679381872176,1679381872585
1679381872159,1679381872613
1679381872155,1679381872647
1679381872042,1679381872650
1679381872097,1679381872689
1679381872202,1679381872704
1679381872127,1679381872709
1679381872105,1679381872710
1679381872201,1679381872743
1679381872270,1679381872747
1679381872154,1679381872854
1679381872182,1679381872885
1679381872168,1679381872894
1679381872204,1679381872904
1679381872189,1679381872933
1679381872874,1679381872938
1679381872159,1679381873001
1679381872664,1679381873029
1679381872108,1679381873068
1679381872229,1679381873089
1679381873081,1679381873108
1679381872150,1679381873149
1679381872163,1679381873174
1679381872106,1679381873176
1679381872112,1679381873176
1679381872515,1679381873206
1679381872202,1679381873284
1679381872609,1679381873293
1679381872136,1679381873327
1679381873229,1679381873360
1679381873257,1679381873364
1679381873241,1679381873426
1679381873513,1679381873526
1679381873585,1679381873605
1679381873633,1679381873645
1679381873689,1679381873721
1679381873617,1679381873785
1679381873697,1679381873807
1679381873861,1679381873917
1679381874135,1679381874144
1679381874137,1679381874163
1679381874306,1679381874310
1679381874293,1679381874331
1679381874261,1679381874346
1679381874333,1679381874354
1679381874363,1679381874374
1679381874550,1679381874566
1679381874561,1679381874612
1679381874617,1679381874650
1679381874738,1679381874757
1679381874741,1679381874762
1679381874773,1679381874820
1679381874835,1679381874855
1679381874701,1679381874888
1679381874926,1679381874932
1679381874841,1679381874961
1679381874966,1679381874978
1679381875041,1679381875149
1679381875127,1679381875160
1679381875220,1679381875238
1679381875253,1679381875262
1679381875289,1679381875295
1679381875363,1679381875418
1679381875423,1679381875452
1679381875443,1679381875474
1679381875500,1679381875506
1679381875473,1679381875552
1679381875647,1679381875685
1679381875669,1679381875718
1679381875761,1679381875782
1679381875794,1679381875802
1679381875806,1679381875845
1679381875800,1679381875896
1679381875787,1679381875924
1679381875805,1679381875950
1679381875924,1679381875955
1679381875850,1679381875989
1679381875958,1679381876008
1679381876033,1679381876042
1679381876113,1679381876145
1679381876071,1679381876162
1679381876108,1679381876220
1679381876249,1679381876286
1679381876066,1679381876373
1679381876388,1679381876413
1679381876387,1679381876437
1679381876406,1679381876485
1679381876478,1679381876499
1679381876350,1679381876524
1679381876448,1679381876533
1679381876586,1679381876624
1679381876577,1679381876649
1679381876613,1679381876661
1679381876637,1679381876672
1679381876757,1679381876894
1679381876911,1679381876942
1679381876981,1679381876996
1679381876985,1679381876997
1679381876986,1679381877008
1679381877063,1679381877124
1679381877156,1679381877216
1679381877283,1679381877293
1679381877142,1679381877365
1679381877437,1679381877443
1679381877457,1679381877475
1679381877407,1679381877496
1679381877509,1679381877512
1679381877465,1679381877524
1679381877509,1679381877553
1679381877627,1679381877650
1679381877635,1679381877655
1679381877755,1679381877767
1679381877796,1679381877818
1679381877796,1679381877822
1679381877898,1679381877903
1679381877916,1679381877925
1679381877915,1679381877944
1679381877926,1679381877956
1679381877906,1679381877976
1679381877935,1679381878023
1679381878079,1679381878116
1679381878161,1679381878205
1679381878255,1679381878262
1679381878288,1679381878328
1679381878455,1679381878514
1679381878516,1679381878542
1679381878439,1679381878546
1679381878490,1679381878579
1679381878563,1679381878598
1679381878390,1679381878648
1679381878743,1679381878747
1679381878729,1679381878749
1679381878758,1679381878788
1679381878802,1679381878826
1679381878820,1679381878834
1679381878826,1679381878899
1679381878890,1679381879016
1679381879021,1679381879030
1679381879132,1679381879138
1679381879091,1679381879148
1679381879132,1679381879204
1679381879166,1679381879285
1679381879162,1679381879298
1679381879221,1679381879386
1679381879397,1679381879408
1679381879426,1679381879443
1679381879543,1679381879560
1679381879546,1679381879572
1679381879575,1679381879588
1679381879578,1679381879611
1679381879594,1679381879644
1679381879705,1679381879743
1679381879741,1679381879790
1679381879566,1679381879791
1679381879723,1679381879821
1679381879747,1679381879866
1679381879891,1679381879920
1679381879808,1679381879924
1679381879657,1679381879926
1679381880030,1679381880051
1679381880060,1679381880079
1679381880082,1679381880142
1679381880133,1679381880144
1679381880067,1679381880155
1679381880191,1679381880197
1679381880254,1679381880263
1679381880254,1679381880293
1679381880300,1679381880305
1679381880281,1679381880316
1679381880330,1679381880356
1679381880372,1679381880414
1679381880480,1679381880487
1679381880524,1679381880590
1679381880542,1679381880596
1679381880627,1679381880769
1679381880525,1679381880774
1679381880774,1679381880782
1679381880721,1679381880784
1679381880879,1679381880895
1679381880845,1679381880908
1679381880836,1679381880923
1679381880803,1679381880929
1679381880780,1679381880976
1679381880999,1679381881042
1679381881024,1679381881045
1679381881029,1679381881068
1679381880824,1679381881096
1679381880932,1679381881167
1679381881126,1679381881185
1679381881255,1679381881266
1679381881288,1679381881355
1679381881397,1679381881417
1679381881474,1679381881490
1679381881499,1679381881594
1679381881637,1679381881655
1679381881715,1679381881742
1679381881686,1679381881750
1679381881729,1679381881768
1679381881731,1679381881782
1679381881627,1679381881798
1679381881875,1679381881880
1679381881909,1679381881913
1679381881932,1679381881988
1679381882144,1679381882154
1679381882052,1679381882157
1679381882033,1679381882194
1679381882279,1679381882347
1679381882381,1679381882433
1679381882428,1679381882509
1679381882709,1679381882725
1679381882719,1679381882725
1679381882588,1679381882733
1679381882774,1679381882777
1679381882803,1679381882820
1679381882843,1679381882869
1679381883011,1679381883028
1679381883363,1679381883374
1679381883327,1679381883468
1679381883727,1679381883768
1679381883725,1679381883882
1679381883895,1679381883905
1679381884003,1679381884012
1679381884031,1679381884063
1679381884084,1679381884092
1679381884110,1679381884141
1679381884180,1679381884209
1679381884209,1679381884274
1679381884268,1679381884279
1679381884275,1679381884293
1679381884360,1679381884403
1679381884335,1679381884508
1679381884625,1679381884711
1679381884693,1679381884742
1679381884831,1679381884934
1679381884787,1679381884947
1679381884937,1679381884967
1679381884976,1679381885000
1679381885035,1679381885052
1679381885143,1679381885157
1679381885160,1679381885218
1679381885367,1679381885412
1679381885497,1679381885553
1679381885549,1679381885628
1679381885319,1679381885645
1679381885583,1679381885674
1679381885618,1679381885679
1679381885677,1679381885686
1679381885755,1679381885793
1679381885751,1679381885842
1679381885791,1679381885862
1679381885887,1679381885931
1679381885895,1679381885952
1679381885954,1679381885968
1679381886199,1679381886240
1679381886223,1679381886245
1679381886270,1679381886302
1679381886451,1679381886553
1679381886628,1679381886633
1679381886614,1679381886636
1679381886679,1679381886706
1679381886840,1679381886944
1679381887025,1679381887063
1679381887118,1679381887151
1679381887155,1679381887198
1679381887243,1679381887268
1679381887126,1679381887286
1679381887347,1679381887471
1679381887021,1679381887490
1679381887481,1679381887507
1679381887450,1679381887524
1679381887490,1679381887539
1679381887567,1679381887637
1679381887676,1679381887684
1679381887691,1679381887701
1679381887818,1679381887880
1679381887891,1679381887900
1679381887954,1679381888106
1679381888126,1679381888142
1679381887969,1679381888249
1679381888202,1679381888281
1679381888282,1679381888288
1679381888435,1679381888451
1679381888447,1679381888484
1679381888647,1679381888683
1679381888695,1679381888705
1679381888671,1679381888730
1679381888735,1679381888793
1679381888782,1679381888800
1679381888878,1679381888887
1679381888951,1679381889009
1679381888996,1679381889049
1679381889143,1679381889191
1679381889311,1679381889345
1679381889363,1679381889393
1679381889330,1679381889417
1679381889403,1679381889427
1679381889547,1679381889597
1679381889598,1679381889607
1679381889743,1679381889755
1679381889726,1679381889822
1679381889772,1679381889834
1679381889819,1679381889867
1679381889875,1679381889882
1679381889726,1679381889909
1679381890024,1679381890039
1679381890041,1679381890151
1679381890192,1679381890235
1679381890039,1679381890239
1679381890123,1679381890249
1679381890437,1679381890452
1679381890428,1679381890476
1679381890531,1679381890560
1679381890548,1679381890563
1679381890579,1679381890617
1679381890879,1679381890921
1679381891004,1679381891011
1679381891032,1679381891050
1679381890732,1679381891081
1679381890964,1679381891135
1679381891140,1679381891176
1679381891216,1679381891238
1679381891255,1679381891322
1679381891266,1679381891336
1679381891523,1679381891532
1679381891407,1679381891596
1679381891614,1679381891618
1679381891653,1679381891665
1679381891685,1679381891691
1679381891768,1679381891799
1679381891740,1679381891803
1679381891788,1679381891879
1679381891914,1679381891960
1679381891960,1679381892081
1679381892101,1679381892158
1679381892076,1679381892217
1679381892158,1679381892220
1679381892304,1679381892321
1679381892515,1679381892536
1679381892552,1679381892606
1679381892616,1679381892655
1679381892667,1679381892677
1679381892652,1679381892699
1679381892699,1679381892704
1679381892702,1679381892735
1679381892776,1679381892782
1679381892736,1679381892842
1679381892738,1679381892856
1679381892668,1679381892896
1679381892683,1679381892897
1679381892647,1679381892957
1679381892658,1679381892995
1679381892662,1679381893005
1679381892678,1679381893057
1679381892661,1679381893083
1679381892737,1679381893142
1679381892837,1679381893192
1679381892644,1679381893195
1679381893169,1679381893200
1679381893018,1679381893262
1679381892674,1679381893293
1679381892625,1679381893298
1679381893265,1679381893386
1679381893192,1679381893438
1679381893353,1679381893481
1679381892725,1679381893522
1679381892705,1679381893546
1679381892646,1679381893566
1679381892671,1679381893568
1679381892725,1679381893590
1679381892695,1679381893600
1679381892707,1679381893672
1679381893482,1679381893682
1679381892634,1679381893684
1679381892637,1679381893712
1679381892813,1679381893713
1679381892641,1679381893729
1679381892700,1679381893732
1679381893065,1679381893733
1679381892984,1679381893832
1679381892684,1679381893860
1679381893797,1679381893867
1679381892932,1679381893876
1679381892719,1679381893910
1679381893209,1679381893952
1679381893199,1679381893953
1679381893570,1679381893995
1679381892632,1679381894005
1679381892714,1679381894031
1679381893617,1679381894053
1679381894045,1679381894069
1679381892692,1679381894080
1679381892723,1679381894105
1679381894052,1679381894125
1679381894124,1679381894208
1679381894332,1679381894345
1679381894325,1679381894349
1679381894385,1679381894415
1679381894133,1679381894457
1679381894280,1679381894483
1679381894265,1679381894502
1679381894572,1679381894649
1679381894573,1679381894651
1679381894717,1679381894721
1679381894801,1679381894878
1679381894897,1679381894903
1679381894908,1679381894987
1679381894945,1679381895034
1679381894872,1679381895053
1679381895021,1679381895146
1679381894977,1679381895162
1679381894916,1679381895195
1679381894945,1679381895238
1679381895081,1679381895260
1679381895276,1679381895340
1679381895233,1679381895361
1679381895336,1679381895371
1679381895373,1679381895379
1679381895361,1679381895414
1679381895380,1679381895420
1679381895405,1679381895488
1679381895451,1679381895520
1679381895452,1679381895552
1679381895513,1679381895568
1679381895602,1679381895640
1679381895622,1679381895655
1679381895588,1679381895667
1679381895586,1679381895667
1679381895665,1679381895753
1679381895817,1679381895846
1679381895775,1679381895892
1679381895871,1679381895962
1679381896086,1679381896123
1679381896101,1679381896132
1679381895998,1679381896135
1679381896090,1679381896164
1679381896193,1679381896215
1679381896189,1679381896222
1679381895994,1679381896245
1679381896313,1679381896407
1679381896417,1679381896420
1679381895966,1679381896489
1679381896420,1679381896519
1679381896533,1679381896544
1679381896527,1679381896582
1679381896709,1679381896725
1679381896709,1679381896761
1679381896743,1679381896859
1679381896895,1679381896916
1679381896858,1679381896919
1679381896927,1679381896939
1679381896905,1679381896987
1679381896844,1679381897049
1679381896967,1679381897054
1679381896945,1679381897072
1679381897086,1679381897117
1679381897063,1679381897117
1679381897121,1679381897210
1679381897147,1679381897241
1679381897302,1679381897335
1679381897283,1679381897346
1679381897265,1679381897378
1679381897434,1679381897447
1679381897459,1679381897470
1679381897381,1679381897481
1679381897516,1679381897591
1679381897496,1679381897596
1679381897510,1679381897609
1679381897547,1679381897614
1679381897469,1679381897622
1679381897618,1679381897626
1679381897731,1679381897748
1679381897912,1679381897946
1679381898023,1679381898129
1679381898040,1679381898131
1679381898007,1679381898154
1679381898161,1679381898228
1679381898202,1679381898229
1679381898038,1679381898239
1679381898232,1679381898305
1679381898299,1679381898331
1679381898447,1679381898468
1679381898473,1679381898504
1679381898743,1679381898783
1679381898552,1679381898806
1679381898727,1679381898807
1679381898673,1679381898811
1679381898824,1679381898832
1679381898815,1679381898833
1679381898734,1679381898891
1679381898826,1679381898920
1679381898934,1679381899050
1679381899008,1679381899059
1679381899016,1679381899089
1679381899053,1679381899095
1679381899125,1679381899144
1679381898939,1679381899166
1679381899259,1679381899263
1679381899206,1679381899269
1679381899139,1679381899282
1679381899162,1679381899332
1679381899350,1679381899363
1679381899391,1679381899399
1679381899429,1679381899434
1679381899527,1679381899583
1679381899431,1679381899602
1679381899511,1679381899614
1679381899619,1679381899643
1679381899654,1679381899678
1679381899675,1679381899695
1679381899658,1679381899701
1679381899692,1679381899718
1679381899734,1679381899755
1679381899691,1679381899762
1679381899761,1679381899789
1679381899744,1679381899829
1679381899873,1679381899886
1679381899990,1679381900002
1679381899989,1679381900014
1679381900003,1679381900043
1679381900024,1679381900074
1679381900096,1679381900119
1679381900107,1679381900127
1679381900129,1679381900133
1679381900134,1679381900167
1679381900315,1679381900364
1679381900366,1679381900449
1679381900332,1679381900469
1679381900464,1679381900482
1679381900355,1679381900523
1679381900583,1679381900633
1679381900715,1679381900736
1679381900813,1679381900891
1679381900848,1679381900899
1679381900983,1679381901044
1679381901020,1679381901090
1679381901120,1679381901123
1679381901107,1679381901169
1679381901132,1679381901186
1679381901156,1679381901218
1679381901286,1679381901289
1679381901316,1679381901327
1679381901238,1679381901370
1679381901481,1679381901586
1679381901505,1679381901631
1679381901595,1679381901633
1679381901581,1679381901659
1679381901659,1679381901667
1679381901680,1679381901716
1679381901666,1679381901720
1679381901728,1679381901747
1679381901786,1679381901807
1679381901881,1679381901944
1679381901957,1679381901990
1679381901905,1679381902005
1679381901988,1679381902009
1679381902081,1679381902086
1679381902097,1679381902102
1679381902084,1679381902115
1679381902161,1679381902170
1679381902320,1679381902359
1679381902317,1679381902364
1679381902368,1679381902374
1679381902355,1679381902436
1679381902382,1679381902496
1679381902483,1679381902516
1679381902532,1679381902536
1679381902297,1679381902539
1679381902417,1679381902566
1679381902548,1679381902582
1679381902585,1679381902612
1679381902564,1679381902653
1679381902590,1679381902714
1679381902620,1679381902715
1679381902596,1679381902731
1679381902703,1679381902755
1679381902652,1679381902779
1679381902708,1679381902864
1679381902788,1679381902873
1679381902852,1679381902902
1679381902801,1679381902930
1679381902781,1679381902940
1679381902792,1679381902969
1679381902964,1679381902992
1679381902795,1679381903048
1679381903028,1679381903100
1679381903060,1679381903111
1679381903108,1679381903121
1679381902935,1679381903169
1679381903201,1679381903209
1679381903196,1679381903227
1679381903230,1679381903252
1679381903108,1679381903256
1679381903290,1679381903314
1679381903198,1679381903322
1679381903322,1679381903469
1679381903410,1679381903515
1679381903426,1679381903542
1679381903405,1679381903787
1679381903787,1679381903863
1679381903788,1679381903881
1679381903865,1679381903886
1679381903983,1679381903995
1679381904091,1679381904123
1679381904167,1679381904220
1679381904196,1679381904223
1679381904178,1679381904233
1679381904213,1679381904242
1679381904275,1679381904308
1679381904305,1679381904331
1679381904296,1679381904339
1679381904387,1679381904397
1679381904376,1679381904401
1679381904422,1679381904446
1679381904500,1679381904552
1679381904629,1679381904690
1679381904708,1679381904720
1679381904762,1679381904781
1679381904772,1679381904835
1679381904874,1679381904900
1679381904836,1679381904907
1679381904944,1679381904973
1679381904942,1679381904995
1679381905033,1679381905036
1679381904891,1679381905058
1679381905067,1679381905107
1679381905092,1679381905138
1679381905170,1679381905207
1679381905195,1679381905260
1679381905318,1679381905325
1679381905293,1679381905414
1679381905363,1679381905548
1679381905392,1679381905595
1679381905579,1679381905603
1679381905452,1679381905627
1679381905402,1679381905636
1679381905329,1679381905710
1679381905671,1679381905741
1679381905703,1679381905772
1679381905757,1679381905817
1679381905811,1679381905885
1679381905916,1679381905946
1679381905910,1679381905974
1679381905966,1679381905977
1679381905961,1679381905977
1679381905882,1679381905998
1679381906013,1679381906025
1679381906187,1679381906213
1679381906212,1679381906234
1679381906221,1679381906241
1679381906196,1679381906285
1679381906244,1679381906292
1679381906214,1679381906305
1679381906304,1679381906414
1679381906305,1679381906458
1679381906338,1679381906467
1679381906192,1679381906474
1679381906475,1679381906490
1679381906497,1679381906514
1679381906632,1679381906729
1679381906650,1679381906730
1679381906715,1679381906745
1679381906775,1679381906803
1679381906775,1679381906813
1679381906818,1679381906833
1679381906796,1679381906867
1679381906866,1679381906886
1679381906835,1679381906892
1679381906949,1679381906967
1679381907001,1679381907020
1679381907113,1679381907117
1679381907158,1679381907166
1679381907113,1679381907226
1679381907143,1679381907257
1679381907284,1679381907317
1679381907224,1679381907346
1679381907159,1679381907351
1679381907410,1679381907415
1679381907533,1679381907549
1679381907564,1679381907586
1679381907556,1679381907619
1679381907683,1679381907717
1679381907709,1679381907773
1679381907671,1679381907782
1679381907582,1679381907804
1679381907757,1679381907818
1679381907698,1679381907823
1679381907800,1679381907866
1679381907977,1679381907999
1679381908026,1679381908048
1679381907986,1679381908053
1679381908076,1679381908123
1679381908110,1679381908134
1679381908219,1679381908226
1679381908230,1679381908253
1679381908257,1679381908289
1679381908110,1679381908291
1679381908315,1679381908322
1679381908333,1679381908352
1679381908375,1679381908389
1679381908258,1679381908433
1679381908354,1679381908445
1679381908379,1679381908449
1679381908554,1679381908569
1679381908515,1679381908573
1679381908561,1679381908601
1679381908579,1679381908625
1679381908654,1679381908661
1679381908682,1679381908692
1679381908603,1679381908712
1679381908723,1679381908738
1679381908863,1679381908885
1679381908866,1679381908927
1679381908922,1679381908930
1679381908929,1679381908959
1679381908859,1679381908970
1679381908987,1679381908992
1679381908978,1679381909033
1679381909024,1679381909046
1679381909081,1679381909090
1679381908973,1679381909108
1679381909180,1679381909188
1679381909177,1679381909217
1679381909269,1679381909322
1679381909301,1679381909331
1679381909327,1679381909427
1679381909390,1679381909476
1679381909520,1679381909549
1679381909403,1679381909584
1679381909545,1679381909590
1679381909575,1679381909613
1679381909680,1679381909722
1679381909632,1679381909745
1679381909801,1679381909807
1679381909843,1679381909858
1679381909865,1679381909891
1679381909913,1679381909929
1679381909924,1679381909973
1679381910000,1679381910013
1679381909966,1679381910040
1679381909930,1679381910057
1679381910109,1679381910132
1679381910042,1679381910159
1679381910103,1679381910211
1679381910153,1679381910234
1679381910222,1679381910240
1679381910185,1679381910246
1679381910256,1679381910278
1679381910156,1679381910282
1679381910237,1679381910285
1679381910288,1679381910294
1679381910311,1679381910344
1679381910375,1679381910396
1679381910390,1679381910396
1679381910461,1679381910603
1679381910587,1679381910662
1679381910649,1679381910666
1679381910720,1679381910788
1679381910759,1679381910847
1679381910933,1679381911027
1679381910968,1679381911067
1679381911105,1679381911113
1679381911153,1679381911172
1679381910963,1679381911201
1679381911141,1679381911230
1679381911262,1679381911284
1679381911255,1679381911325
1679381911338,1679381911433
1679381911416,1679381911450
1679381911515,1679381911531
1679381911506,1679381911533
1679381911494,1679381911585
1679381911559,1679381911621
1679381911688,1679381911706
1679381911597,1679381911710
1679381911797,1679381911803
1679381911766,1679381911807
1679381911736,1679381911822
1679381911741,1679381911839
1679381911765,1679381911861
1679381911835,1679381911922
1679381911834,1679381911937
1679381911908,1679381911971
1679381912026,1679381912038
1679381912097,1679381912117
1679381912034,1679381912129
1679381912162,1679381912214
1679381912121,1679381912248
1679381912160,1679381912258
1679381912224,1679381912288
1679381912218,1679381912293
1679381912161,1679381912332
1679381912266,1679381912336
1679381912291,1679381912358
1679381912194,1679381912399
1679381912385,1679381912438
1679381912172,1679381912445
1679381912427,1679381912483
1679381912156,1679381912491
1679381912508,1679381912511
1679381912487,1679381912514
1679381912519,1679381912544
1679381912576,1679381912592
1679381912527,1679381912656
1679381912731,1679381912757
1679381912726,1679381912765
1679381912766,1679381912779
1679381912774,1679381912790
1679381912746,1679381912803
1679381912795,1679381912833
1679381912796,1679381912837
1679381912795,1679381912857
1679381912888,1679381912914
1679381912986,1679381913000
1679381913038,1679381913047
1679381913122,1679381913126
1679381913232,1679381913259
1679381913284,1679381913288
1679381913273,1679381913321
1679381913379,1679381913387
1679381913347,1679381913429
1679381913515,1679381913578
1679381913581,1679381913625
1679381913710,1679381913743
1679381913682,1679381913750
1679381913848,1679381913925
1679381913862,1679381913946
1679381913791,1679381913965
1679381913949,1679381913973
1679381914135,1679381914146
1679381914153,1679381914201
1679381914216,1679381914228
1679381914279,1679381914310
1679381914328,1679381914389
1679381914396,1679381914429
1679381914395,1679381914496
1679381914438,1679381914498
1679381914419,1679381914541
1679381914543,1679381914569
1679381914625,1679381914636
1679381914832,1679381914841
1679381914802,1679381914844
1679381914877,1679381914919
1679381915027,1679381915032
1679381915100,1679381915200
1679381915292,1679381915358
1679381915323,1679381915389
1679381915319,1679381915482
1679381915473,1679381915491
1679381915556,1679381915631
1679381915631,1679381915666
1679381915632,1679381915673
1679381915652,1679381915742
1679381915747,1679381915780
1679381915781,1679381915901
1679381915875,1679381915946
1679381915940,1679381915975
1679381915992,1679381916065
1679381916128,1679381916132
1679381916115,1679381916142
1679381916127,1679381916198
1679381916161,1679381916218
1679381916224,1679381916229
1679381916260,1679381916269
1679381916279,1679381916301
1679381916430,1679381916437
1679381916433,1679381916461
1679381916440,1679381916545
1679381916697,1679381916704
1679381916652,1679381916722
1679381916708,1679381916756
1679381916781,1679381916814
1679381916842,1679381916859
1679381916864,1679381916909
1679381916881,1679381916955
1679381916888,1679381916955
1679381916877,1679381916963
1679381916952,1679381917027
1679381916963,1679381917037
1679381917025,1679381917051
1679381917107,1679381917149
1679381917080,1679381917150
1679381917156,1679381917210
1679381917301,1679381917321
1679381917331,1679381917420
1679381917422,1679381917475
1679381917389,1679381917477
1679381917535,1679381917591
1679381917552,1679381917605
1679381917594,1679381917652
1679381917671,1679381917681
1679381917602,1679381917779
1679381917735,1679381917788
1679381917743,1679381917791
1679381917928,1679381917950
1679381917846,1679381917975
1679381918067,1679381918102
1679381918064,1679381918120
1679381918157,1679381918172
1679381918408,1679381918443
1679381918455,1679381918488
1679381918456,1679381918537
1679381918508,1679381918561
1679381918558,1679381918629
1679381918665,1679381918669
1679381918673,1679381918693
1679381918665,1679381918708
1679381918654,1679381918709
1679381918892,1679381918899
1679381918865,1679381918910
1679381918961,1679381919116
1679381919114,1679381919199
1679381919154,1679381919245
1679381919162,1679381919275
1679381919285,1679381919305
1679381919363,1679381919403
1679381919320,1679381919405
1679381919336,1679381919406
1679381919404,1679381919429
1679381919456,1679381919463
1679381919438,1679381919485
1679381919656,1679381919684
1679381919712,1679381919758
1679381919754,1679381919775
1679381919725,1679381919791
1679381919731,1679381919794
1679381919837,1679381919854
1679381919890,1679381919917
1679381919937,1679381919952
1679381919965,1679381920001
1679381920047,1679381920079
1679381920125,1679381920132
1679381920092,1679381920143
1679381920062,1679381920175
1679381920136,1679381920175
1679381920127,1679381920180
1679381920288,1679381920300
1679381920280,1679381920330
1679381920297,1679381920343
1679381920341,1679381920372
1679381920408,1679381920425
1679381920474,1679381920499
1679381920576,1679381920590
1679381920701,1679381920709
1679381920737,1679381920788
1679381920873,1679381920888
1679381920881,1679381920900
1679381920893,1679381920922
1679381920985,1679381921005
1679381921098,1679381921114
1679381921146,1679381921156
1679381921086,1679381921171
1679381921193,1679381921210
1679381921217,1679381921253
1679381921182,1679381921279
1679381921292,1679381921346
1679381921373,1679381921387
1679381921297,1679381921409
1679381921292,1679381921452
1679381921445,1679381921464
1679381921446,1679381921473
1679381921245,1679381921534
1679381921476,1679381921561
1679381921565,1679381921597
1679381921665,1679381921732
1679381921759,1679381921768
1679381921729,1679381921811
1679381921761,1679381921823
1679381921832,1679381921855
1679381921840,1679381921865
1679381921860,1679381921917
1679381921900,1679381921925
1679381921763,1679381921936
1679381921902,1679381921994
1679381921929,1679381922044
1679381922043,1679381922065
1679381921860,1679381922101
1679381922104,1679381922119
1679381922055,1679381922125
1679381921941,1679381922136
1679381921968,1679381922152
1679381922123,1679381922169
1679381921985,1679381922217
1679381922269,1679381922275
1679381922253,1679381922277
1679381922155,1679381922277
1679381922354,1679381922386
1679381922346,1679381922416
1679381922364,1679381922445
1679381922507,1679381922605
1679381922574,1679381922634
1679381922628,1679381922641
1679381922622,1679381922721
1679381922654,1679381922819
1679381922684,1679381922872
1679381922996,1679381923045
1679381923049,1679381923079
1679381923104,1679381923155
1679381923149,1679381923342
1679381923415,1679381923446
1679381923465,1679381923576
1679381924091,1679381924146
1679381924142,1679381924183
1679381924164,1679381924185
1679381924354,1679381924366
1679381924470,1679381924475
1679381924428,1679381924572
1679381924605,1679381924660
1679381924653,1679381924663
1679381924788,1679381924797
1679381924812,1679381924853
1679381924788,1679381924921
1679381924880,1679381925000
1679381925209,1679381925218
1679381925461,1679381925488
1679381925563,1679381925654
1679381925645,1679381925684
1679381925697,1679381925708
1679381925817,1679381925834
1679381925960,1679381926002
1679381925987,1679381926021
1679381925971,1679381926057
1679381925988,1679381926058
1679381926045,1679381926104
1679381926116,1679381926137
1679381926040,1679381926211
1679381926448,1679381926489
1679381926665,1679381926892
1679381926885,1679381926939
1679381926796,1679381926949
1679381926918,1679381927195
1679381927149,1679381927241
1679381927153,1679381927243
1679381927309,1679381927351
1679381927410,1679381927436
1679381927372,1679381927506
1679381927557,1679381927648
1679381927638,1679381927658
1679381927785,1679381927930
1679381928005,1679381928037
1679381928108,1679381928140
1679381927948,1679381928150
1679381928032,1679381928260
1679381928445,1679381928464
1679381928472,1679381928496
1679381928762,1679381928774
1679381928773,1679381928786
1679381928869,1679381928922
1679381928972,1679381929000
1679381928962,1679381929101
1679381929076,1679381929130
1679381929152,1679381929221
1679381929188,1679381929234
1679381929198,1679381929299
1679381929313,1679381929443
1679381929525,1679381929573
1679381929884,1679381929890
1679381929909,1679381929917
1679381929948,1679381929969
1679381929873,1679381929969
1679381930049,1679381930114
1679381930196,1679381930221
1679381930321,1679381930360
1679381930297,1679381930385
1679381930420,1679381930427
1679381930717,1679381930726
1679381930629,1679381930738
1679381930704,1679381930758
1679381930942,1679381930953
1679381931126,1679381931186
1679381931169,1679381931281
1679381931392,1679381931418
1679381931505,1679381931649
1679381931613,1679381931696
1679381931613,1679381931707
1679381931733,1679381931821
1679381931601,1679381931941
1679381931714,1679381931948
1679381931965,1679381932054
1679381932068,1679381932073
1679381932194,1679381932209
1679381932270,1679381932286
1679381932401,1679381932411
1679381932437,1679381932563
1679381932552,1679381932593
1679381932641,1679381932722
1679381932781,1679381932785
1679381932800,1679381932820
1679381932852,1679381932858
1679381932892,1679381933014
1679381933029,1679381933058
1679381933049,1679381933082
1679381933263,1679381933270
1679381933284,1679381933322
1679381933295,1679381933352
1679381933277,1679381933399
1679381933365,1679381933423
1679381933363,1679381933438
1679381933339,1679381933458
1679381933304,1679381933460
1679381933266,1679381933494
1679381933355,1679381933534
1679381933309,1679381933549
1679381933270,1679381933550
1679381933318,1679381933559
1679381933249,1679381933587
1679381933301,1679381933628
1679381933342,1679381933751
1679381933464,1679381933760
1679381933449,1679381933770
1679381933325,1679381933867
1679381933348,1679381933879
1679381933301,1679381933923
1679381933320,1679381933933
1679381933289,1679381933966
1679381933889,1679381933991
1679381933333,1679381934007
1679381933362,1679381934011
1679381933282,1679381934012
1679381933316,1679381934072
1679381933335,1679381934111
1679381933984,1679381934133
1679381933254,1679381934186
1679381934128,1679381934194
1679381933291,1679381934213
1679381933977,1679381934216
1679381933334,1679381934239
1679381933272,1679381934286
1679381934296,1679381934305
1679381933685,1679381934323
1679381933301,1679381934334
1679381933376,1679381934343
1679381934219,1679381934396
1679381934323,1679381934406
1679381933366,1679381934437
1679381933324,1679381934532
1679381933263,1679381934552
1679381934496,1679381934555
1679381933349,1679381934578
1679381934601,1679381934611
1679381934680,1679381934689
1679381934813,1679381934892
1679381934914,1679381934924
1679381934910,1679381935013
1679381935052,1679381935070
1679381935069,1679381935072
1679381935072,1679381935100
1679381935085,1679381935114
1679381935144,1679381935203
1679381935241,1679381935273
1679381935220,1679381935275
1679381935311,1679381935331
1679381935301,1679381935389
1679381935348,1679381935395
1679381935392,1679381935404
1679381935413,1679381935436
1679381935417,1679381935448
1679381935436,1679381935494
1679381935393,1679381935511
1679381935488,1679381935531
1679381935594,1679381935600
1679381935632,1679381935636
1679381935661,1679381935670
1679381935604,1679381935681
1679381935636,1679381935713
1679381935705,1679381935715
1679381935845,1679381935884
1679381935896,1679381935915
1679381935920,1679381935941
1679381936120,1679381936129
1679381936109,1679381936168
1679381936149,1679381936201
1679381936183,1679381936219
1679381936121,1679381936227
1679381936213,1679381936239
1679381936304,1679381936365
1679381936414,1679381936450
1679381936479,1679381936489
1679381936428,1679381936498
1679381936463,1679381936499
1679381936481,1679381936525
1679381936506,1679381936537
1679381936542,1679381936576
1679381936441,1679381936590
1679381936524,1679381936600
1679381936620,1679381936642
1679381936601,1679381936682
1679381936656,1679381936683
1679381936656,1679381936690
1679381936713,1679381936736
1679381936720,1679381936788
1679381936730,1679381936816
1679381936837,1679381936842
1679381936697,1679381936944
1679381936742,1679381936947
1679381936929,1679381936993
1679381937040,1679381937044
1679381937053,1679381937056
1679381937070,1679381937076
1679381937155,1679381937160
1679381937168,1679381937211
1679381937218,1679381937222
1679381937283,1679381937301
1679381937215,1679381937341
1679381937271,1679381937345
1679381937290,1679381937370
1679381937301,1679381937403
1679381937410,1679381937417
1679381937467,1679381937472
1679381937538,1679381937553
1679381937562,1679381937581
1679381937587,1679381937641
1679381937663,1679381937700
1679381937742,1679381937747
1679381937740,1679381937753
1679381937690,1679381937753
1679381937583,1679381937788
1679381937757,1679381937788
1679381937799,1679381937861
1679381937807,1679381937886
1679381937885,1679381937904
1679381937745,1679381937987
1679381937986,1679381937995
1679381937990,1679381938036
1679381937931,1679381938050
1679381937678,1679381938134
1679381938123,1679381938139
1679381938155,1679381938208
1679381938198,1679381938266
1679381938239,1679381938294
1679381938258,1679381938299
1679381938245,1679381938324
1679381938346,1679381938373
1679381938359,1679381938418
1679381938395,1679381938444
1679381938479,1679381938509
1679381938558,1679381938577
1679381938559,1679381938603
1679381938615,1679381938629
1679381938455,1679381938632
1679381938647,1679381938738
1679381938551,1679381938819
1679381938749,1679381938826
1679381938914,1679381938938
1679381938819,1679381938959
1679381939019,1679381939024
1679381938991,1679381939046
1679381939035,1679381939110
1679381939005,1679381939118
1679381939083,1679381939162
1679381939151,1679381939168
1679381939122,1679381939172
1679381939266,1679381939284
1679381939284,1679381939287
1679381939269,1679381939288
1679381939247,1679381939306
1679381939287,1679381939312
1679381939307,1679381939329
1679381939313,1679381939352
1679381939233,1679381939366
1679381939325,1679381939378
1679381939316,1679381939391
1679381939285,1679381939433
1679381939418,1679381939433
1679381939367,1679381939456
1679381939454,1679381939460
1679381939290,1679381939556
1679381939402,1679381939567
1679381939587,1679381939608
1679381939602,1679381939626
1679381939514,1679381939645
1679381939614,1679381939661
1679381939486,1679381939694
1679381939689,1679381939707
1679381939663,1679381939714
1679381939705,1679381939714
1679381939689,1679381939826
1679381939757,1679381939844
1679381939742,1679381939856
1679381939865,1679381939900
1679381939881,1679381939910
1679381939956,1679381939980
1679381939999,1679381940008
1679381940082,1679381940179
1679381940167,1679381940191
1679381940179,1679381940224
1679381940179,1679381940225
1679381940173,1679381940225
1679381940084,1679381940226
1679381940234,1679381940255
1679381940329,1679381940334
1679381940236,1679381940384
1679381940430,1679381940451
1679381940444,1679381940483
1679381940467,1679381940514
1679381940496,1679381940541
1679381940560,1679381940572
1679381940532,1679381940575
1679381940504,1679381940579
1679381940590,1679381940596
1679381940635,1679381940660
1679381940676,1679381940701
1679381940701,1679381940715
1679381940806,1679381940821
1679381940754,1679381940838
1679381940851,1679381940873
1679381940924,1679381940952
1679381940943,1679381940975
1679381940945,1679381940990
1679381940917,1679381940994
1679381940932,1679381941031
1679381941031,1679381941128
1679381941077,1679381941135
1679381941136,1679381941218
1679381941196,1679381941227
1679381941331,1679381941348
1679381941332,1679381941366
1679381941272,1679381941378
1679381941404,1679381941444
1679381941470,1679381941478
1679381941441,1679381941486
1679381941344,1679381941491
1679381941461,1679381941518
1679381941515,1679381941616
1679381941637,1679381941640
1679381941729,1679381941741
1679381941683,1679381941771
1679381941830,1679381941846
1679381941811,1679381941855
1679381941823,1679381941918
1679381941904,1679381941918
1679381941906,1679381941946
1679381941945,1679381942003
1679381941953,1679381942028
1679381941988,1679381942036
1679381942016,1679381942098
1679381942124,1679381942129
1679381941998,1679381942147
1679381942127,1679381942157
1679381942033,1679381942212
1679381942143,1679381942215
1679381942228,1679381942246
1679381942216,1679381942272
1679381942275,1679381942327
1679381942343,1679381942348
1679381942359,1679381942380
1679381942331,1679381942385
1679381942396,1679381942448
1679381942491,1679381942495
1679381942523,1679381942529
1679381942527,1679381942564
1679381942602,1679381942611
1679381942634,1679381942669
1679381942676,1679381942700
1679381942649,1679381942727
1679381942758,1679381942772
1679381942810,1679381942827
1679381942818,1679381942831
1679381942860,1679381942862
1679381942851,1679381942938
1679381942842,1679381942975
1679381942896,1679381942975
1679381942970,1679381942977
1679381942949,1679381943029
1679381942994,1679381943100
1679381943312,1679381943321
1679381943300,1679381943367
1679381943335,1679381943395
1679381943347,1679381943396
1679381943399,1679381943420
1679381943671,1679381943702
1679381943775,1679381943810
1679381943806,1679381943811
1679381943632,1679381943831
1679381943818,1679381943837
1679381943727,1679381943885
1679381944022,1679381944037
1679381944094,1679381944164
1679381944187,1679381944194
1679381944211,1679381944248
1679381944366,1679381944372
1679381944363,1679381944400
1679381944401,1679381944414
1679381944337,1679381944414
1679381944411,1679381944422
1679381944467,1679381944485
1679381944567,1679381944575
1679381944530,1679381944576
1679381944574,1679381944595
1679381944693,1679381944753
1679381944763,1679381944785
1679381944799,1679381944825
1679381944842,1679381944883
1679381944883,1679381944892
1679381944886,1679381944906
1679381944883,1679381944956
1679381944938,1679381944965
1679381944967,1679381945012
1679381944927,1679381945025
1679381944963,1679381945029
1679381945023,1679381945030
1679381945046,1679381945081
1679381945107,1679381945113
1679381945283,1679381945297
1679381945334,1679381945347
1679381945314,1679381945348
1679381945438,1679381945477
1679381945466,1679381945489
1679381945698,1679381945752
1679381945762,1679381945782
1679381945705,1679381945788
1679381945726,1679381945801
1679381945794,1679381945817
1679381945855,1679381945865
1679381945967,1679381945975
1679381945970,1679381945975
1679381945974,1679381945988
1679381945986,1679381945992
1679381945975,1679381946015
1679381946078,1679381946117
1679381946145,1679381946156
1679381946163,1679381946199
1679381946170,1679381946221
1679381946230,1679381946238
1679381946185,1679381946259
1679381946223,1679381946298
1679381946290,1679381946321
1679381946237,1679381946333
1679381946333,1679381946340
1679381946292,1679381946358
1679381946471,1679381946493
1679381946498,1679381946518
1679381946559,1679381946566
1679381946561,1679381946609
1679381946593,1679381946629
1679381946586,1679381946646
1679381946583,1679381946691
1679381946706,1679381946745
1679381946763,1679381946778
1679381946767,1679381946783
1679381946743,1679381946807
1679381947043,1679381947087
1679381947031,1679381947112
1679381947099,1679381947136
1679381946951,1679381947172
1679381947299,1679381947304
1679381947251,1679381947322
1679381947332,1679381947349
1679381947359,1679381947406
1679381947375,1679381947412
1679381947457,1679381947492
1679381947448,1679381947549
1679381947627,1679381947650
1679381947628,1679381947654
1679381947659,1679381947691
1679381947635,1679381947721
1679381947748,1679381947751
1679381947662,1679381947800
1679381947767,1679381947803
1679381947864,1679381947878
1679381947875,1679381947883
1679381947900,1679381947921
1679381947914,1679381947947
1679381948158,1679381948174
1679381948121,1679381948198
1679381948187,1679381948209
1679381948179,1679381948232
1679381948199,1679381948255
1679381948167,1679381948281
1679381948255,1679381948287
1679381948327,1679381948335
1679381948344,1679381948412
1679381948406,1679381948432
1679381948480,1679381948510
1679381948539,1679381948551
1679381948612,1679381948639
1679381948636,1679381948698
1679381948555,1679381948699
1679381948551,1679381948700
1679381948752,1679381948760
1679381948700,1679381948771
1679381948648,1679381948804
1679381948940,1679381948957
1679381949026,1679381949053
1679381948997,1679381949071
1679381949066,1679381949087
1679381949091,1679381949097
1679381949100,1679381949134
1679381949148,1679381949162
1679381949169,1679381949197
1679381949191,1679381949205
1679381949265,1679381949307
1679381949336,1679381949344
1679381949348,1679381949413
1679381949440,1679381949453
1679381949432,1679381949457
1679381949435,1679381949488
1679381949576,1679381949591
1679381949731,1679381949735
1679381949728,1679381949737
1679381949800,1679381949860
1679381949879,1679381949926
1679381949876,1679381949935
1679381949944,1679381950068
1679381950073,1679381950110
1679381950136,1679381950174
1679381950153,1679381950210
1679381950164,1679381950213
1679381950149,1679381950254
1679381950228,1679381950266
1679381950203,1679381950312
1679381950296,1679381950315
1679381950412,1679381950427
1679381950368,1679381950433
1679381950377,1679381950464
1679381950503,1679381950518
1679381950471,1679381950540
1679381950511,1679381950580
1679381950620,1679381950625
1679381950584,1679381950671
1679381950633,1679381950690
1679381950643,1679381950695
1679381950680,1679381950721
1679381950645,1679381950727
1679381950616,1679381950747
1679381950757,1679381950767
1679381950789,1679381950802
1679381950877,1679381950896
1679381951029,1679381951034
1679381950908,1679381951048
1679381951160,1679381951165
1679381951216,1679381951230
1679381951232,1679381951244
1679381951173,1679381951251
1679381951389,1679381951421
1679381951477,1679381951558
1679381951553,1679381951559
1679381951433,1679381951562
1679381951568,1679381951630
1679381951677,1679381951723
1679381951745,1679381951765
1679381951889,1679381951904
1679381951885,1679381951990
1679381952013,1679381952021
1679381952017,1679381952022
1679381952025,1679381952035
1679381952035,1679381952062
1679381952056,1679381952083
1679381952113,1679381952193
1679381952169,1679381952202
1679381952149,1679381952225
1679381952329,1679381952339
1679381952324,1679381952358
1679381952363,1679381952389
1679381952401,1679381952446
1679381952421,1679381952453
1679381952368,1679381952470
1679381952481,1679381952510
1679381952437,1679381952529
1679381952537,1679381952567
1679381952613,1679381952679
1679381952631,1679381952685
1679381952470,1679381952777
1679381952794,1679381952802
1679381952641,1679381952803
1679381952877,1679381952923
1679381953061,1679381953073
1679381953049,1679381953140
1679381953141,1679381953146
1679381953113,1679381953148
1679381953165,1679381953189
1679381953209,1679381953255
1679381953244,1679381953286
1679381953273,1679381953319
1679381953333,1679381953390
1679381953413,1679381953422
1679381953461,1679381953481
1679381953493,1679381953520
1679381953590,1679381953595
1679381953590,1679381953618
1679381953584,1679381953630
1679381953579,1679381953638
1679381953592,1679381953643
1679381953571,1679381953652
1679381953584,1679381953715
1679381953568,1679381953742
1679381953754,1679381953771
1679381953813,1679381953888
1679381953886,1679381953890
1679381953881,1679381953893
1679381953928,1679381953967
1679381953967,1679381953973
1679381953925,1679381953983
1679381953952,1679381954039
1679381954001,1679381954041
1679381953989,1679381954078
1679381954013,1679381954148
1679381954177,1679381954185
1679381954205,1679381954279
1679381954285,1679381954289
1679381954257,1679381954329
1679381954321,1679381954372
1679381954366,1679381954450
1679381954437,1679381954488
1679381954285,1679381954546
1679381954524,1679381954569
1679381954501,1679381954659
1679381954621,1679381954665
1679381954754,1679381954813
1679381954837,1679381954893
1679381954937,1679381954945
1679381954970,1679381955018
1679381955013,1679381955029
1679381954949,1679381955030
1679381954948,1679381955042
1679381955121,1679381955147
1679381955119,1679381955165
1679381955117,1679381955218
1679381955202,1679381955227
1679381955221,1679381955260
1679381955255,1679381955289
1679381955264,1679381955291
1679381955264,1679381955300
1679381955265,1679381955362
1679381955249,1679381955369
1679381955369,1679381955393
1679381955433,1679381955448
1679381955453,1679381955456
1679381955393,1679381955496
1679381955481,1679381955506
1679381955455,1679381955554
1679381955536,1679381955590
1679381955576,1679381955605
1679381955592,1679381955617
1679381955505,1679381955621
1679381955600,1679381955628
1679381955680,1679381955717
1679381955712,1679381955736
1679381955745,1679381955776
1679381955789,1679381955834
1679381955887,1679381955950
1679381955825,1679381955952
1679381955816,1679381955972
1679381956041,1679381956106
1679381956103,1679381956121
1679381956216,1679381956247
1679381956251,1679381956282
1679381956224,1679381956326
1679381956329,1679381956347
1679381956364,1679381956377
1679381956304,1679381956412
1679381956540,1679381956565
1679381956541,1679381956567
1679381956605,1679381956608
1679381956672,1679381956682
1679381956712,1679381956729
1679381956768,1679381956778
1679381957044,1679381957065
1679381956977,1679381957114
1679381957112,1679381957135
1679381957021,1679381957193
1679381957132,1679381957214
1679381957208,1679381957229
1679381957136,1679381957257
1679381956928,1679381957278
1679381957187,1679381957302
1679381957292,1679381957312
1679381957305,1679381957340
1679381957137,1679381957434
1679381957388,1679381957444
1679381957335,1679381957451
1679381957452,1679381957483
1679381957440,1679381957494
1679381957497,1679381957521
1679381957429,1679381957536
1679381957392,1679381957566
1679381957564,1679381957577
1679381957557,1679381957578
1679381957566,1679381957601
1679381957613,1679381957687
1679381957717,1679381957729
1679381957740,1679381957747
1679381957751,1679381957803
1679381957687,1679381957813
1679381957805,1679381957843
1679381957868,1679381957886
1679381957890,1679381957931
1679381958015,1679381958021
1679381958001,1679381958025
1679381958029,1679381958079
1679381958121,1679381958129
1679381958188,1679381958235
1679381958217,1679381958239
1679381958250,1679381958277
1679381958229,1679381958316
1679381958149,1679381958340
1679381958337,1679381958353
1679381958373,1679381958382
1679381958393,1679381958398
1679381958312,1679381958414
1679381958512,1679381958553
1679381958663,1679381958689
1679381958687,1679381958690
1679381958616,1679381958694
1679381958695,1679381958720
1679381958661,1679381958818
1679381958772,1679381958818
1679381958816,1679381958844
1679381958732,1679381958847
1679381958745,1679381958864
1679381958762,1679381958873
1679381958949,1679381958973
1679381959015,1679381959035
1679381959027,1679381959037
1679381959052,1679381959070
1679381959125,1679381959137
1679381959121,1679381959139
1679381959131,1679381959185
1679381959133,1679381959193
1679381959007,1679381959274
1679381959174,1679381959311
1679381959348,1679381959370
1679381959335,1679381959377
1679381959424,1679381959465
1679381959332,1679381959558
1679381959508,1679381959572
1679381959550,1679381959574
1679381959534,1679381959609
1679381959636,1679381959640
1679381959627,1679381959658
1679381959624,1679381959669
1679381959700,1679381959740
1679381959707,1679381959746
1679381959751,1679381959762
1679381959755,1679381959762
1679381959728,1679381959770
1679381959716,1679381959853
1679381959621,1679381959867
1679381959852,1679381959874
1679381959752,1679381959908
1679381959934,1679381960020
1679381960072,1679381960096
1679381960096,1679381960131
1679381960049,1679381960149
1679381960283,1679381960304
1679381960276,1679381960320
1679381960306,1679381960334
1679381960328,1679381960362
1679381960383,1679381960401
1679381960456,1679381960482
1679381960540,1679381960576
1679381960580,1679381960587
1679381960596,1679381960603
1679381960608,1679381960614
1679381960648,1679381960664
1679381960652,1679381960674
1679381960664,1679381960693
1679381960708,1679381960716
1679381960688,1679381960776
1679381960772,1679381960804
1679381960873,1679381960946
1679381960973,1679381960993
1679381960888,1679381961045
1679381961004,1679381961048
1679381961072,1679381961080
1679381961057,1679381961150
1679381961080,1679381961180
1679381961057,1679381961184
1679381961096,1679381961233
1679381960946,1679381961246
1679381961271,1679381961371
1679381961342,1679381961373
1679381961229,1679381961428
1679381961473,1679381961479
1679381961437,1679381961504
1679381961324,1679381961509
1679381961508,1679381961521
1679381961500,1679381961524
1679381961493,1679381961531
1679381961488,1679381961561
1679381961501,1679381961565
1679381961571,1679381961626
1679381961592,1679381961653
1679381961668,1679381961772
1679381961757,1679381961856
1679381961830,1679381961898
1679381961765,1679381961921
1679381961911,1679381961947
1679381962020,1679381962036
1679381962020,1679381962075
1679381962048,1679381962082
1679381962087,1679381962120
1679381962125,1679381962144
1679381962148,1679381962163
1679381962150,1679381962181
1679381962187,1679381962193
1679381962184,1679381962194
1679381962196,1679381962216
1679381962141,1679381962230
1679381961987,1679381962251
1679381962209,1679381962280
1679381962237,1679381962301
1679381962261,1679381962304
1679381962276,1679381962310
1679381962381,1679381962408
1679381962415,1679381962454
1679381962485,1679381962500
1679381962500,1679381962513
1679381962544,1679381962607
1679381962547,1679381962628
1679381962741,1679381962780
1679381962769,1679381962803
1679381962876,1679381962892
1679381962855,1679381962901
1679381962856,1679381962903
1679381962854,1679381962915
1679381962927,1679381962969
1679381962860,1679381962976
1679381962992,1679381963036
1679381963129,1679381963166
1679381963145,1679381963168
1679381963153,1679381963170
1679381963156,1679381963206
1679381963172,1679381963213
1679381963216,1679381963242
1679381963261,1679381963304
1679381963366,1679381963392
1679381963406,1679381963482
1679381963515,1679381963527
1679381963557,1679381963571
1679381963585,1679381963616
1679381963629,1679381963654
1679381963639,1679381963676
1679381963693,1679381963702
1679381963652,1679381963702
1679381963658,1679381963702
1679381963670,1679381963704
1679381963689,1679381963723
1679381963692,1679381963740
1679381963708,1679381963765
1679381963711,1679381963782
1679381963636,1679381963835
1679381963646,1679381963858
1679381963675,1679381963859
1679381963655,1679381963883
1679381963700,1679381963895
1679381963683,1679381963903
1679381963724,1679381963905
1679381963680,1679381963916
1679381963920,1679381963926
1679381963890,1679381963939
1679381963688,1679381963951
1679381963950,1679381963966
1679381963724,1679381963988
1679381963727,1679381963988
1679381963765,1679381963999
1679381963652,1679381964004
1679381963711,1679381964007
1679381963640,1679381964009
1679381963653,1679381964036
1679381963670,1679381964041
1679381963679,1679381964045
1679381963668,1679381964052
1679381964042,1679381964068
1679381963877,1679381964084
1679381963968,1679381964119
1679381964121,1679381964166
1679381964261,1679381964273
1679381964206,1679381964297
1679381964145,1679381964356
1679381964276,1679381964379
1679381964308,1679381964385
1679381964385,1679381964427
1679381964337,1679381964465
1679381964349,1679381964475
1679381964349,1679381964519
1679381964443,1679381964523
1679381964503,1679381964526
1679381964459,1679381964544
1679381964578,1679381964604
1679381964596,1679381964627
1679381964604,1679381964633
1679381964585,1679381964644
1679381964610,1679381964686
1679381964717,1679381964731
1679381964701,1679381964748
1679381964722,1679381964749
1679381964686,1679381964755
1679381964728,1679381964771
1679381964822,1679381964892
1679381964857,1679381964905
1679381964852,1679381964921
1679381964930,1679381964991
1679381965191,1679381965204
1679381965195,1679381965218
1679381965189,1679381965272
1679381965395,1679381965428
1679381965393,1679381965441
1679381965373,1679381965518
1679381965512,1679381965528
1679381965528,1679381965545
1679381965469,1679381965547
1679381965528,1679381965562
1679381965562,1679381965582
1679381965593,1679381965602
1679381965642,1679381965664
1679381965681,1679381965693
1679381965716,1679381965733
1679381965740,1679381965749
1679381965796,1679381965820
1679381965796,1679381965821
1679381965773,1679381965876
1679381965897,1679381965903
1679381965877,1679381965969
1679381965937,1679381965973
1679381966017,1679381966050
1679381965981,1679381966060
1679381966045,1679381966081
1679381966060,1679381966131
1679381966101,1679381966144
1679381966141,1679381966161
1679381966115,1679381966162
1679381966165,1679381966194
1679381966109,1679381966218
1679381966153,1679381966227
1679381966183,1679381966228
1679381966203,1679381966235
1679381966196,1679381966241
1679381966123,1679381966246
1679381966097,1679381966250
1679381966251,1679381966274
1679381966101,1679381966301
1679381966228,1679381966334
1679381966325,1679381966374
1679381966240,1679381966380
1679381966102,1679381966412
1679381966281,1679381966433
1679381966417,1679381966448
1679381966489,1679381966555
1679381966593,1679381966700
1679381966648,1679381966712
1679381966617,1679381966736
1679381966743,1679381966799
1679381966824,1679381966830
1679381966813,1679381966836
1679381966819,1679381966858
1679381966836,1679381966864
1679381966845,1679381966871
1679381966918,1679381966925
1679381966898,1679381966925
1679381966977,1679381966986
1679381966964,1679381967004
1679381966906,1679381967021
1679381966994,1679381967050
1679381967073,1679381967099
1679381967145,1679381967198
1679381967223,1679381967288
1679381967287,1679381967307
1679381967373,1679381967377
1679381967379,1679381967441
1679381967425,1679381967458
1679381967425,1679381967482
1679381967433,1679381967487
1679381967504,1679381967554
1679381967549,1679381967583
1679381967588,1679381967599
1679381967659,1679381967671
1679381967580,1679381967672
1679381967681,1679381967691
1679381967644,1679381967692
1679381967700,1679381967729
1679381967672,1679381967745
1679381967731,1679381967761
1679381967754,1679381967838
1679381967821,1679381967874
1679381967867,1679381967898
1679381967907,1679381967963
1679381968006,1679381968052
1679381968034,1679381968064
1679381968072,1679381968078
1679381968074,1679381968093
1679381968013,1679381968130
1679381968143,1679381968158
1679381968056,1679381968204
1679381968246,1679381968282
1679381968278,1679381968292
1679381968356,1679381968445
1679381968385,1679381968497
1679381968427,1679381968506
1679381968503,1679381968512
1679381968482,1679381968523
1679381968516,1679381968546
1679381968536,1679381968553
1679381968553,1679381968582
1679381968687,1679381968707
1679381968726,1679381968758
1679381968725,1679381968773
1679381968688,1679381968774
1679381968809,1679381968835
1679381968799,1679381968849
1679381968834,1679381968856
1679381968834,1679381968897
1679381968889,1679381968919
1679381968916,1679381968925
1679381968913,1679381968927
1679381968958,1679381968980
1679381968977,1679381969005
1679381968967,1679381969009
1679381969000,1679381969020
1679381969012,1679381969024
1679381969016,1679381969044
1679381969048,1679381969054
1679381969100,1679381969107
1679381969073,1679381969122
1679381969104,1679381969160
1679381969066,1679381969160
1679381969147,1679381969181
1679381969179,1679381969187
1679381969165,1679381969205
1679381969115,1679381969232
1679381969203,1679381969305
1679381969311,1679381969315
1679381969210,1679381969323
1679381969366,1679381969406
1679381969398,1679381969409
1679381969434,1679381969444
1679381969434,1679381969471
1679381969334,1679381969501
1679381969530,1679381969548
1679381969470,1679381969554
1679381969474,1679381969571
1679381969470,1679381969577
1679381969585,1679381969589
1679381969578,1679381969599
1679381969603,1679381969637
1679381969627,1679381969676
1679381969526,1679381969696
1679381969694,1679381969702
1679381969671,1679381969704
1679381969646,1679381969718
1679381969702,1679381969733
1679381969649,1679381969749
1679381969716,1679381969750
1679381969662,1679381969817
1679381969880,1679381969900
1679381969858,1679381969909
1679381969939,1679381969943
1679381969991,1679381970001
1679381970027,1679381970047
1679381970040,1679381970106
1679381970103,1679381970118
1679381970094,1679381970122
1679381970150,1679381970162
1679381970130,1679381970162
1679381970190,1679381970198
1679381970236,1679381970276
1679381970242,1679381970308
1679381970310,1679381970322
1679381970257,1679381970324
1679381970549,1679381970604
1679381970578,1679381970625
1679381970713,1679381970722
1679381970548,1679381970756
1679381970675,1679381970759
1679381970740,1679381970802
1679381970840,1679381970848
1679381970783,1679381970873
1679381970802,1679381970905
1679381970853,1679381970916
1679381970915,1679381970957
1679381970953,1679381970982
1679381970815,1679381971029
1679381970917,1679381971037
1679381971073,1679381971079
1679381971077,1679381971103
1679381971165,1679381971180
1679381971191,1679381971199
1679381971076,1679381971245
1679381971292,1679381971301
1679381971440,1679381971506
1679381971498,1679381971520
1679381971597,1679381971604
1679381971610,1679381971626
1679381971652,1679381971680
1679381971665,1679381971736
1679381971620,1679381971744
1679381971695,1679381971764
1679381971757,1679381971775
1679381971687,1679381971818
1679381971720,1679381971842
1679381971788,1679381971852
1679381971848,1679381971854
1679381971862,1679381971898
1679381971897,1679381971908
1679381971853,1679381971933
1679381971959,1679381972024
1679381972081,1679381972090
1679381972138,1679381972161
1679381972092,1679381972213
1679381972055,1679381972214
1679381972100,1679381972242
1679381972206,1679381972244
1679381972198,1679381972255
1679381972256,1679381972269
1679381972208,1679381972293
1679381972167,1679381972321
1679381972252,1679381972326
1679381972313,1679381972352
1679381972337,1679381972376
1679381972288,1679381972380
1679381972386,1679381972392
1679381972516,1679381972541
1679381972535,1679381972611
1679381972633,1679381972657
1679381972606,1679381972663
1679381972653,1679381972690
1679381972645,1679381972692
1679381972604,1679381972715
1679381972704,1679381972715
1679381972725,1679381972743
1679381972709,1679381972744
1679381972787,1679381972793
1679381972767,1679381972809
1679381972854,1679381972861
1679381972694,1679381972887
1679381972837,1679381972887
1679381972913,1679381972943
1679381972745,1679381972952
1679381972972,1679381972996
1679381972990,1679381973009
1679381972826,1679381973010
1679381972896,1679381973016
1679381973003,1679381973043
1679381973017,1679381973059
1679381972986,1679381973090
1679381973067,1679381973112
1679381973100,1679381973133
1679381973070,1679381973154
1679381973090,1679381973166
1679381973096,1679381973172
1679381973229,1679381973232
1679381973218,1679381973255
1679381973269,1679381973293
1679381973224,1679381973337
1679381973310,1679381973341
1679381973333,1679381973377
1679381973239,1679381973384
1679381973405,1679381973412
1679381973430,1679381973481
1679381973414,1679381973491
1679381973446,1679381973497
1679381973454,1679381973520
1679381973494,1679381973542
1679381973515,1679381973546
1679381973276,1679381973552
1679381973380,1679381973565
1679381973514,1679381973598
1679381973590,1679381973603
1679381973562,1679381973613
1679381973640,1679381973643
1679381973675,1679381973684
1679381973693,1679381973697
1679381973844,1679381973852
1679381973729,1679381973854
1679381973823,1679381973886
1679381973843,1679381973904
1679381974371,1679381974421
1679381974491,1679381974500
1679381974522,1679381974535
1679381974599,1679381974603
1679381974620,1679381974645
1679381974646,1679381974652
1679381974660,1679381974678
1679381974683,1679381974691
1679381974662,1679381974704
1679381974723,1679381974742
1679381974735,1679381974792
1679381974867,1679381974899
1679381974823,1679381974908
1679381974931,1679381974951
1679381974991,1679381975022
1679381975107,1679381975116
1679381975295,1679381975345
1679381975358,1679381975381
1679381975379,1679381975416
1679381975401,1679381975442
1679381975394,1679381975476
1679381975509,1679381975562
1679381975571,1679381975590
1679381975582,1679381975601
1679381975663,1679381975689
1679381975683,1679381975690
1679381975700,1679381975712
1679381975882,1679381975901
1679381975866,1679381975947
1679381975975,1679381975985
1679381976075,1679381976094
1679381976262,1679381976272
1679381976215,1679381976272
1679381976262,1679381976342
1679381976402,1679381976411
1679381976358,1679381976411
1679381976427,1679381976447
1679381976533,1679381976557
1679381976547,1679381976566
1679381976582,1679381976595
1679381976602,1679381976606
1679381976586,1679381976660
1679381976607,1679381976664
1679381976662,1679381976709
1679381976678,1679381976747
1679381976787,1679381976867
1679381976865,1679381976911
1679381977005,1679381977009
1679381976991,1679381977059
1679381976971,1679381977063
1679381977066,1679381977070
1679381977137,1679381977145
1679381977195,1679381977202
1679381977235,1679381977243
1679381977261,1679381977266
1679381977227,1679381977302
1679381977210,1679381977333
1679381977318,1679381977386
1679381977459,1679381977465
1679381977578,1679381977597
1679381977635,1679381977699
1679381977707,1679381977764
1679381977711,1679381977781
1679381977726,1679381977786
1679381977709,1679381977872
1679381977893,1679381977904
1679381977886,1679381977930
1679381977989,1679381978039
1679381978063,1679381978070
1679381978068,1679381978186
1679381978162,1679381978215
1679381978406,1679381978409
1679381978419,1679381978437
1679381978384,1679381978448
1679381978449,1679381978459
1679381978526,1679381978531
1679381978363,1679381978581
1679381978670,1679381978705
1679381978698,1679381978751
1679381978663,1679381978760
1679381978743,1679381978767
1679381978697,1679381978768
1679381978848,1679381978853
1679381978856,1679381978870
1679381978912,1679381978956
1679381978939,1679381978973
1679381979102,1679381979136
1679381979091,1679381979161
1679381979035,1679381979168
1679381979090,1679381979188
1679381979063,1679381979196
1679381979178,1679381979203
1679381979333,1679381979349
1679381979271,1679381979412
1679381979424,1679381979462
1679381979536,1679381979654
1679381979832,1679381979861
1679381979868,1679381979952
1679381979984,1679381980067
1679381979941,1679381980071
1679381979955,1679381980083
1679381980091,1679381980104
1679381980152,1679381980188
1679381980180,1679381980262
1679381980284,1679381980288
1679381980260,1679381980332
1679381980305,1679381980366
1679381980364,1679381980388
1679381980004,1679381980390
1679381980328,1679381980428
1679381980456,1679381980467
1679381980500,1679381980518
1679381980532,1679381980549
1679381980575,1679381980605
1679381980600,1679381980610
1679381980604,1679381980637
1679381980663,1679381980691
1679381980516,1679381980698
1679381980724,1679381980739
1679381980830,1679381980859
1679381980712,1679381980901
1679381980944,1679381980948
1679381981101,1679381981123
1679381981248,1679381981277
1679381981308,1679381981314
1679381981332,1679381981344
1679381981321,1679381981350
1679381981372,1679381981417
1679381981409,1679381981432
1679381981443,1679381981501
1679381981499,1679381981510
1679381981496,1679381981542
1679381981540,1679381981544
1679381981740,1679381981758
1679381981764,1679381981772
1679381981572,1679381981781
1679381981909,1679381981948
1679381981880,1679381981953
1679381981759,1679381981981
1679381981822,1679381981999
1679381982040,1679381982102
1679381982064,1679381982109
1679381982170,1679381982194
1679381982173,1679381982194
1679381982280,1679381982324
1679381982189,1679381982380
1679381982441,1679381982482
1679381982508,1679381982536
1679381982541,1679381982550
1679381982717,1679381982725
1679381982568,1679381982747
1679381982745,1679381982751
1679381982837,1679381982871
1679381982805,1679381982871
1679381982837,1679381982938
1679381982853,1679381982988
1679381983013,1679381983020
1679381983039,1679381983050
1679381983074,1679381983078
1679381983050,1679381983143
1679381983088,1679381983149
1679381983176,1679381983201
1679381983181,1679381983242
1679381983205,1679381983260
1679381983307,1679381983368
1679381983473,1679381983527
1679381983556,1679381983591
1679381983580,1679381983592
1679381983557,1679381983604
1679381983533,1679381983667
1679381983564,1679381983690
1679381983741,1679381983777
1679381983805,1679381983815
1679381983761,1679381983820
1679381983881,1679381983914
1679381983901,1679381984019
1679381984097,1679381984162
1679381984133,1679381984188
1679381984114,1679381984190
1679381984131,1679381984232
1679381984116,1679381984240
1679381984136,1679381984279
1679381984205,1679381984290
1679381984126,1679381984295
1679381984122,1679381984357
1679381984140,1679381984379
1679381984329,1679381984387
1679381984281,1679381984394
1679381984321,1679381984434
1679381984349,1679381984466
1679381984110,1679381984477
1679381984153,1679381984482
1679381984414,1679381984502
1679381984393,1679381984510
1679381984185,1679381984522
1679381984106,1679381984531
1679381984513,1679381984571
1679381984453,1679381984623
1679381984661,1679381984701
1679381984642,1679381984748
1679381984681,1679381984751
1679381984741,1679381984756
1679381984829,1679381984884
1679381984857,1679381984914
1679381984925,1679381985009
1679381985100,1679381985124
1679381985129,1679381985150
1679381985209,1679381985218
1679381985208,1679381985238
1679381985389,1679381985440
1679381985353,1679381985448
1679381985412,1679381985469
1679381985445,1679381985503
1679381985573,1679381985616
1679381985633,1679381985683
1679381985712,1679381985752
1679381985661,1679381985817
1679381985825,1679381985830
1679381985849,1679381985867
1679381985833,1679381985884
1679381985890,1679381985907
1679381985940,1679381985945
1679381985953,1679381985963
1679381985893,1679381985970
1679381985925,1679381985978
1679381986005,1679381986042
1679381986045,1679381986092
1679381985957,1679381986097
1679381986121,1679381986157
1679381986177,1679381986187
1679381986129,1679381986208
1679381986200,1679381986217
1679381986217,1679381986268
1679381986264,1679381986283
1679381986324,1679381986412
1679381986352,1679381986457
1679381986441,1679381986496
1679381986472,1679381986513
1679381986333,1679381986514
1679381986429,1679381986530
1679381986532,1679381986588
1679381986529,1679381986594
1679381986565,1679381986601
1679381986631,1679381986648
1679381986608,1679381986652
1679381986681,1679381986692
1679381986605,1679381986709
1679381986709,1679381986738
1679381986757,1679381986777
1679381986701,1679381986795
1679381986775,1679381986796
1679381986873,1679381986883
1679381986981,1679381987000
1679381987069,1679381987091
1679381987072,1679381987167
1679381987228,1679381987264
1679381987272,1679381987291
1679381987263,1679381987292
1679381987199,1679381987305
1679381987300,1679381987311
1679381987312,1679381987328
1679381987324,1679381987364
1679381987367,1679381987371
1679381987408,1679381987414
1679381987471,1679381987532
1679381987539,1679381987583
1679381987590,1679381987596
1679381987521,1679381987617
1679381987636,1679381987702
1679381987689,1679381987720
1679381987652,1679381987737
1679381987781,1679381987793
1679381987812,1679381987852
1679381987812,1679381987865
1679381987808,1679381987888
1679381987930,1679381987943
1679381987771,1679381987949
1679381987948,1679381987954
1679381987969,1679381987974
1679381987975,1679381987978
1679381987944,1679381987980
1679381988061,1679381988115
1679381988109,1679381988196
1679381988236,1679381988245
1679381988271,1679381988277
1679381988136,1679381988332
1679381988095,1679381988332
1679381988263,1679381988332
1679381988336,1679381988360
1679381988357,1679381988373
1679381988384,1679381988397
1679381988415,1679381988477
1679381988567,1679381988599
1679381988629,1679381988637
1679381988683,1679381988690
1679381988673,1679381988709
1679381988652,1679381988710
1679381988766,1679381988823
1679381988843,1679381988852
1679381988842,1679381988865
1679381988844,1679381988904
1679381988916,1679381988920
1679381988933,1679381988938
1679381988899,1679381988965
1679381988948,1679381988965
1679381989072,1679381989093
1679381989044,1679381989103
1679381989032,1679381989145
1679381988943,1679381989157
1679381989088,1679381989173
1679381989152,1679381989174
1679381989185,1679381989191
1679381989194,1679381989230
1679381989149,1679381989306
1679381989292,1679381989327
1679381989283,1679381989349
1679381989445,1679381989464
1679381989416,1679381989467
1679381989467,1679381989470
1679381989482,1679381989504
1679381989382,1679381989557
1679381989540,1679381989569
1679381989528,1679381989587
1679381989564,1679381989661
1679381989678,1679381989689
1679381989787,1679381989792
1679381989860,1679381989865
1679381989880,1679381989902
1679381989884,1679381989913
1679381989904,1679381989913
1679381990025,1679381990057
1679381990051,1679381990109
1679381990176,1679381990200
1679381990153,1679381990223
1679381990204,1679381990227
1679381990105,1679381990238
1679381990242,1679381990254
1679381990180,1679381990277
1679381990344,1679381990364
1679381990324,1679381990368
1679381990343,1679381990376
1679381990378,1679381990400
1679381990468,1679381990474
1679381990276,1679381990491
1679381990475,1679381990504
1679381990484,1679381990515
1679381990604,1679381990635
1679381990644,1679381990655
1679381990731,1679381990747
1679381990632,1679381990774
1679381990784,1679381990890
1679381990867,1679381990893
1679381990860,1679381991010
1679381990995,1679381991010
1679381991044,1679381991061
1679381991012,1679381991061
1679381991088,1679381991102
1679381991171,1679381991187
1679381991185,1679381991226
1679381991241,1679381991259
1679381991303,1679381991335
1679381991256,1679381991337
1679381991363,1679381991376
1679381991352,1679381991405
1679381991373,1679381991420
1679381991388,1679381991437
1679381991487,1679381991506
1679381991519,1679381991523
1679381991561,1679381991567
1679381991445,1679381991577
1679381991516,1679381991631
1679381991616,1679381991647
1679381991652,1679381991712
1679381991624,1679381991752
1679381991747,1679381991778
1679381991631,1679381991780
1679381991794,1679381991810
1679381991789,1679381991826
1679381991671,1679381991841
1679381991852,1679381991857
1679381991886,1679381991925
1679381991632,1679381991981
1679381991963,1679381992042
1679381992009,1679381992057
1679381992049,1679381992132
1679381992020,1679381992143
1679381992187,1679381992219
1679381992139,1679381992234
1679381992276,1679381992325
1679381992165,1679381992345
1679381992312,1679381992349
1679381992205,1679381992364
1679381992407,1679381992462
1679381992497,1679381992504
1679381992348,1679381992505
1679381992475,1679381992578
1679381992628,1679381992665
1679381992617,1679381992671
1679381992621,1679381992689
1679381992617,1679381992698
1679381992716,1679381992765
1679381992753,1679381992774
1679381992697,1679381992790
1679381992766,1679381992802
1679381992843,1679381992853
1679381992968,1679381992980
1679381992996,1679381993002
1679381993019,1679381993059
1679381993137,1679381993148
1679381993137,1679381993172
1679381993333,1679381993365
1679381993233,1679381993376
1679381993336,1679381993390
1679381993469,1679381993479
1679381993489,1679381993507
1679381993547,1679381993555
1679381993589,1679381993599
1679381993596,1679381993675
1679381993668,1679381993684
1679381993674,1679381993685
1679381993689,1679381993704
1679381993689,1679381993722
1679381993761,1679381993764
1679381993738,1679381993785
1679381993729,1679381993797
1679381993780,1679381993821
1679381993861,1679381993873
1679381993843,1679381993924
1679381993924,1679381993959
1679381993958,1679381993969
1679381993980,1679381993988
1679381993861,1679381993995
1679381993948,1679381994006
1679381994005,1679381994058
1679381994125,1679381994133
1679381994130,1679381994142
1679381994179,1679381994193
1679381994177,1679381994193
1679381994138,1679381994205
1679381994193,1679381994221
1679381994180,1679381994262
1679381994241,1679381994273
1679381994205,1679381994279
1679381994198,1679381994288
1679381994193,1679381994300
1679381994209,1679381994366
1679381994188,1679381994368
1679381994196,1679381994383
1679381994324,1679381994394
1679381994186,1679381994432
1679381994473,1679381994526
1679381994524,1679381994545
1679381994526,1679381994554
1679381994544,1679381994569
1679381994573,1679381994581
1679381994645,1679381994663
1679381994673,1679381994682
1679381994685,1679381994742
1679381994737,1679381994760
1679381994733,1679381994794
1679381994820,1679381994842
1679381994732,1679381994844
1679381994867,1679381994950
1679381994919,1679381994966
1679381995005,1679381995013
1679381995006,1679381995112
1679381995073,1679381995125
1679381995100,1679381995149
1679381995140,1679381995214
1679381995229,1679381995278
1679381995267,1679381995285
1679381995180,1679381995288
1679381995215,1679381995311
1679381995236,1679381995349
1679381995362,1679381995372
1679381995428,1679381995441
1679381995463,1679381995494
1679381995489,1679381995512
1679381995670,1679381995729
1679381995744,1679381995762
1679381995592,1679381995765
1679381995637,1679381995825
1679381995825,1679381995852
1679381995740,1679381995853
1679381995741,1679381995866
1679381995740,1679381995876
1679381995837,1679381995907
1679381995940,1679381995951
1679381995960,1679381995984
1679381996000,1679381996002
1679381996025,1679381996096
1679381996042,1679381996097
1679381996115,1679381996122
1679381995989,1679381996140
1679381996179,1679381996212
1679381996224,1679381996310
1679381996271,1679381996325
1679381996337,1679381996380
1679381996421,1679381996442
1679381996411,1679381996459
1679381996414,1679381996531
1679381996529,1679381996534
1679381996527,1679381996563
1679381996571,1679381996629
1679381996635,1679381996645
1679381996653,1679381996675
1679381996676,1679381996697
1679381996776,1679381996811
1679381996783,1679381996831
1679381996780,1679381996838
1679381996872,1679381996883
1679381996876,1679381996895
1679381996836,1679381996900
1679381996756,1679381996935
1679381996904,1679381996935
1679381996816,1679381996951
1679381996852,1679381996953
1679381996918,1679381996974
1679381996985,1679381997011
1679381996945,1679381997036
1679381997009,1679381997109
1679381997000,1679381997114
1679381997097,1679381997147
1679381996787,1679381997156
1679381997124,1679381997175
1679381997169,1679381997184
1679381997233,1679381997246
1679381997213,1679381997261
1679381997249,1679381997272
1679381997249,1679381997283
1679381997229,1679381997290
1679381997209,1679381997292
1679381997310,1679381997339
1679381997358,1679381997368
1679381997386,1679381997448
1679381997300,1679381997456
1679381997459,1679381997467
1679381997443,1679381997471
1679381997374,1679381997492
1679381997395,1679381997554
1679381997542,1679381997692
1679381997608,1679381997723
1679381997830,1679381997847
1679381997819,1679381997864
1679381997872,1679381997896
1679381997809,1679381997911
1679381997900,1679381997931
1679381997912,1679381997934
1679381997942,1679381997993
1679381997972,1679381998027
1679381998117,1679381998138
1679381998145,1679381998154
1679381998135,1679381998174
1679381998196,1679381998222
1679381998208,1679381998233
1679381998213,1679381998249
1679381998219,1679381998249
1679381998261,1679381998302
1679381998292,1679381998309
1679381998344,1679381998357
1679381998343,1679381998379
1679381998374,1679381998391
1679381998404,1679381998411
1679381998356,1679381998417
1679381998409,1679381998475
1679381998461,1679381998504
1679381998462,1679381998509
1679381998461,1679381998559
1679381998520,1679381998568
1679381998622,1679381998632
1679381998643,1679381998650
1679381998657,1679381998746
1679381998733,1679381998753
1679381998772,1679381998784
1679381998805,1679381998867
1679381998863,1679381998900
1679381998796,1679381998917
1679381998956,1679381998984
1679381999039,1679381999105
1679381999112,1679381999133
1679381999129,1679381999152
1679381999148,1679381999169
1679381999164,1679381999192
1679381999148,1679381999204
1679381999307,1679381999323
1679381999374,1679381999423
1679381999444,1679381999455
1679381999352,1679381999497
1679381999357,1679381999518
1679381999552,1679381999570
1679381999496,1679381999577
1679381999532,1679381999586
1679381999414,1679381999644
1679381999623,1679381999656
1679381999656,1679381999665
1679381999638,1679381999699
1679381999745,1679381999784
1679381999803,1679381999809
1679381999877,1679381999882
1679381999875,1679381999908
1679382000026,1679382000032
1679382000044,1679382000047
1679381999949,1679382000053
1679382000044,1679382000059
1679382000089,1679382000111
1679382000102,1679382000157
1679382000093,1679382000161
1679382000111,1679382000172
1679382000151,1679382000185
1679382000153,1679382000207
1679382000201,1679382000268
1679382000273,1679382000277
1679382000297,1679382000301
1679382000293,1679382000303
1679382000214,1679382000316
1679382000334,1679382000356
1679382000348,1679382000377
1679382000370,1679382000387
1679382000250,1679382000393
1679382000344,1679382000456
1679382000429,1679382000573
1679382000579,1679382000589
1679382000592,1679382000654
1679382000606,1679382000696
1679382000701,1679382000716
1679382000713,1679382000774
1679382000762,1679382000800
1679382000716,1679382000802
1679382000748,1679382000841
1679382000743,1679382000856
1679382000820,1679382000860
1679382000804,1679382000889
1679382000838,1679382000926
1679382000855,1679382000937
1679382000773,1679382000957
1679382000795,1679382000987
1679382000924,1679382001012
1679382001004,1679382001017
1679382001036,1679382001139
1679382001189,1679382001215
1679382001106,1679382001222
1679382001238,1679382001259
1679382001248,1679382001267
1679382001305,1679382001417
1679382001410,1679382001436
1679382001373,1679382001448
1679382001454,1679382001475
1679382001212,1679382001513
1679382001494,1679382001531
1679382001406,1679382001545
1679382001504,1679382001593
1679382001617,1679382001624
1679382001631,1679382001645
1679382001532,1679382001653
1679382001590,1679382001663
1679382001664,1679382001670
1679382001691,1679382001698
1679382001604,1679382001718
1679382001736,1679382001748
1679382001760,1679382001785
1679382001810,1679382001840
1679382001817,1679382001896
1679382001919,1679382001954
1679382002074,1679382002091
1679382002084,1679382002096
1679382002127,1679382002149
1679382002142,1679382002181
1679382002113,1679382002235
1679382002233,1679382002237
1679382002198,1679382002250
1679382002193,1679382002301
1679382002221,1679382002317
1679382002331,1679382002338
1679382002425,1679382002440
1679382002499,1679382002507
1679382002445,1679382002615
1679382002602,1679382002624
1679382002713,1679382002753
1679382002638,1679382002768
1679382002697,1679382002771
1679382002736,1679382002774
1679382002761,1679382002782
1679382002848,1679382002867
1679382002847,1679382002877
1679382002971,1679382002989
1679382002978,1679382003026
1679382002928,1679382003088
1679382003070,1679382003113
1679382003025,1679382003179
1679382003239,1679382003254
1679382003125,1679382003256
1679382003258,1679382003285
1679382003205,1679382003290
1679382003163,1679382003327
1679382003197,1679382003332
1679382003334,1679382003341
1679382003422,1679382003428
1679382003411,1679382003444
1679382003458,1679382003467
1679382003481,1679382003521
1679382003394,1679382003533
1679382003532,1679382003542
1679382003541,1679382003563
1679382003484,1679382003610
1679382003530,1679382003612
1679382003583,1679382003620
1679382003658,1679382003665
1679382003722,1679382003751
1679382003770,1679382003832
1679382003838,1679382003848
1679382003858,1679382003875
1679382003935,1679382003940
1679382003941,1679382003964
1679382003970,1679382003976
1679382004213,1679382004260
1679382004184,1679382004283
1679382004285,1679382004307
1679382004304,1679382004315
1679382004276,1679382004348
1679382004375,1679382004395
1679382004366,1679382004407
1679382004419,1679382004434
1679382004485,1679382004499
1679382004385,1679382004509
1679382004490,1679382004544
1679382004557,1679382004561
1679382004560,1679382004576
1679382004517,1679382004590
1679382004562,1679382004628
1679382004634,1679382004662
1679382004640,1679382004690
1679382004621,1679382004694
1679382004625,1679382004694
1679382004663,1679382004761
1679382004750,1679382004818
1679382004667,1679382004862
1679382004786,1679382004881
1679382004942,1679382004967
1679382005006,1679382005023
1679382004952,1679382005068
1679382005203,1679382005308
1679382005361,1679382005415
1679382005298,1679382005420
1679382005435,1679382005451
1679382005547,1679382005550
1679382005411,1679382005573
1679382005572,1679382005587
1679382005582,1679382005624
1679382005696,1679382005770
1679382005797,1679382005804
1679382005806,1679382005814
1679382005816,1679382005828
1679382006054,1679382006091
1679382006120,1679382006128
1679382006227,1679382006247
1679382006461,1679382006489
1679382006433,1679382006501
1679382006457,1679382006514
1679382006649,1679382006728
1679382006616,1679382006749
1679382006648,1679382006768
1679382006905,1679382006938
1679382006933,1679382006949
1679382006946,1679382007003
1679382007058,1679382007081
1679382007021,1679382007084
1679382007141,1679382007171
1679382007180,1679382007191
1679382007066,1679382007254
1679382007334,1679382007351
1679382007328,1679382007413
1679382007585,1679382007627
1679382007585,1679382007661
1679382007658,1679382007672
1679382007695,1679382007748
1679382007826,1679382007873
1679382007851,1679382007907
1679382007848,1679382007912
1679382007980,1679382007990
1679382008020,1679382008090
1679382008143,1679382008155
1679382008208,1679382008220
1679382008211,1679382008248
1679382008133,1679382008270
1679382008332,1679382008345
1679382008540,1679382008560
1679382008621,1679382008628
1679382008622,1679382008634
1679382008732,1679382008863
1679382008864,1679382008910
1679382008817,1679382008911
1679382008937,1679382008964
1679382008964,1679382008968
1679382009013,1679382009018
1679382009055,1679382009156
1679382009121,1679382009215
1679382009198,1679382009272
1679382009305,1679382009314
1679382009328,1679382009341
1679382009472,1679382009523
1679382009518,1679382009602
1679382009661,1679382009684
1679382009723,1679382009807
1679382009884,1679382009901
1679382009952,1679382009964
1679382009964,1679382010025
1679382009836,1679382010063
1679382009971,1679382010168
1679382010160,1679382010172
1679382010152,1679382010211
1679382010212,1679382010336
1679382010347,1679382010366
1679382010432,1679382010465
1679382010433,1679382010492
1679382010716,1679382010725
1679382010656,1679382010728
1679382010572,1679382010761
1679382010799,1679382010803
1679382010804,1679382010809
1679382010828,1679382010839
1679382011009,1679382011020
1679382011132,1679382011137
1679382011233,1679382011238
1679382011261,1679382011275
1679382011336,1679382011357
1679382011468,1679382011478
1679382011529,1679382011547
1679382011529,1679382011557
1679382011576,1679382011607
1679382011632,1679382011681
1679382011669,1679382011760
1679382012049,1679382012099
1679382012190,1679382012197
1679382012173,1679382012243
1679382012145,1679382012285
1679382012203,1679382012320
1679382012276,1679382012337
1679382012323,1679382012390
1679382012413,1679382012452
1679382012437,1679382012484
1679382012400,1679382012495
1679382012415,1679382012593
1679382012573,1679382012595
1679382012581,1679382012601
1679382012636,1679382012652
1679382012498,1679382012654
1679382012758,1679382012811
1679382012873,1679382012906
1679382013185,1679382013191
1679382013177,1679382013209
1679382013216,1679382013293
1679382013369,1679382013400
1679382013501,1679382013521
1679382013516,1679382013597
1679382013621,1679382013689
1679382013793,1679382013821
1679382013877,1679382014003
1679382013981,1679382014020
1679382014013,1679382014033
1679382014061,1679382014076
1679382013920,1679382014089
1679382014061,1679382014109
1679382014085,1679382014118
1679382014046,1679382014166
1679382014377,1679382014401
1679382014448,1679382014473
1679382014457,1679382014478
1679382014525,1679382014548
1679382014510,1679382014553
1679382014464,1679382014557
1679382014785,1679382014789
1679382014813,1679382014824
1679382014912,1679382014942
1679382015021,1679382015030
1679382015109,1679382015118
1679382015182,1679382015247
1679382015280,1679382015357
1679382015297,1679382015388
1679382015417,1679382015472
1679382015505,1679382015534
1679382015526,1679382015535
1679382015547,1679382015552
1679382015548,1679382015554
1679382015535,1679382015560
1679382015562,1679382015567
1679382015555,1679382015569
1679382015519,1679382015573
1679382015573,1679382015578
1679382015571,1679382015596
1679382015601,1679382015605
1679382015577,1679382015606
1679382015614,1679382015659
1679382015563,1679382015659
1679382015586,1679382015687
1679382015664,1679382015704
1679382015540,1679382015719
1679382015612,1679382015750
1679382015588,1679382015780
1679382015603,1679382015804
1679382015604,1679382015808
1679382015531,1679382015809
1679382015543,1679382015848
1679382015600,1679382015857
1679382015602,1679382015862
1679382015618,1679382015883
1679382015652,1679382015885
1679382015565,1679382015885
1679382015712,1679382015904
1679382015582,1679382015905
1679382015588,1679382015916
1679382015636,1679382015917
1679382015606,1679382015934
1679382015592,1679382015938
1679382015884,1679382016022
1679382016033,1679382016038
1679382016064,1679382016074
1679382015940,1679382016077
1679382016081,1679382016120
1679382016185,1679382016194
1679382016385,1679382016432
1679382016412,1679382016473
1679382016432,1679382016525
1679382016700,1679382016713
1679382016692,1679382016714
1679382016980,1679382016991
1679382017012,1679382017045
1679382017043,1679382017092
1679382017109,1679382017119
1679382017013,1679382017132
1679382017173,1679382017187
1679382017187,1679382017216
1679382017229,1679382017290
1679382017273,1679382017296
1679382017285,1679382017320
1679382017315,1679382017335
1679382017328,1679382017343
1679382017361,1679382017378
1679382017403,1679382017412
1679382017425,1679382017455
1679382017446,1679382017494
1679382017368,1679382017500
1679382017425,1679382017538
1679382017450,1679382017592
1679382017484,1679382017603
1679382017581,1679382017616
1679382017740,1679382017751
1679382017701,1679382017752
1679382017681,1679382017781
1679382017796,1679382017805
1679382017768,1679382017816
1679382017760,1679382017863
1679382017849,1679382017869
1679382017840,1679382017923
1679382017877,1679382017932
1679382017908,1679382017952
1679382017886,1679382017982
1679382017953,1679382017982
1679382018000,1679382018006
1679382017974,1679382018006
1679382017916,1679382018014
1679382018001,1679382018032
1679382018000,1679382018043
1679382018007,1679382018054
1679382018038,1679382018078
1679382018067,1679382018109
1679382018108,1679382018116
1679382018175,1679382018182
1679382018141,1679382018207
1679382018180,1679382018211
1679382018087,1679382018251
1679382018242,1679382018284
1679382018248,1679382018292
1679382018271,1679382018375
1679382018292,1679382018438
1679382018487,1679382018531
1679382018468,1679382018559
1679382018594,1679382018640
1679382018696,1679382018723
1679382018734,1679382018739
1679382018655,1679382018741
1679382018638,1679382018820
1679382018838,1679382018857
1679382018894,1679382018899
1679382018906,1679382018948
1679382018949,1679382018976
1679382018890,1679382018999
1679382019027,1679382019037
1679382018924,1679382019042
1679382018995,1679382019093
1679382019185,1679382019196
1679382019223,1679382019232
1679382019247,1679382019284
1679382019222,1679382019300
1679382019291,1679382019315
1679382019225,1679382019326
1679382019267,1679382019372
1679382019385,1679382019398
1679382019308,1679382019417
1679382019426,1679382019432
1679382019388,1679382019469
1679382019507,1679382019576
1679382019511,1679382019590
1679382019568,1679382019602
1679382019613,1679382019620
1679382019670,1679382019673
1679382019600,1679382019707
1679382019704,1679382019723
1679382019594,1679382019743
1679382019759,1679382019763
1679382019770,1679382019790
1679382019745,1679382019815
1679382019763,1679382019861
1679382019893,1679382019898
1679382019880,1679382019906
1679382019905,1679382019925
1679382019902,1679382019929
1679382019904,1679382019960
1679382019910,1679382019968
1679382019951,1679382019993
1679382019982,1679382020020
1679382019936,1679382020040
1679382020043,1679382020068
1679382020014,1679382020111
1679382020112,1679382020146
1679382020132,1679382020150
1679382020186,1679382020213
1679382020163,1679382020236
1679382020259,1679382020315
1679382020295,1679382020322
1679382020220,1679382020354
1679382020291,1679382020389
1679382020411,1679382020468
1679382020494,1679382020529
1679382020491,1679382020539
1679382020575,1679382020600
1679382020578,1679382020641
1679382020651,1679382020668
1679382020632,1679382020669
1679382020718,1679382020753
1679382020750,1679382020796
1679382020754,1679382020800
1679382020739,1679382020816
1679382020735,1679382020862
1679382020861,1679382020875
1679382020862,1679382020886
1679382020876,1679382020944
1679382020951,1679382021007
1679382021018,1679382021030
1679382021060,1679382021090
1679382021001,1679382021101
1679382021034,1679382021115
1679382021219,1679382021234
1679382021307,1679382021313
1679382021197,1679382021338
1679382021335,1679382021370
1679382021416,1679382021467
1679382021451,1679382021471
1679382021390,1679382021498
1679382021475,1679382021592
1679382021458,1679382021601
1679382021618,1679382021629
1679382021444,1679382021645
1679382021651,1679382021688
1679382021733,1679382021771
1679382021744,1679382021774
1679382021800,1679382021820
1679382021803,1679382021832
1679382021810,1679382021842
1679382021855,1679382021859
1679382021836,1679382021863
1679382021807,1679382021883
1679382021863,1679382021894
1679382021836,1679382021913
1679382021926,1679382021995
1679382022019,1679382022053
1679382022072,1679382022091
1679382021923,1679382022141
1679382022229,1679382022234
1679382022196,1679382022261
1679382022342,1679382022352
1679382022342,1679382022362
1679382022297,1679382022411
1679382022457,1679382022474
1679382022354,1679382022480
1679382022391,1679382022496
1679382022516,1679382022562
1679382022576,1679382022581
1679382022419,1679382022597
1679382022577,1679382022600
1679382022606,1679382022627
1679382022648,1679382022657
1679382022644,1679382022667
1679382022552,1679382022670
1679382022804,1679382022843
1679382022757,1679382022877
1679382022889,1679382022924
1679382022896,1679382022934
1679382022916,1679382022936
1679382022928,1679382022985
1679382022923,1679382022996
1679382022906,1679382022997
1679382022909,1679382023065
1679382023079,1679382023097
1679382022992,1679382023123
1679382023068,1679382023137
1679382023169,1679382023178
1679382023169,1679382023201
1679382023287,1679382023317
1679382023196,1679382023327
1679382023298,1679382023340
1679382023321,1679382023351
1679382023313,1679382023413
1679382023373,1679382023424
1679382023404,1679382023446
1679382023543,1679382023572
1679382023578,1679382023587
1679382023512,1679382023590
1679382023630,1679382023633
1679382023630,1679382023635
1679382023566,1679382023647
1679382023594,1679382023654
1679382023558,1679382023692
1679382023720,1679382023742
1679382023720,1679382023755
1679382023601,1679382023757
1679382023758,1679382023764
1679382023773,1679382023778
1679382023718,1679382023797
1679382023830,1679382023847
1679382023895,1679382023925
1679382023918,1679382023927
1679382023929,1679382023934
1679382023978,1679382024022
1679382023922,1679382024032
1679382023977,1679382024051
1679382024041,1679382024059
1679382024134,1679382024159
1679382024123,1679382024177
1679382024179,1679382024183
1679382024204,1679382024217
1679382024114,1679382024250
1679382024172,1679382024283
1679382024277,1679382024300
1679382024349,1679382024429
1679382024419,1679382024452
1679382024436,1679382024497
1679382024578,1679382024583
1679382024568,1679382024587
1679382024440,1679382024602
1679382024512,1679382024623
1679382024481,1679382024728
1679382024799,1679382024809
1679382024826,1679382024852
1679382024891,1679382024964
1679382024939,1679382024991
1679382025082,1679382025136
1679382025049,1679382025165
1679382025202,1679382025215
1679382025151,1679382025227
1679382025006,1679382025237
1679382025154,1679382025265
1679382024975,1679382025268
1679382025194,1679382025281
1679382025255,1679382025337
1679382025336,1679382025340
1679382025379,1679382025415
1679382025382,1679382025442
1679382025567,1679382025617
1679382025715,1679382025737
1679382025746,1679382025816
1679382025799,1679382025872
1679382025891,1679382025904
1679382025880,1679382025913
1679382025943,1679382025963
1679382025987,1679382026014
1679382025953,1679382026020
1679382026179,1679382026208
1679382026207,1679382026284
1679382026366,1679382026409
1679382026426,1679382026429
1679382026306,1679382026431
1679382026389,1679382026434
1679382026370,1679382026468
1679382026390,1679382026477
1679382026506,1679382026543
1679382026490,1679382026546
1679382026534,1679382026552
1679382026559,1679382026562
1679382026574,1679382026604
1679382026606,1679382026625
1679382026723,1679382026741
1679382026770,1679382026787
1679382026839,1679382026849
1679382026987,1679382027000
1679382026991,1679382027071
1679382027131,1679382027155
1679382027127,1679382027163
1679382027143,1679382027183
1679382027288,1679382027322
1679382027329,1679382027343
1679382027230,1679382027410
1679382027394,1679382027417
1679382027359,1679382027423
1679382027423,1679382027512
1679382027566,1679382027570
1679382027539,1679382027598
1679382027589,1679382027623
1679382027571,1679382027632
1679382027658,1679382027667
1679382027635,1679382027678
1679382027758,1679382027766
1679382027799,1679382027821
1679382027723,1679382027821
1679382027771,1679382027840
1679382027822,1679382027910
1679382027883,1679382027957
1679382028020,1679382028042
1679382027993,1679382028043
1679382027950,1679382028053
1679382028074,1679382028082
1679382028161,1679382028169
1679382028232,1679382028247
1679382028351,1679382028402
1679382028443,1679382028485
1679382028453,1679382028489
1679382028473,1679382028503
1679382028493,1679382028506
1679382028428,1679382028557
1679382028539,1679382028582
1679382028575,1679382028722
1679382028711,1679382028735
1679382028758,1679382028778
1679382028591,1679382028804
1679382028739,1679382028837
1679382029092,1679382029127
1679382029184,1679382029233
1679382029227,1679382029263
1679382029279,1679382029315
1679382029332,1679382029402
1679382029500,1679382029507
1679382029503,1679382029516
1679382029523,1679382029553
1679382029540,1679382029561
1679382029578,1679382029587
1679382029551,1679382029596
1679382029567,1679382029600
1679382029514,1679382029655
1679382029638,1679382029668
1679382029545,1679382029762
1679382029731,1679382029766
1679382029782,1679382029803
1679382029751,1679382029812
1679382029768,1679382029818
1679382029853,1679382029879
1679382029920,1679382029958
1679382029947,1679382029963
1679382030071,1679382030145
1679382030089,1679382030146
1679382030224,1679382030277
1679382030304,1679382030323
1679382030392,1679382030470
1679382030476,1679382030499
1679382030640,1679382030663
1679382030648,1679382030723
1679382030724,1679382030732
1679382030669,1679382030749
1679382030761,1679382030777
1679382030675,1679382030780
1679382030708,1679382030798
1679382030787,1679382030819
1679382030823,1679382030858
1679382030909,1679382030943
1679382030943,1679382030986
1679382030979,1679382030993
1679382030904,1679382031037
1679382030971,1679382031126
1679382031132,1679382031152
1679382031032,1679382031178
1679382031180,1679382031191
1679382031209,1679382031224
1679382031319,1679382031334
1679382031506,1679382031593
1679382031520,1679382031660
1679382031556,1679382031722
1679382031680,1679382031852
1679382031788,1679382031856
1679382031828,1679382031865
1679382032025,1679382032028
1679382032126,1679382032166
1679382032260,1679382032270
1679382032156,1679382032270
1679382032364,1679382032379
1679382032365,1679382032380
1679382032367,1679382032454
1679382032356,1679382032474
1679382032437,1679382032484
1679382032405,1679382032518
1679382032354,1679382032520
1679382032564,1679382032603
1679382032641,1679382032671
1679382032417,1679382032694
1679382032680,1679382032705
1679382032714,1679382032722
1679382032693,1679382032730
1679382032660,1679382032779
1679382032723,1679382032820
1679382032821,1679382032834
1679382032846,1679382032849
1679382032902,1679382032910
1679382032869,1679382033002
1679382032981,1679382033016
1679382033117,1679382033154
1679382033242,1679382033270
1679382033265,1679382033275
1679382033084,1679382033298
1679382033312,1679382033322
1679382033410,1679382033533
1679382033501,1679382033544
1679382033573,1679382033593
1679382033609,1679382033644
1679382033521,1679382033654
1679382033706,1679382033730
1679382033737,1679382033765
1679382033817,1679382033865
1679382033945,1679382034032
1679382033922,1679382034045
1679382034054,1679382034077
1679382034176,1679382034206
1679382034250,1679382034276
1679382034225,1679382034328
1679382034284,1679382034361
1679382034330,1679382034370
1679382034253,1679382034381
1679382034373,1679382034392
1679382034365,1679382034439
1679382034445,1679382034451
1679382034452,1679382034481
1679382034521,1679382034566
1679382034528,1679382034571
1679382034589,1679382034593
1679382034619,1679382034623
1679382034709,1679382034745
1679382034781,1679382034837
1679382034877,1679382034889
1679382034971,1679382034989
1679382035001,1679382035061
1679382035062,1679382035069
1679382035114,1679382035201
1679382035243,1679382035249
1679382035306,1679382035360
1679382035436,1679382035440
1679382035481,1679382035531
1679382035549,1679382035602
1679382035589,1679382035644
1679382035573,1679382035656
1679382035762,1679382035821
1679382035814,1679382035838
1679382035765,1679382035878
1679382035857,1679382035893
1679382035913,1679382035920
1679382035904,1679382035931
1679382035893,1679382035946
1679382035957,1679382035977
1679382036109,1679382036141
1679382036229,1679382036261
1679382036317,1679382036324
1679382036418,1679382036460
1679382036481,1679382036540
1679382036553,1679382036590
1679382036601,1679382036618
1679382036608,1679382036684
1679382036698,1679382036730
1679382036790,1679382036805
1679382036724,1679382036808
1679382036828,1679382036893
1679382036937,1679382036965
1679382037000,1679382037029
1679382037088,1679382037096
1679382037177,1679382037181
1679382037285,1679382037296
1679382037273,1679382037319
1679382037456,1679382037476
1679382037581,1679382037665
1679382037445,1679382037673
1679382037724,1679382037756
1679382037745,1679382037762
1679382037789,1679382037793
1679382037818,1679382037847
1679382037772,1679382037908
1679382037897,1679382037914
1679382037950,1679382037980
1679382038005,1679382038039
1679382038026,1679382038040
1679382038121,1679382038168
1679382038267,1679382038292
1679382038267,1679382038299
1679382038285,1679382038370
1679382038340,1679382038377
1679382038417,1679382038435
1679382038421,1679382038519
1679382038541,1679382038560
1679382038677,1679382038681
1679382038997,1679382039019
1679382039141,1679382039161
1679382039120,1679382039170
1679382039277,1679382039280
1679382039212,1679382039316
1679382039360,1679382039363
1679382039315,1679382039396
1679382039340,1679382039464
1679382039468,1679382039489
1679382039488,1679382039495
1679382039531,1679382039541
1679382039501,1679382039583
1679382039597,1679382039612
1679382039553,1679382039673
1679382039635,1679382039699
1679382039692,1679382039719
1679382039676,1679382039727
1679382039568,1679382039745
1679382039779,1679382039860
1679382040001,1679382040021
1679382040040,1679382040064
1679382040113,1679382040137
1679382040208,1679382040218
1679382040309,1679382040426
1679382040628,1679382040678
1679382040648,1679382040690
1679382040592,1679382040691
1679382040773,1679382040786
1679382040840,1679382040853
1679382040992,1679382041070
1679382041073,1679382041094
1679382041095,1679382041105
1679382040991,1679382041112
1679382041016,1679382041126
1679382040999,1679382041195
1679382041244,1679382041334
1679382041289,1679382041344
1679382041172,1679382041346
1679382041216,1679382041348
1679382041297,1679382041350
1679382041351,1679382041400
1679382041368,1679382041415
1679382041397,1679382041466
1679382041484,1679382041522
1679382041757,1679382041764
1679382041869,1679382041903
1679382041892,1679382041914
1679382041957,1679382041979
1679382041976,1679382041982
1679382042005,1679382042037
1679382042085,1679382042089
1679382042099,1679382042125
1679382042249,1679382042286
1679382042293,1679382042329
1679382042364,1679382042398
1679382042377,1679382042399
1679382042431,1679382042435
1679382042484,1679382042580
1679382042644,1679382042672
1679382042652,1679382042681
1679382042705,1679382042754
1679382042712,1679382042758
1679382042719,1679382042821
1679382042813,1679382042842
1679382042801,1679382042869
1679382043005,1679382043038
1679382043117,1679382043152
1679382043130,1679382043209
1679382043146,1679382043272
1679382043365,1679382043415
1679382043493,1679382043508
1679382043476,1679382043561
1679382043640,1679382043649
1679382043670,1679382043732
1679382043728,1679382043747
1679382043604,1679382043795
1679382043786,1679382043795
1679382043736,1679382043809
1679382043785,1679382043931
1679382043944,1679382043979
1679382043973,1679382044027
1679382044092,1679382044109
1679382044068,1679382044113
1679382044145,1679382044168
1679382044260,1679382044291
1679382044260,1679382044404
1679382044385,1679382044417
1679382044409,1679382044422
1679382044389,1679382044493
1679382044505,1679382044585
1679382044507,1679382044600
1679382044605,1679382044640
1679382044565,1679382044650
1679382044830,1679382044847
1679382044856,1679382044859
1679382044856,1679382044869
1679382044872,1679382044892
1679382044912,1679382044920
1679382045025,1679382045049
1679382045061,1679382045072
1679382045097,1679382045108
1679382045129,1679382045173
1679382045196,1679382045217
1679382045481,1679382045488
1679382045456,1679382045500
1679382045465,1679382045569
1679382045563,1679382045656
1679382045629,1679382045669
1679382045653,1679382045675
1679382045715,1679382045722
1679382045720,1679382045725
1679382045788,1679382045801
1679382045786,1679382045817
1679382045816,1679382045835
1679382045741,1679382045862
1679382045915,1679382045947
1679382045954,1679382045970
1679382045916,1679382045980
1679382045985,1679382045997
1679382045957,1679382046011
1679382045973,1679382046013
1679382045977,1679382046022
1679382045999,1679382046071
1679382045928,1679382046077
1679382045998,1679382046116
1679382045943,1679382046139
1679382046096,1679382046150
1679382046066,1679382046183
1679382045962,1679382046189
1679382045960,1679382046197
1679382045995,1679382046238
1679382046013,1679382046243
1679382045951,1679382046254
1679382046026,1679382046255
1679382046012,1679382046272
1679382045985,1679382046285
1679382045938,1679382046285
1679382046140,1679382046293
1679382046044,1679382046316
1679382046028,1679382046318
1679382046005,1679382046322
1679382046038,1679382046348
1679382046128,1679382046353
1679382046035,1679382046371
1679382045935,1679382046383
1679382046106,1679382046393
1679382046033,1679382046407
1679382045958,1679382046423
1679382045956,1679382046440
1679382046398,1679382046466
1679382045945,1679382046481
1679382046465,1679382046504
1679382046509,1679382046522
1679382046541,1679382046554
1679382046001,1679382046566
1679382045988,1679382046571
1679382045980,1679382046580
1679382046001,1679382046586
1679382046580,1679382046599
1679382046005,1679382046633
1679382046724,1679382046729
1679382046756,1679382046780
1679382046761,1679382046784
1679382046719,1679382046878
1679382046920,1679382047033
1679382047137,1679382047147
1679382047155,1679382047167
1679382047164,1679382047207
1679382047232,1679382047302
1679382047294,1679382047316
1679382047330,1679382047339
1679382047673,1679382047698
1679382047689,1679382047781
1679382047862,1679382047873
1679382047921,1679382047928
1679382047885,1679382047933
1679382047924,1679382048007
1679382048024,1679382048043
1679382047948,1679382048061
1679382048114,1679382048117
1679382048128,1679382048152
1679382048049,1679382048158
1679382048068,1679382048167
1679382048178,1679382048203
1679382048152,1679382048206
1679382048168,1679382048244
1679382048221,1679382048291
1679382048317,1679382048338
1679382048365,1679382048383
1679382048385,1679382048404
1679382048465,1679382048472
1679382048679,1679382048706
1679382048706,1679382048735
1679382048561,1679382048736
1679382048725,1679382048779
1679382048825,1679382048838
1679382048829,1679382048842
1679382048844,1679382048864
1679382048589,1679382048870
1679382048884,1679382048916
1679382048945,1679382048961
1679382049026,1679382049037
1679382049101,1679382049127
1679382048905,1679382049129
1679382049091,1679382049149
1679382049161,1679382049200
1679382049153,1679382049201
1679382049154,1679382049231
1679382049041,1679382049267
1679382049205,1679382049294
1679382049281,1679382049305
1679382049302,1679382049315
1679382049265,1679382049328
1679382049076,1679382049340
1679382049145,1679382049344
1679382049312,1679382049358
1679382049300,1679382049398
1679382049274,1679382049399
1679382049370,1679382049415
1679382049320,1679382049416
1679382049223,1679382049422
1679382049386,1679382049429
1679382049373,1679382049477
1679382049494,1679382049501
1679382049339,1679382049568
1679382049326,1679382049605
1679382049578,1679382049606
1679382049582,1679382049646
1679382049715,1679382049728
1679382049606,1679382049788
1679382049762,1679382049815
1679382049757,1679382049816
1679382049834,1679382049871
1679382049847,1679382049872
1679382049715,1679382049929
1679382049955,1679382050006
1679382050009,1679382050014
1679382049987,1679382050026
1679382050082,1679382050090
1679382050098,1679382050106
1679382050079,1679382050110
1679382050118,1679382050153
1679382049955,1679382050194
1679382050211,1679382050256
1679382050243,1679382050258
1679382050192,1679382050291
1679382050284,1679382050309
1679382050273,1679382050321
1679382050521,1679382050526
1679382050522,1679382050581
1679382050330,1679382050593
1679382050554,1679382050600
1679382050618,1679382050625
1679382050612,1679382050635
1679382050459,1679382050639
1679382050629,1679382050662
1679382050738,1679382050770
1679382050748,1679382050774
1679382050757,1679382050781
1679382050723,1679382050790
1679382050754,1679382050811
1679382050735,1679382050816
1679382050796,1679382050817
1679382050805,1679382050833
1679382050691,1679382050913
1679382050930,1679382050936
1679382050909,1679382050985
1679382050965,1679382051004
1679382050954,1679382051024
1679382050969,1679382051027
1679382050900,1679382051094
1679382051062,1679382051165
1679382051123,1679382051167
1679382051133,1679382051173
1679382051105,1679382051206
1679382051170,1679382051216
1679382051182,1679382051243
1679382051270,1679382051310
1679382051310,1679382051316
1679382051341,1679382051349
1679382051362,1679382051384
1679382051351,1679382051405
1679382051482,1679382051497
1679382051381,1679382051530
1679382051467,1679382051582
1679382051434,1679382051597
1679382051486,1679382051617
1679382051576,1679382051622
1679382051484,1679382051655
1679382051806,1679382051811
1679382051806,1679382051827
1679382051588,1679382051867
1679382051855,1679382051886
1679382051658,1679382051942
1679382051897,1679382051976
1679382051890,1679382051981
1679382051933,1679382051998
1679382051903,1679382051998
1679382051838,1679382052007
1679382051994,1679382052019
1679382051904,1679382052022
1679382051966,1679382052052
1679382052088,1679382052114
1679382052112,1679382052135
1679382052186,1679382052196
1679382052161,1679382052216
1679382052210,1679382052267
1679382052268,1679382052281
1679382052242,1679382052282
1679382052287,1679382052305
1679382052336,1679382052350
1679382052366,1679382052373
1679382052373,1679382052384
1679382052340,1679382052394
1679382052442,1679382052486
1679382052486,1679382052488
1679382052490,1679382052503
1679382052502,1679382052536
1679382052485,1679382052569
1679382052595,1679382052604
1679382052651,1679382052679
1679382052704,1679382052740
1679382052746,1679382052750
1679382052704,1679382052769
1679382052739,1679382052772
1679382052790,1679382052806
1679382052790,1679382052813
1679382052707,1679382052818
1679382052991,1679382053044
1679382052997,1679382053079
1679382053044,1679382053118
1679382052909,1679382053131
1679382052850,1679382053147
1679382053164,1679382053173
1679382053144,1679382053176
1679382053044,1679382053179
1679382053138,1679382053214
1679382053236,1679382053242
1679382053141,1679382053257
1679382053283,1679382053290
1679382053284,1679382053334
1679382053306,1679382053340
1679382053533,1679382053567
1679382053548,1679382053596
1679382053604,1679382053626
1679382053643,1679382053671
1679382053685,1679382053701
1679382053697,1679382053731
1679382053733,1679382053737
1679382053768,1679382053804
1679382053732,1679382053814
1679382053814,1679382053823
1679382053697,1679382053840
1679382053848,1679382053860
1679382053847,1679382053876
1679382053844,1679382053876
1679382053924,1679382053968
1679382053942,1679382053970
1679382053972,1679382053986
1679382053916,1679382054004
1679382054044,1679382054150
1679382054124,1679382054187
1679382054125,1679382054196
1679382054022,1679382054221
1679382054219,1679382054234
1679382054240,1679382054252
1679382054182,1679382054312
1679382054298,1679382054322
1679382054222,1679382054430
1679382054356,1679382054438
1679382054407,1679382054453
1679382054446,1679382054461
1679382054358,1679382054468
1679382054281,1679382054476
1679382054493,1679382054498
1679382054486,1679382054510
1679382054355,1679382054554
1679382054516,1679382054582
1679382054107,1679382054587
1679382054231,1679382054590
1679382054554,1679382054612
1679382054166,1679382054629
1679382054270,1679382054640
1679382054643,1679382054650
1679382054562,1679382054676
1679382054478,1679382054687
1679382054648,1679382054689
1679382054618,1679382054704
1679382054679,1679382054711
1679382054705,1679382054748
1679382054718,1679382054749
1679382054498,1679382054792
1679382054746,1679382054820
1679382054768,1679382054833
1679382054817,1679382054853
1679382054750,1679382054879
1679382054766,1679382054895
1679382054941,1679382054992
1679382054989,1679382055054
1679382054925,1679382055072
1679382055007,1679382055073
1679382054958,1679382055091
1679382055100,1679382055106
1679382055161,1679382055182
1679382055178,1679382055201
1679382055194,1679382055206
1679382055198,1679382055228
1679382055263,1679382055276
1679382055257,1679382055289
1679382055260,1679382055363
1679382055316,1679382055375
1679382055407,1679382055410
1679382055400,1679382055431
1679382055438,1679382055448
1679382055459,1679382055486
1679382055464,1679382055514
1679382055595,1679382055643
1679382055687,1679382055704
1679382055626,1679382055754
1679382055768,1679382055780
1679382055763,1679382055798
1679382055851,1679382055865
1679382055740,1679382055976
1679382056056,1679382056080
1679382056095,1679382056099
1679382056156,1679382056171
1679382056179,1679382056192
1679382056210,1679382056260
1679382056259,1679382056266
1679382056274,1679382056296
1679382056301,1679382056308
1679382056350,1679382056356
1679382056329,1679382056372
1679382056535,1679382056573
1679382056569,1679382056582
1679382056631,1679382056636
1679382056736,1679382056776
1679382056770,1679382056822
1679382056831,1679382056864
1679382056633,1679382056876
1679382056882,1679382056909
1679382056795,1679382056914
1679382056999,1679382057005
1679382056881,1679382057005
1679382056895,1679382057007
1679382056986,1679382057026
1679382056888,1679382057029
1679382057009,1679382057034
1679382056962,1679382057061
1679382057047,1679382057070
1679382056918,1679382057095
1679382057090,1679382057117
1679382057086,1679382057157
1679382057130,1679382057157
1679382057146,1679382057223
1679382057162,1679382057233
1679382057158,1679382057233
1679382057180,1679382057285
1679382057194,1679382057309
1679382057273,1679382057349
1679382057266,1679382057354
1679382057338,1679382057384
1679382057243,1679382057390
1679382057325,1679382057392
1679382057349,1679382057406
1679382057529,1679382057532
1679382057570,1679382057591
1679382057574,1679382057597
1679382057651,1679382057657
1679382057686,1679382057700
1679382057627,1679382057704
1679382057666,1679382057729
1679382057754,1679382057768
1679382057849,1679382057914
1679382057809,1679382057934
1679382057762,1679382057949
1679382057780,1679382057989
1679382057972,1679382057992
1679382057993,1679382058009
1679382057844,1679382058010
1679382057851,1679382058039
1679382058059,1679382058066
1679382057938,1679382058084
1679382057827,1679382058094
1679382058007,1679382058154
1679382058127,1679382058190
1679382058225,1679382058228
1679382058242,1679382058255
1679382058230,1679382058269
1679382058332,1679382058340
1679382058314,1679382058350
1679382058280,1679382058426
1679382058382,1679382058439
1679382058438,1679382058453
1679382058364,1679382058459
1679382058465,1679382058481
1679382058461,1679382058502
1679382058278,1679382058544
1679382058435,1679382058557
1679382058378,1679382058604
1679382058538,1679382058642
1679382058645,1679382058650
1679382058608,1679382058661
1679382058631,1679382058693
1679382058842,1679382058847
1679382058758,1679382058848
1679382058873,1679382058894
1679382058886,1679382058910
1679382058845,1679382058949
1679382058881,1679382058957
1679382058881,1679382058964
1679382058833,1679382058996
1679382058946,1679382059072
1679382059053,1679382059078
1679382059018,1679382059132
1679382059106,1679382059132
1679382059158,1679382059175
1679382059192,1679382059202
1679382059183,1679382059212
1679382059119,1679382059213
1679382059234,1679382059263
1679382059370,1679382059376
1679382059350,1679382059407
1679382059386,1679382059422
1679382059350,1679382059439
1679382059338,1679382059472
1679382059232,1679382059474
1679382059498,1679382059537
1679382059539,1679382059581
1679382059560,1679382059582
1679382059567,1679382059587
1679382059627,1679382059641
1679382059606,1679382059690
1679382059721,1679382059733
1679382059724,1679382059733
1679382059763,1679382059771
1679382059744,1679382059813
1679382059667,1679382059874
1679382059830,1679382059903
1679382059891,1679382059942
1679382059937,1679382059959
1679382060080,1679382060084
1679382060065,1679382060109
1679382060137,1679382060205
1679382060221,1679382060225
1679382060215,1679382060226
1679382060221,1679382060256
1679382060246,1679382060263
1679382060258,1679382060291
1679382060287,1679382060293
1679382060231,1679382060316
1679382060327,1679382060341
1679382060387,1679382060415
1679382060419,1679382060434
1679382060445,1679382060469
1679382060278,1679382060517
1679382060507,1679382060526
1679382060589,1679382060620
1679382060643,1679382060697
1679382060679,1679382060712
1679382060725,1679382060730
1679382060674,1679382060740
1679382060643,1679382060754
1679382060858,1679382060944
1679382060964,1679382060991
1679382060882,1679382060997
1679382060865,1679382061029
1679382061007,1679382061046
1679382060984,1679382061086
1679382061088,1679382061092
1679382061036,1679382061167
1679382060988,1679382061173
1679382061116,1679382061194
1679382061055,1679382061214
1679382061163,1679382061223
1679382061098,1679382061224
1679382061247,1679382061261
1679382061153,1679382061263
1679382061307,1679382061349
1679382061352,1679382061413
1679382061400,1679382061417
1679382061408,1679382061456
1679382061471,1679382061476
1679382061457,1679382061495
1679382061433,1679382061497
1679382061544,1679382061565
1679382061606,1679382061627
1679382061527,1679382061659
1679382061706,1679382061715
1679382061716,1679382061745
1679382061746,1679382061758
1679382061728,1679382061770
1679382061707,1679382061785
1679382061778,1679382061822
1679382061806,1679382061840
1679382061768,1679382061843
1679382061820,1679382061845
1679382061929,1679382061964
1679382061983,1679382061989
1679382061951,1679382062055
1679382062189,1679382062198
1679382062168,1679382062218
1679382062209,1679382062223
1679382062216,1679382062270
1679382062304,1679382062312
1679382062310,1679382062335
1679382062323,1679382062348
1679382062358,1679382062364
1679382062403,1679382062464
1679382062438,1679382062494
1679382062492,1679382062549
1679382062492,1679382062603
1679382062532,1679382062624
1679382062559,1679382062646
1679382062624,1679382062695
1679382062692,1679382062720
1679382062723,1679382062756
1679382062616,1679382062777
1679382062711,1679382062800
1679382062812,1679382062845
1679382062751,1679382062866
1679382062831,1679382062891
1679382062695,1679382062928
1679382062783,1679382062929
1679382062971,1679382063013
1679382062880,1679382063018
1679382062927,1679382063041
1679382063007,1679382063051
1679382063013,1679382063054
1679382063000,1679382063103
1679382062967,1679382063120
1679382063095,1679382063132
1679382062960,1679382063135
1679382063074,1679382063137
1679382063103,1679382063148
1679382063016,1679382063173
1679382063124,1679382063214
1679382063212,1679382063216
1679382063214,1679382063219
1679382062978,1679382063232
1679382063208,1679382063271
1679382063234,1679382063289
1679382063271,1679382063310
1679382063328,1679382063346
1679382063287,1679382063353
1679382063331,1679382063362
1679382063400,1679382063436
1679382063428,1679382063503
1679382063473,1679382063547
1679382063533,1679382063581
1679382063536,1679382063584
1679382063541,1679382063607
1679382063624,1679382063783
1679382063773,1679382063806
1679382063644,1679382063809
1679382063816,1679382063829
1679382063783,1679382063854
1679382063732,1679382063945
1679382063869,1679382063957
1679382063888,1679382063977
1679382063964,1679382064030
1679382063985,1679382064036
1679382064049,1679382064101
1679382064165,1679382064175
1679382064061,1679382064261
1679382064182,1679382064292
1679382064248,1679382064298
1679382064496,1679382064538
1679382064584,1679382064604
1679382064543,1679382064609
1679382064529,1679382064633
1679382064584,1679382064639
1679382064652,1679382064669
1679382064739,1679382064751
1679382064792,1679382064807
1679382064831,1679382064847
1679382064641,1679382064850
1679382064844,1679382064867
1679382064897,1679382064962
1679382064935,1679382064968
1679382064988,1679382064993
1679382065010,1679382065030
1679382065025,1679382065040
1679382065084,1679382065092
1679382065000,1679382065099
1679382065104,1679382065119
1679382065010,1679382065125
1679382065093,1679382065137
1679382065084,1679382065169
1679382065185,1679382065190
1679382065118,1679382065205
1679382065026,1679382065218
1679382065190,1679382065235
1679382065239,1679382065245
1679382065220,1679382065278
1679382065276,1679382065341
1679382065244,1679382065385
1679382065380,1679382065390
1679382065386,1679382065394
1679382065430,1679382065457
1679382065391,1679382065492
1679382065548,1679382065556
1679382065455,1679382065573
1679382065513,1679382065582
1679382065620,1679382065660
1679382065658,1679382065752
1679382065733,1679382065766
1679382065587,1679382065766
1679382065636,1679382065777
1679382065685,1679382065779
1679382065789,1679382065807
1679382065801,1679382065807
1679382065579,1679382065814
1679382065656,1679382065829
1679382065889,1679382065912
1679382065967,1679382066047
1679382065946,1679382066063
1679382066095,1679382066173
1679382066230,1679382066249
1679382066229,1679382066316
1679382066381,1679382066417
1679382066481,1679382066534
1679382066581,1679382066687
1679382066661,1679382066734
1679382066700,1679382066744
1679382066797,1679382066855
1679382066877,1679382066915
1679382066977,1679382066994
1679382067108,1679382067130
1679382067117,1679382067134
1679382067113,1679382067143
1679382067161,1679382067166
1679382067141,1679382067167
1679382067205,1679382067216
1679382067361,1679382067371
1679382067510,1679382067530
1679382067601,1679382067620
1679382067631,1679382067643
1679382067649,1679382067653
1679382067621,1679382067675
1679382067734,1679382067768
1679382067681,1679382067792
1679382067849,1679382067864
1679382067885,1679382067890
1679382067885,1679382067911
1679382068052,1679382068068
1679382068150,1679382068173
1679382068173,1679382068176
1679382068325,1679382068341
1679382068337,1679382068363
1679382068372,1679382068376
1679382068286,1679382068460
1679382068453,1679382068552
1679382068449,1679382068557
1679382068481,1679382068585
1679382068509,1679382068631
1679382068659,1679382068708
1679382068713,1679382068778
1679382068812,1679382068849
1679382068814,1679382068891
1679382068769,1679382068914
1679382068942,1679382068969
1679382068976,1679382068992
1679382069022,1679382069034
1679382068942,1679382069041
1679382069077,1679382069100
1679382069173,1679382069187
1679382069472,1679382069492
1679382069388,1679382069511
1679382069549,1679382069604
1679382069672,1679382069697
1679382069608,1679382069707
1679382069648,1679382069740
1679382069633,1679382069824
1679382069956,1679382069975
1679382069916,1679382070015
1679382070055,1679382070074
1679382069968,1679382070147
1679382070085,1679382070148
1679382070149,1679382070173
1679382070085,1679382070207
1679382070152,1679382070222
1679382070281,1679382070341
1679382070259,1679382070356
1679382070141,1679382070382
1679382070276,1679382070394
1679382070547,1679382070561
1679382070540,1679382070610
1679382070629,1679382070652
1679382070725,1679382070746
1679382070761,1679382070778
1679382070949,1679382070962
1679382071064,1679382071080
1679382071140,1679382071155
1679382071070,1679382071177
1679382071204,1679382071218
1679382071336,1679382071345
1679382071376,1679382071388
1679382071428,1679382071452
1679382071448,1679382071459
1679382071492,1679382071499
1679382071457,1679382071509
1679382071525,1679382071564
1679382071460,1679382071582
1679382071494,1679382071592
1679382071663,1679382071728
1679382071772,1679382071784
1679382071776,1679382071795
1679382071876,1679382071907
1679382071973,1679382071999
1679382071957,1679382072045
1679382072016,1679382072049
1679382072071,1679382072096
1679382072068,1679382072171
1679382072147,1679382072247
1679382072305,1679382072310
1679382072325,1679382072390
1679382072485,1679382072508
1679382072528,1679382072546
1679382072593,1679382072614
1679382072629,1679382072647
1679382072652,1679382072691
1679382072667,1679382072758
1679382072672,1679382072769
1679382072779,1679382072899
1679382072919,1679382072939
1679382072884,1679382072950
1679382072893,1679382072991
1679382073057,1679382073068
1679382073059,1679382073087
1679382073158,1679382073169
1679382073171,1679382073231
1679382073169,1679382073269
1679382073262,1679382073278
1679382073350,1679382073366
1679382073609,1679382073650
1679382073652,1679382073677
1679382073641,1679382073678
1679382073727,1679382073737
1679382073809,1679382073869
1679382073831,1679382073880
1679382073929,1679382073980
1679382074017,1679382074066
1679382074021,1679382074100
1679382073988,1679382074104
1679382073922,1679382074110
1679382074129,1679382074135
1679382074104,1679382074136
1679382074108,1679382074152
1679382074172,1679382074208
1679382074245,1679382074253
1679382074238,1679382074297
1679382074317,1679382074342
1679382074677,1679382074755
1679382074808,1679382074834
1679382074821,1679382074901
1679382074724,1679382074946
1679382074872,1679382074947
1679382074881,1679382074973
1679382074911,1679382074977
1679382074992,1679382075037
1679382075068,1679382075087
1679382075113,1679382075129
1679382075137,1679382075147
1679382075165,1679382075171
1679382075264,1679382075287
1679382075185,1679382075319
1679382075369,1679382075417
1679382075385,1679382075485
1679382075549,1679382075612
1679382075633,1679382075677
1679382075521,1679382075690
1679382075709,1679382075723
1679382075505,1679382075745
1679382075822,1679382075916
1679382075945,1679382075999
1679382076021,1679382076078
1679382076034,1679382076101
1679382076096,1679382076161
1679382076341,1679382076352
1679382076386,1679382076402
1679382076478,1679382076490
1679382076527,1679382076541
1679382076485,1679382076550
1679382076471,1679382076553
1679382076405,1679382076662
1679382076428,1679382076733
1679382076449,1679382076739
1679382076439,1679382076837
1679382076418,1679382076840
1679382076531,1679382076870
1679382076392,1679382076873
1679382076414,1679382076882
1679382076449,1679382076893
1679382076292,1679382076908
1679382076499,1679382076956
1679382076322,1679382077022
1679382076356,1679382077065
1679382076392,1679382077081
1679382076653,1679382077091
1679382076495,1679382077095
1679382076468,1679382077117
1679382076511,1679382077129
1679382076824,1679382077146
1679382077014,1679382077195
1679382076506,1679382077204
1679382076730,1679382077217
1679382076748,1679382077228
1679382076508,1679382077246
1679382076564,1679382077271
1679382076532,1679382077285
1679382076454,1679382077293
1679382076483,1679382077323
1679382076570,1679382077329
1679382076550,1679382077367
1679382076414,1679382077396
1679382076443,1679382077470
1679382076706,1679382077487
1679382077393,1679382077489
1679382077349,1679382077521
1679382076395,1679382077523
1679382076446,1679382077526
1679382076494,1679382077545
1679382076424,1679382077568
1679382077440,1679382077631
1679382076400,1679382077798
1679382076520,1679382077842
1679382076461,1679382077849
1679382076541,1679382077851
1679382076460,1679382077871
1679382076423,1679382077898
1679382076510,1679382077938
1679382076432,1679382077938
1679382076901,1679382077966
1679382077079,1679382077981
1679382077965,1679382077991
1679382076615,1679382077997
1679382077968,1679382078003
1679382077990,1679382078045
1679382077289,1679382078061
1679382078115,1679382078143
1679382077765,1679382078160
1679382076466,1679382078175
1679382078017,1679382078183
1679382076387,1679382078248
1679382078313,1679382078319
1679382076490,1679382078334
1679382078269,1679382078366
1679382078133,1679382078426
1679382076478,1679382078428
1679382078362,1679382078507
1679382078445,1679382078563
1679382078329,1679382078650
1679382078545,1679382078742
1679382078421,1679382078744
1679382078593,1679382078785
1679382078656,1679382078828
1679382078810,1679382078832
1679382078305,1679382078860
1679382078513,1679382078891
1679382078880,1679382078892
1679382078823,1679382078899
1679382078893,1679382078917
1679382078722,1679382078941
1679382078905,1679382078954
1679382076970,1679382078956
1679382078981,1679382079071
1679382079008,1679382079077
1679382078999,1679382079125
1679382079085,1679382079162
1679382079193,1679382079209
1679382079095,1679382079221
1679382079233,1679382079245
1679382079301,1679382079311
1679382079016,1679382079331
1679382079321,1679382079380
1679382079372,1679382079388
1679382079355,1679382079416
1679382079410,1679382079493
1679382079481,1679382079503
1679382079537,1679382079545
1679382079621,1679382079637
1679382079540,1679382079664
1679382079615,1679382079670
1679382079671,1679382079693
1679382079692,1679382079724
1679382079363,1679382079725
1679382079671,1679382079793
1679382079656,1679382079812
1679382079557,1679382079874
1679382079819,1679382079892
1679382079877,1679382079900
1679382079853,1679382079918
1679382079666,1679382079942
1679382079970,1679382080038
1679382080011,1679382080095
1679382080050,1679382080119
1679382080063,1679382080197
1679382080009,1679382080215
1679382080024,1679382080414
1679382080182,1679382080490
1679382080288,1679382080496
1679382080353,1679382080508
1679382079978,1679382080539
1679382080073,1679382080621
1679382080512,1679382080631
1679382080454,1679382080649
1679382080518,1679382080672
1679382080108,1679382080674
1679382080654,1679382080713
1679382080138,1679382080723
1679382080006,1679382080729
1679382080457,1679382080765
1679382080124,1679382080768
1679382080332,1679382080770
1679382080405,1679382080808
1679382080750,1679382080814
1679382080821,1679382080847
1679382080842,1679382080869
1679382080866,1679382080926
1679382080924,1679382080932
1679382080442,1679382080944
1679382080764,1679382081048
1679382080927,1679382081054
1679382080945,1679382081056
1679382081063,1679382081101
1679382081077,1679382081109
1679382081129,1679382081135
1679382080979,1679382081149
1679382080919,1679382081156
1679382081030,1679382081229
1679382081175,1679382081235
1679382081234,1679382081249
1679382081116,1679382081251
1679382081222,1679382081275
1679382080824,1679382081275
1679382080934,1679382081324
1679382081168,1679382081326
1679382081345,1679382081365
1679382081475,1679382081499
1679382080954,1679382081501
1679382081503,1679382081515
1679382081246,1679382081528
1679382081349,1679382081543
1679382081503,1679382081550
1679382081063,1679382081595
1679382081362,1679382081613
1679382081252,1679382081635
1679382081551,1679382081646
1679382081699,1679382081741
1679382081714,1679382081746
1679382081819,1679382081854
1679382081836,1679382081869
1679382081875,1679382081879
1679382081895,1679382081904
1679382081986,1679382081995
1679382082038,1679382082059
1679382082045,1679382082095
1679382082075,1679382082101
1679382081998,1679382082131
1679382082081,1679382082132
1679382082106,1679382082135
1679382082178,1679382082233
1679382082231,1679382082256
1679382082271,1679382082282
1679382082143,1679382082291
1679382082334,1679382082415
1679382082329,1679382082442
1679382082503,1679382082508
1679382082449,1679382082521
1679382082512,1679382082549
1679382082542,1679382082552
1679382082549,1679382082552
1679382082558,1679382082572
1679382082572,1679382082589
1679382082590,1679382082602
1679382082609,1679382082631
1679382082582,1679382082637
1679382082642,1679382082703
1679382082739,1679382082755
1679382082724,1679382082811
1679382082794,1679382082812
1679382082818,1679382082842
1679382082810,1679382082875
1679382082945,1679382083005
1679382082994,1679382083031
1679382082954,1679382083053
1679382082986,1679382083066
1679382083058,1679382083086
1679382083099,1679382083135
1679382083078,1679382083150
1679382083149,1679382083153
1679382083222,1679382083244
1679382083278,1679382083321
1679382083327,1679382083353
1679382083430,1679382083434
1679382083446,1679382083455
1679382083444,1679382083457
1679382083384,1679382083494
1679382083492,1679382083495
1679382083506,1679382083520
1679382083468,1679382083556
1679382083438,1679382083587
1679382083615,1679382083646
1679382083461,1679382083649
1679382083567,1679382083661
1679382083647,1679382083669
1679382083518,1679382083675
1679382083590,1679382083688
1679382083602,1679382083704
1679382083644,1679382083741
1679382083770,1679382083810
1679382083750,1679382083881
1679382083832,1679382083902
1679382083810,1679382083905
1679382083471,1679382083913
1679382083924,1679382083974
1679382083846,1679382084011
1679382083697,1679382084064
1679382084035,1679382084074
1679382084088,1679382084156
1679382083654,1679382084190
1679382084034,1679382084222
1679382084194,1679382084323
1679382084200,1679382084354
1679382084098,1679382084375
1679382084238,1679382084375
1679382084329,1679382084377
1679382084256,1679382084386
1679382084252,1679382084386
1679382083902,1679382084402
1679382084088,1679382084406
1679382084203,1679382084446
1679382084336,1679382084449
1679382083918,1679382084478
1679382084125,1679382084523
1679382084358,1679382084530
1679382084488,1679382084566
1679382084147,1679382084594
1679382084641,1679382084694
1679382084807,1679382084813
1679382084679,1679382084868
1679382084310,1679382084891
1679382084735,1679382084917
1679382084022,1679382084984
1679382084487,1679382085009
1679382084794,1679382085029
1679382084636,1679382085079
1679382084717,1679382085104
1679382084719,1679382085159
1679382084868,1679382085167
1679382085022,1679382085180
1679382085064,1679382085190
1679382085151,1679382085191
1679382085087,1679382085206
1679382084802,1679382085211
1679382084632,1679382085211
1679382084974,1679382085213
1679382084612,1679382085233
1679382084813,1679382085234
1679382084691,1679382085274
1679382085228,1679382085305
1679382085180,1679382085345
1679382085233,1679382085379
1679382085202,1679382085383
1679382085361,1679382085419
1679382085436,1679382085447
1679382084676,1679382085466
1679382085351,1679382085481
1679382084612,1679382085483
1679382085524,1679382085554
1679382085290,1679382085624
1679382085505,1679382085662
1679382085351,1679382085683
1679382085622,1679382085712
1679382085565,1679382085733
1679382085556,1679382085786
1679382085847,1679382085881
1679382085558,1679382085892
1679382085720,1679382085917
1679382085804,1679382085954
1679382085541,1679382085971
1679382085955,1679382085988
1679382085514,1679382086102
1679382085756,1679382086117
1679382085996,1679382086129
1679382086142,1679382086161
1679382086183,1679382086193
1679382086082,1679382086224
1679382086188,1679382086229
1679382084457,1679382086235
1679382085755,1679382086236
1679382085807,1679382086278
1679382086220,1679382086284
1679382086257,1679382086292
1679382086328,1679382086333
1679382086175,1679382086384
1679382085898,1679382086424
1679382086403,1679382086470
1679382086411,1679382086487
1679382086418,1679382086493
1679382086536,1679382086569
1679382086644,1679382086709
1679382087168,1679382087182
1679382087103,1679382087228
1679382087214,1679382087243
1679382087348,1679382087393
1679382087466,1679382087475
1679382087879,1679382087949
1679382087935,1679382088041
1679382088183,1679382088192
1679382088283,1679382088299
1679382088399,1679382088526
1679382088495,1679382088634
1679382088559,1679382088636
1679382088684,1679382088707
1679382088783,1679382088791
1679382089027,1679382089050
1679382089067,1679382089164
1679382089187,1679382089229
1679382089254,1679382089301
1679382089527,1679382089567
1679382089682,1679382089724
1679382089642,1679382089774
1679382089942,1679382089962
1679382089999,1679382090075
1679382090110,1679382090177
1679382090113,1679382090197
1679382090209,1679382090289
1679382090559,1679382090596
1679382090730,1679382090736
1679382090738,1679382090753
1679382090969,1679382090998
1679382091031,1679382091090
1679382091047,1679382091091
1679382091104,1679382091123
1679382091318,1679382091356
1679382091496,1679382091515
1679382091442,1679382091557
1679382091498,1679382091598
1679382091510,1679382091638
1679382092029,1679382092087
1679382092099,1679382092133
1679382092176,1679382092196
1679382092567,1679382092573
1679382092479,1679382092600
1679382092480,1679382092678
1679382092704,1679382092779
1679382092863,1679382093095
1679382092746,1679382093098
1679382093084,1679382093111
1679382093272,1679382093297
1679382093276,1679382093299
1679382093568,1679382093607
1679382093612,1679382093628
1679382093849,1679382093879
1679382093748,1679382093884
1679382093956,1679382094118
1679382094172,1679382094204
1679382094524,1679382094534
1679382094625,1679382094648
1679382094685,1679382094694
1679382094693,1679382094736
1679382094684,1679382094772
1679382094804,1679382094831
1679382094952,1679382094958
1679382095093,1679382095119
1679382095225,1679382095258
1679382095305,1679382095339
1679382095532,1679382095545
1679382095865,1679382095868
1679382095893,1679382095919
1679382096053,1679382096080
1679382096128,1679382096164
1679382096205,1679382096209
1679382096334,1679382096381
1679382096379,1679382096421
1679382096785,1679382096798
1679382096764,1679382096907
1679382097038,1679382097049
1679382097105,1679382097111
1679382097169,1679382097221
1679382097257,1679382097404
1679382097542,1679382097589
1679382097677,1679382097685
1679382097709,1679382097752
1679382097700,1679382097779
1679382097793,1679382097817
1679382097854,1679382097968
1679382098137,1679382098157
1679382098280,1679382098421
1679382098333,1679382098430
1679382098557,1679382098605
1679382098714,1679382098723
1679382098885,1679382098891
1679382098889,1679382098945
1679382098888,1679382098985
1679382099028,1679382099063
1679382099052,1679382099098
1679382099072,1679382099105
1679382099308,1679382099313
1679382099585,1679382099600
1679382099705,1679382099719
1679382099757,1679382099815
1679382099865,1679382099933
1679382100093,1679382100109
1679382100169,1679382100266
1679382100285,1679382100309
1679382100308,1679382100362
1679382100500,1679382100520
1679382100556,1679382100572
1679382100557,1679382100593
1679382100659,1679382100745
1679382100912,1679382100978
1679382100955,1679382101018
1679382101225,1679382101246
1679382101233,1679382101277
1679382101277,1679382101308
1679382101278,1679382101312
1679382101625,1679382101650
1679382101744,1679382101813
1679382101760,1679382101848
1679382101732,1679382101893
1679382101945,1679382101956
1679382101783,1679382101963
1679382102252,1679382102315
1679382102313,1679382102325
1679382102453,1679382102512
1679382102644,1679382102665
1679382102792,1679382102900
1679382102868,1679382102907
1679382102868,1679382102979
1679382102991,1679382103001
1679382103056,1679382103069
1679382103123,1679382103142
1679382103136,1679382103142
1679382103316,1679382103328
1679382103492,1679382103554
1679382103576,1679382103635
1679382103676,1679382103678
1679382103875,1679382103899
1679382103952,1679382103967
1679382104140,1679382104149
1679382104273,1679382104279
1679382104354,1679382104382
1679382104412,1679382104418
1679382104301,1679382104607
1679382104480,1679382104614
1679382104728,1679382104764
1679382104897,1679382104918
1679382105138,1679382105154
1679382105109,1679382105159
1679382105304,1679382105365
1679382105368,1679382105390
1679382105301,1679382105436
1679382105430,1679382105442
1679382105469,1679382105707
1679382105629,1679382105729
1679382105585,1679382105736
1679382105870,1679382105879
1679382106258,1679382106331
1679382106265,1679382106360
1679382106461,1679382106479
1679382106533,1679382106538
1679382106706,1679382106711
1679382106753,1679382106790
1679382106780,1679382106795
1679382106929,1679382106932
1679382107062,1679382107146
1679382107044,1679382107165
1679382107096,1679382107175
1679382107071,1679382107207
1679382107085,1679382107219
1679382107111,1679382107234
1679382107112,1679382107249
1679382107102,1679382107262
1679382107101,1679382107293
1679382107117,1679382107328
1679382107224,1679382107337
1679382107075,1679382107340
1679382107116,1679382107385
1679382107087,1679382107389
1679382107064,1679382107398
1679382107091,1679382107398
1679382107094,1679382107400
1679382107124,1679382107443
1679382107082,1679382107463
1679382107410,1679382107484
1679382107128,1679382107508
1679382107081,1679382107536
1679382107173,1679382107538
1679382107458,1679382107614
1679382107600,1679382107650
1679382107704,1679382107863
1679382107861,1679382107933
1679382108028,1679382108058
1679382108012,1679382108118
1679382108028,1679382108141
1679382108354,1679382108361
1679382108521,1679382108585
1679382108581,1679382108600
1679382108568,1679382108610
1679382108632,1679382108654
1679382108865,1679382108877
1679382108725,1679382108895
1679382108889,1679382108913
1679382108889,1679382108958
1679382109020,1679382109036
1679382109061,1679382109082
1679382108972,1679382109121
1679382109104,1679382109138
1679382109139,1679382109184
1679382109088,1679382109205
1679382109041,1679382109216
1679382108989,1679382109229
1679382109249,1679382109259
1679382109299,1679382109340
1679382109280,1679382109391
1679382109286,1679382109411
1679382109440,1679382109459
1679382109323,1679382109460
1679382109428,1679382109497
1679382109291,1679382109522
1679382109402,1679382109580
1679382109684,1679382109714
1679382109598,1679382109745
1679382109708,1679382109746
1679382109773,1679382109793
1679382109774,1679382109793
1679382109880,1679382109892
1679382109927,1679382110029
1679382109990,1679382110031
1679382109903,1679382110040
1679382110000,1679382110050
1679382110184,1679382110188
1679382110259,1679382110301
1679382110371,1679382110407
1679382110394,1679382110413
1679382110394,1679382110441
1679382110316,1679382110479
1679382110605,1679382110611
1679382110627,1679382110634
1679382110711,1679382110730
1679382110745,1679382110848
1679382110856,1679382110860
1679382110823,1679382110927
1679382110871,1679382110930
1679382110876,1679382110961
1679382110967,1679382110990
1679382110959,1679382111020
1679382111025,1679382111042
1679382111005,1679382111053
1679382111063,1679382111077
1679382111031,1679382111097
1679382111085,1679382111108
1679382111163,1679382111194
1679382111182,1679382111262
1679382111294,1679382111309
1679382111283,1679382111336
1679382111307,1679382111337
1679382111458,1679382111463
1679382111450,1679382111466
1679382111510,1679382111545
1679382111633,1679382111673
1679382111498,1679382111691
1679382111700,1679382111715
1679382111799,1679382111805
1679382111818,1679382111829
1679382111795,1679382111859
1679382111885,1679382111917
1679382111870,1679382111921
1679382111963,1679382111971
1679382112006,1679382112019
1679382111881,1679382112102
1679382112230,1679382112235
1679382112234,1679382112251
1679382112266,1679382112310
1679382112270,1679382112355
1679382112342,1679382112400
1679382112398,1679382112440
1679382112451,1679382112471
1679382112522,1679382112555
1679382112570,1679382112591
1679382112494,1679382112664
1679382112710,1679382112731
1679382112534,1679382112742
1679382112708,1679382112753
1679382112704,1679382112824
1679382112672,1679382112829
1679382112854,1679382112892
1679382112698,1679382112933
1679382112962,1679382113010
1679382113027,1679382113038
1679382113046,1679382113050
1679382113114,1679382113140
1679382113172,1679382113176
1679382113157,1679382113184
1679382113157,1679382113185
1679382113206,1679382113219
1679382113284,1679382113302
1679382113389,1679382113439
1679382113392,1679382113458
1679382113504,1679382113583
1679382113501,1679382113589
1679382113632,1679382113652
1679382113676,1679382113699
1679382113729,1679382113733
1679382113802,1679382113820
1679382113797,1679382113827
1679382113813,1679382113837
1679382113820,1679382113863
1679382113821,1679382113871
1679382113965,1679382113976
1679382113952,1679382113993
1679382113983,1679382114015
1679382113994,1679382114134
1679382114200,1679382114227
1679382113989,1679382114249
1679382114245,1679382114301
1679382114078,1679382114351
1679382114323,1679382114376
1679382114404,1679382114422
1679382114499,1679382114515
1679382114518,1679382114526
1679382114518,1679382114534
1679382114623,1679382114657
1679382114697,1679382114703
1679382114673,1679382114713
1679382114722,1679382114727
1679382114803,1679382114829
1679382114704,1679382114834
1679382114851,1679382114877
1679382114875,1679382114915
1679382114952,1679382114991
1679382114899,1679382115002
1679382115003,1679382115055
1679382115107,1679382115134
1679382115171,1679382115180
1679382115253,1679382115256
1679382115279,1679382115301
1679382115451,1679382115460
1679382115503,1679382115522
1679382115487,1679382115553
1679382115487,1679382115627
1679382115615,1679382115689
1679382115710,1679382115734
1679382115738,1679382115749
1679382115743,1679382115764
1679382115811,1679382115829
1679382115763,1679382115858
1679382115922,1679382115977
1679382115967,1679382116037
1679382116119,1679382116135
1679382116034,1679382116153
1679382116182,1679382116327
1679382116245,1679382116328
1679382116334,1679382116371
1679382116288,1679382116417
1679382116443,1679382116459
1679382116461,1679382116517
1679382116495,1679382116522
1679382116403,1679382116535
1679382116435,1679382116536
1679382116491,1679382116571
1679382116559,1679382116619
1679382116724,1679382116735
1679382116783,1679382116814
1679382116751,1679382116817
1679382116875,1679382116905
1679382116919,1679382117188
1679382117068,1679382117274
1679382117474,1679382117502
1679382117523,1679382117554
1679382117591,1679382117619
1679382117650,1679382117673
1679382117694,1679382117709
1679382118123,1679382118148
1679382118149,1679382118223
1679382118142,1679382118365
1679382118354,1679382118430
1679382118526,1679382118535
1679382118698,1679382118718
1679382118634,1679382118743
1679382118759,1679382118788
1679382118839,1679382118874
1679382119032,1679382119042
1679382119106,1679382119114
1679382119379,1679382119396
1679382119273,1679382119406
1679382119627,1679382119689
1679382119691,1679382119700
1679382119727,1679382119738
1679382120236,1679382120292
1679382120344,1679382120358
1679382120380,1679382120509
1679382120489,1679382120534
1679382120560,1679382120656
1679382120859,1679382120887
1679382120852,1679382120930
1679382120883,1679382120991
1679382121081,1679382121128
1679382121020,1679382121431
1679382121409,1679382121541
1679382121651,1679382121656
1679382121680,1679382121694
1679382121925,1679382121978
1679382121833,1679382121987
1679382122000,1679382122034
1679382121996,1679382122073
1679382122305,1679382122401
1679382122580,1679382122587
1679382122789,1679382122811
1679382122860,1679382122930
1679382123001,1679382123073
1679382123169,1679382123237
1679382123405,1679382123438
1679382123497,1679382123524
1679382123530,1679382123629
1679382123661,1679382123697
1679382123673,1679382123949
1679382123964,1679382124012
1679382123970,1679382124084
1679382124249,1679382124261
1679382124434,1679382124480
1679382124542,1679382124596
1679382124906,1679382124931
1679382124918,1679382124946
1679382125054,1679382125089
1679382125077,1679382125127
1679382125010,1679382125160
1679382125410,1679382125443
1679382125561,1679382125570
1679382125858,1679382125862
1679382125953,1679382125973
1679382125954,1679382125995
1679382126095,1679382126160
1679382126151,1679382126194
1679382126133,1679382126242
1679382126457,1679382126478
1679382126577,1679382126657
1679382126769,1679382126774
1679382127031,1679382127130
1679382127261,1679382127274
1679382127272,1679382127277
1679382127289,1679382127324
1679382127451,1679382127465
1679382127436,1679382127497
1679382127409,1679382127524
1679382127381,1679382127572
1679382127397,1679382127608
1679382127420,1679382127618
1679382127407,1679382127631
1679382127374,1679382127717
1679382127425,1679382127726
1679382127424,1679382127797
1679382127399,1679382127868
1679382127361,1679382127869
1679382127406,1679382127885
1679382127446,1679382127934
1679382127435,1679382127961
1679382127375,1679382128092
1679382127454,1679382128130
1679382127379,1679382128140
1679382127491,1679382128222
1679382127433,1679382128271
1679382127395,1679382128276
1679382128277,1679382128299
1679382127688,1679382128383
1679382127429,1679382128460
1679382127401,1679382128470
1679382127367,1679382128479
1679382127916,1679382128479
1679382128381,1679382128484
1679382128388,1679382128528
1679382127817,1679382128564
1679382127388,1679382128592
1679382127377,1679382128607
1679382128585,1679382128615
1679382127385,1679382128649
1679382127406,1679382128651
1679382127461,1679382128677
1679382127744,1679382128682
1679382127573,1679382128706
1679382128857,1679382128861
1679382128929,1679382128940
1679382128901,1679382128977
1679382128985,1679382129047
1679382128948,1679382129048
1679382128951,1679382129071
1679382129085,1679382129113
1679382129101,1679382129113
1679382129001,1679382129191
1679382129192,1679382129212
1679382129193,1679382129243
1679382129061,1679382129477
1679382129352,1679382129486
1679382129421,1679382129492
1679382129452,1679382129508
1679382129253,1679382129522
1679382129305,1679382129548
1679382129513,1679382129549
1679382129422,1679382129609
1679382129569,1679382129680
1679382129597,1679382129767
1679382129790,1679382129866
1679382129740,1679382129867
1679382129898,1679382129900
1679382130024,1679382130049
1679382130172,1679382130181
1679382130169,1679382130205
1679382130211,1679382130258
1679382130133,1679382130271
1679382130304,1679382130330
1679382130345,1679382130352
1679382130348,1679382130365
1679382130431,1679382130461
1679382130416,1679382130463
1679382130426,1679382130473
1679382130448,1679382130508
1679382130485,1679382130517
1679382130408,1679382130567
1679382130529,1679382130578
1679382130607,1679382130636
1679382130617,1679382130662
1679382130616,1679382130663
1679382130670,1679382130733
1679382130771,1679382130786
1679382130825,1679382130872
1679382130833,1679382130895
1679382130886,1679382130944
1679382130870,1679382130995
1679382130813,1679382131034
1679382130771,1679382131039
1679382130967,1679382131047
1679382131040,1679382131050
1679382130890,1679382131090
1679382130782,1679382131113
1679382131083,1679382131116
1679382131059,1679382131138
1679382131166,1679382131170
1679382131133,1679382131239
1679382131316,1679382131332
1679382131388,1679382131390
1679382131399,1679382131476
1679382131339,1679382131514
1679382131527,1679382131577
1679382131584,1679382131605
1679382131607,1679382131678
1679382131587,1679382131726
1679382131739,1679382131754
1679382131632,1679382131761
1679382131786,1679382131840
1679382131862,1679382131880
1679382131847,1679382131971
1679382131943,1679382131973
1679382132007,1679382132018
1679382132013,1679382132042
1679382132062,1679382132094
1679382132120,1679382132205
1679382132170,1679382132371
1679382132235,1679382132387
1679382132217,1679382132389
1679382132308,1679382132409
1679382132166,1679382132470
1679382132462,1679382132514
1679382132284,1679382132532
1679382132223,1679382132537
1679382132159,1679382132583
1679382132432,1679382132633
1679382132431,1679382132654
1679382132335,1679382132656
1679382132654,1679382132741
1679382132800,1679382132861
1679382132762,1679382132890
1679382132823,1679382132918
1679382132909,1679382132939
1679382132828,1679382132985
1679382132908,1679382133001
1679382132886,1679382133044
1679382132983,1679382133055
1679382132575,1679382133061
1679382132980,1679382133082
1679382132986,1679382133093
1679382132748,1679382133113
1679382132644,1679382133145
1679382133136,1679382133164
1679382133102,1679382133225
1679382133152,1679382133247
1679382133209,1679382133277
1679382133258,1679382133283
1679382133288,1679382133321
1679382133315,1679382133342
1679382133362,1679382133366
1679382133379,1679382133440
1679382133421,1679382133523
1679382133479,1679382133532
1679382133456,1679382133554
1679382133504,1679382133602
1679382133612,1679382133659
1679382133508,1679382133660
1679382133660,1679382133746
1679382133776,1679382133794
1679382133757,1679382133794
1679382133862,1679382133890
1679382133926,1679382133929
1679382133853,1679382133950
1679382133954,1679382133978
1679382133962,1679382133984
1679382133977,1679382134084
1679382134136,1679382134181
1679382134168,1679382134219
1679382134236,1679382134268
1679382134103,1679382134428
1679382134272,1679382134459
1679382134401,1679382134476
1679382134472,1679382134543
1679382134250,1679382134562
1679382134111,1679382134569
1679382134504,1679382134573
1679382134308,1679382134580
1679382134648,1679382134658
1679382134222,1679382134688
1679382134511,1679382134691
1679382134744,1679382134768
1679382134764,1679382134795
1679382134727,1679382134820
1679382134717,1679382134823
1679382134771,1679382134879
1679382134896,1679382134944
1679382134892,1679382134966
1679382134900,1679382134970
1679382134979,1679382135012
1679382134984,1679382135128
1679382135061,1679382135229
1679382135210,1679382135310
1679382135111,1679382135342
1679382134988,1679382135370
1679382135182,1679382135371
1679382135157,1679382135414
1679382135295,1679382135417
1679382135269,1679382135457
1679382135365,1679382135550
1679382134979,1679382135569
1679382135151,1679382135575
1679382134676,1679382135632
1679382135590,1679382135641
1679382135636,1679382135659
1679382135478,1679382135700
1679382135405,1679382135746
1679382135574,1679382135754
1679382135744,1679382135794
1679382135382,1679382135817
1679382135879,1679382135907
1679382135687,1679382135980
1679382135911,1679382136055
1679382136036,1679382136058
1679382135974,1679382136082
1679382136091,1679382136177
1679382136119,1679382136206
1679382136219,1679382136262
1679382136230,1679382136300
1679382136404,1679382136443
1679382136369,1679382136492
1679382136472,1679382136520
1679382136624,1679382136642
1679382136537,1679382136655
1679382136651,1679382136680
1679382136686,1679382136745
1679382136707,1679382136766
1679382136686,1679382136794
1679382136788,1679382136864
1679382136850,1679382136913
1679382136778,1679382136971
1679382136867,1679382136972
1679382136970,1679382136990
1679382136864,1679382137006
1679382137017,1679382137033
1679382136967,1679382137051
1679382137066,1679382137135
1679382137043,1679382137138
1679382137064,1679382137163
1679382137171,1679382137178
1679382137168,1679382137204
1679382137223,1679382137236
1679382137230,1679382137245
1679382137203,1679382137263
1679382137255,1679382137265
1679382137240,1679382137302
1679382137491,1679382137514
1679382137508,1679382137530
1679382137504,1679382137558
1679382137497,1679382137600
1679382137584,1679382137683
1679382137513,1679382137688
1679382137517,1679382137704
1679382137507,1679382137720
1679382137531,1679382137784
1679382137537,1679382137787
1679382137642,1679382137805
1679382137497,1679382137813
1679382137518,1679382137825
1679382137797,1679382137847
1679382137530,1679382137858
1679382137802,1679382137890
1679382137643,1679382137892
1679382137522,1679382137899
1679382137925,1679382137929
1679382137790,1679382137970
1679382137521,1679382137983
1679382137860,1679382138002
1679382137696,1679382138008
1679382138031,1679382138090
1679382137868,1679382138098
1679382138067,1679382138164
1679382138203,1679382138241
1679382138227,1679382138258
1679382138115,1679382138260
1679382138234,1679382138301
1679382138272,1679382138304
1679382138315,1679382138336
1679382138341,1679382138363
1679382138339,1679382138437
1679382138537,1679382138555
1679382138513,1679382138555
1679382138580,1679382138619
1679382138625,1679382138695
1679382138647,1679382138722
1679382138689,1679382138746
1679382138726,1679382138747
1679382138711,1679382138755
1679382138716,1679382138762
1679382138767,1679382138834
1679382138817,1679382138838
1679382138896,1679382138911
1679382138915,1679382138925
1679382138886,1679382138944
1679382138931,1679382138954
1679382138971,1679382138983
1679382138946,1679382139034
1679382139152,1679382139164
1679382139300,1679382139316
1679382139286,1679382139327
1679382139349,1679382139396
1679382139284,1679382139413
1679382139273,1679382139473
1679382139464,1679382139489
1679382139491,1679382139495
1679382139522,1679382139528
1679382139580,1679382139588
1679382139537,1679382139601
1679382139560,1679382139609
1679382139588,1679382139617
1679382139648,1679382139669
1679382139659,1679382139676
1679382139665,1679382139696
1679382139722,1679382139730
1679382139788,1679382139796
1679382139810,1679382139857
1679382139793,1679382139857
1679382139864,1679382139872
1679382139865,1679382139876
1679382139866,1679382139894
1679382139936,1679382139953
1679382140065,1679382140119
1679382140150,1679382140184
1679382140174,1679382140248
1679382140254,1679382140278
1679382140299,1679382140304
1679382140302,1679382140324
1679382140284,1679382140332
1679382140344,1679382140385
1679382140330,1679382140405
1679382140387,1679382140430
1679382140587,1679382140616
1679382140622,1679382140635
1679382140578,1679382140640
1679382140569,1679382140646
1679382140705,1679382140743
1679382140721,1679382140747
1679382140743,1679382140760
1679382140702,1679382140831
1679382140794,1679382140885
1679382140836,1679382140906
1679382140860,1679382140908
1679382140913,1679382140934
1679382140991,1679382140995
1679382140802,1679382141001
1679382140979,1679382141006
1679382140761,1679382141024
1679382140941,1679382141099
1679382140995,1679382141124
1679382140956,1679382141141
1679382141112,1679382141177
1679382141117,1679382141178
1679382141002,1679382141235
1679382141239,1679382141261
1679382141175,1679382141302
1679382141290,1679382141332
1679382141320,1679382141332
1679382141302,1679382141333
1679382141426,1679382141432
1679382141380,1679382141439
1679382141429,1679382141452
1679382141398,1679382141505
1679382141472,1679382141505
1679382141447,1679382141513
1679382141509,1679382141536
1679382141504,1679382141609
1679382141655,1679382141669
1679382141549,1679382141675
1679382141415,1679382141707
1679382141650,1679382141711
1679382141695,1679382141714
1679382141697,1679382141776
1679382141829,1679382141872
1679382141834,1679382141887
1679382141811,1679382141915
1679382141960,1679382141971
1679382141923,1679382141999
1679382141906,1679382142036
1679382141919,1679382142037
1679382142026,1679382142053
1679382141906,1679382142080
1679382142077,1679382142135
1679382142107,1679382142136
1679382142113,1679382142139
1679382142126,1679382142174
1679382142151,1679382142201
1679382142090,1679382142208
1679382142215,1679382142245
1679382142237,1679382142249
1679382142232,1679382142258
1679382142278,1679382142304
1679382142174,1679382142367
1679382142371,1679382142430
1679382142395,1679382142434
1679382142440,1679382142455
1679382142424,1679382142474
1679382142455,1679382142502
1679382142506,1679382142521
1679382142570,1679382142642
1679382142674,1679382142678
1679382142671,1679382142728
1679382142670,1679382142751
1679382142819,1679382142833
1679382142839,1679382142879
1679382142942,1679382142947
1679382142904,1679382143015
1679382143031,1679382143036
1679382143035,1679382143059
1679382143058,1679382143073
1679382143066,1679382143076
1679382143145,1679382143160
1679382143147,1679382143164
1679382143161,1679382143178
1679382143252,1679382143285
1679382143184,1679382143287
1679382143276,1679382143358
1679382143299,1679382143359
1679382143431,1679382143453
1679382143425,1679382143464
1679382143464,1679382143496
1679382143439,1679382143523
1679382143481,1679382143561
1679382143503,1679382143610
1679382143521,1679382143633
1679382143469,1679382143644
1679382143661,1679382143702
1679382143619,1679382143713
1679382143727,1679382143750
1679382143743,1679382143828
1679382143787,1679382143839
1679382143731,1679382143849
1679382143846,1679382143886
1679382143648,1679382143918
1679382143820,1679382143918
1679382143894,1679382143921
1679382143871,1679382143957
1679382143956,1679382143961
1679382144032,1679382144056
1679382143993,1679382144075
1679382143945,1679382144123
1679382144043,1679382144153
1679382144045,1679382144157
1679382144061,1679382144164
1679382143987,1679382144214
1679382143980,1679382144216
1679382143976,1679382144264
1679382144280,1679382144285
1679382144269,1679382144312
1679382144336,1679382144352
1679382144300,1679382144353
1679382144392,1679382144414
1679382144486,1679382144514
1679382144475,1679382144536
1679382144401,1679382144585
1679382144568,1679382144591
1679382144575,1679382144602
1679382144468,1679382144634
1679382144768,1679382144789
1679382144736,1679382144793
1679382144740,1679382144844
1679382144799,1679382144869
1679382144857,1679382144876
1679382144852,1679382144886
1679382144858,1679382144952
1679382144960,1679382144967
1679382145111,1679382145196
1679382145076,1679382145223
1679382145211,1679382145226
1679382145197,1679382145246
1679382145060,1679382145262
1679382145126,1679382145294
1679382144926,1679382145321
1679382145228,1679382145381
1679382145328,1679382145382
1679382145273,1679382145397
1679382145292,1679382145402
1679382145056,1679382145450
1679382145497,1679382145511
1679382145540,1679382145596
1679382145577,1679382145620
1679382145700,1679382145720
1679382145685,1679382145728
1679382145775,1679382145821
1679382145752,1679382145839
1679382145837,1679382145873
1679382145879,1679382145914
1679382145857,1679382145923
1679382145956,1679382145962
1679382145888,1679382145969
1679382145824,1679382146028
1679382145824,1679382146060
1679382146104,1679382146123
1679382146103,1679382146138
1679382146151,1679382146155
1679382146207,1679382146219
1679382146184,1679382146221
1679382146189,1679382146241
1679382146264,1679382146271
1679382146249,1679382146291
1679382146216,1679382146294
1679382146306,1679382146357
1679382146336,1679382146363
1679382146396,1679382146402
1679382146440,1679382146449
1679382146414,1679382146475
1679382146492,1679382146518
1679382146503,1679382146533
1679382146588,1679382146707
1679382146588,1679382146751
1679382146544,1679382146802
1679382146600,1679382146828
1679382146755,1679382146833
1679382146701,1679382146839
1679382146761,1679382146908
1679382146551,1679382146920
1679382146682,1679382146926
1679382146580,1679382146937
1679382146749,1679382146951
1679382146807,1679382146961
1679382146973,1679382146977
1679382146807,1679382147067
1679382147005,1679382147069
1679382146567,1679382147123
1679382147069,1679382147129
1679382147089,1679382147175
1679382147191,1679382147276
1679382146587,1679382147279
1679382147066,1679382147320
1679382146778,1679382147345
1679382147444,1679382147463
1679382147286,1679382147465
1679382147278,1679382147468
1679382147404,1679382147478
1679382147318,1679382147519
1679382147113,1679382147567
1679382147537,1679382147574
1679382147317,1679382147592
1679382147202,1679382147676
1679382147365,1679382147676
1679382147491,1679382147719
1679382147293,1679382147730
1679382147725,1679382147789
1679382147681,1679382147798
1679382147403,1679382147832
1679382147725,1679382147835
1679382147746,1679382147844
1679382147834,1679382147857
1679382147837,1679382147899
1679382148065,1679382148082
1679382148110,1679382148133
1679382148148,1679382148153
1679382148112,1679382148170
1679382148188,1679382148195
1679382147925,1679382148206
1679382148082,1679382148248
1679382148289,1679382148308
1679382148358,1679382148368
1679382148431,1679382148438
1679382148473,1679382148517
1679382148517,1679382148528
1679382148520,1679382148531
1679382148502,1679382148549
1679382148524,1679382148575
1679382148605,1679382148628
1679382148626,1679382148673
1679382148690,1679382148711
1679382148709,1679382148723
1679382148725,1679382148736
1679382148881,1679382148896
1679382148893,1679382148897
1679382148922,1679382148939
1679382148937,1679382148961
1679382148931,1679382148996
1679382148897,1679382149010
1679382148997,1679382149024
1679382149041,1679382149059
1679382149114,1679382149150
1679382149165,1679382149180
1679382149145,1679382149182
1679382149102,1679382149214
1679382149029,1679382149246
1679382149234,1679382149249
1679382149246,1679382149276
1679382149277,1679382149283
1679382149309,1679382149312
1679382149349,1679382149355
1679382149340,1679382149394
1679382149355,1679382149404
1679382149514,1679382149543
1679382149537,1679382149552
1679382149622,1679382149666
1679382149681,1679382149688
1679382149701,1679382149709
1679382149673,1679382149721
1679382149765,1679382149773
1679382149817,1679382149847
1679382149789,1679382149887
1679382149885,1679382149891
1679382149917,1679382149944
1679382149979,1679382149989
1679382149848,1679382150019
1679382150073,1679382150085
1679382150065,1679382150092
1679382150076,1679382150101
1679382150129,1679382150134
1679382150041,1679382150182
1679382150181,1679382150191
1679382150117,1679382150195
1679382150220,1679382150279
1679382150264,1679382150331
1679382150144,1679382150352
1679382149989,1679382150379
1679382150321,1679382150399
1679382150192,1679382150405
1679382150332,1679382150415
1679382150401,1679382150473
1679382150457,1679382150474
1679382150465,1679382150519
1679382150501,1679382150639
1679382150609,1679382150658
1679382150654,1679382150721
1679382150677,1679382150722
1679382150618,1679382150723
1679382150733,1679382150773
1679382150757,1679382150778
1679382150605,1679382150835
1679382150769,1679382150840
1679382150816,1679382150847
1679382150865,1679382150880
1679382150860,1679382150884
1679382150785,1679382150933
1679382150987,1679382151010
1679382150792,1679382151064
1679382151004,1679382151080
1679382150935,1679382151162
1679382150932,1679382151167
1679382151101,1679382151169
1679382151092,1679382151202
1679382151196,1679382151206
1679382150971,1679382151206
1679382151078,1679382151294
1679382151218,1679382151317
1679382151273,1679382151416
1679382151414,1679382151433
1679382151397,1679382151434
1679382151249,1679382151434
1679382151450,1679382151495
1679382151562,1679382151621
1679382151605,1679382151644
1679382151601,1679382151653
1679382151697,1679382151716
1679382151797,1679382151830
1679382151783,1679382151870
1679382151911,1679382151923
1679382151879,1679382151946
1679382152013,1679382152033
1679382152159,1679382152197
1679382152204,1679382152240
1679382152140,1679382152261
1679382152282,1679382152327
1679382152313,1679382152329
1679382152332,1679382152365
1679382152291,1679382152367
1679382152355,1679382152412
1679382152320,1679382152418
1679382152421,1679382152496
1679382152456,1679382152520
1679382152468,1679382152589
1679382152559,1679382152602
1679382152592,1679382152625
1679382152564,1679382152626
1679382152664,1679382152705
1679382152613,1679382152734
1679382152719,1679382152746
1679382152756,1679382152760
1679382152680,1679382152760
1679382152761,1679382152763
1679382152820,1679382152870
1679382152935,1679382152992
1679382153160,1679382153170
1679382153147,1679382153246
1679382153112,1679382153275
1679382153141,1679382153279
1679382153233,1679382153284
1679382153279,1679382153285
1679382153286,1679382153397
1679382153407,1679382153450
1679382153408,1679382153473
1679382153508,1679382153563
1679382153457,1679382153569
1679382153533,1679382153584
1679382153552,1679382153607
1679382153624,1679382153638
1679382153704,1679382153713
1679382153661,1679382153740
1679382153768,1679382153825
1679382153781,1679382153845
1679382153861,1679382153889
1679382153768,1679382153924
1679382153872,1679382153929
1679382153889,1679382153941
1679382153953,1679382153981
1679382153946,1679382154012
1679382154024,1679382154032
1679382154039,1679382154057
1679382154084,1679382154097
1679382154180,1679382154192
1679382154120,1679382154205
1679382154185,1679382154235
1679382154245,1679382154268
1679382154180,1679382154311
1679382154303,1679382154356
1679382154196,1679382154366
1679382154217,1679382154375
1679382154319,1679382154403
1679382154432,1679382154435
1679382154433,1679382154506
1679382154235,1679382154571
1679382154584,1679382154612
1679382154608,1679382154629
1679382154636,1679382154657
1679382154561,1679382154703
1679382154715,1679382154725
1679382154712,1679382154725
1679382154783,1679382154821
1679382154875,1679382154894
1679382154773,1679382154924
1679382154832,1679382154941
1679382154832,1679382154956
1679382154796,1679382154967
1679382154855,1679382155009
1679382155059,1679382155089
1679382154984,1679382155095
1679382155012,1679382155100
1679382154945,1679382155136
1679382155003,1679382155149
1679382155183,1679382155226
1679382155013,1679382155228
1679382155200,1679382155250
1679382155168,1679382155261
1679382155317,1679382155330
1679382155255,1679382155371
1679382155024,1679382155379
1679382155168,1679382155391
1679382155136,1679382155408
1679382155388,1679382155417
1679382155515,1679382155532
1679382155440,1679382155547
1679382155236,1679382155553
1679382155551,1679382155560
1679382155552,1679382155610
1679382155595,1679382155661
1679382155660,1679382155717
1679382155756,1679382155761
1679382155800,1679382155809
1679382155756,1679382155819
1679382155817,1679382155853
1679382155847,1679382155853
1679382155907,1679382155912
1679382155933,1679382155974
1679382155952,1679382156006
1679382155997,1679382156033
1679382156123,1679382156144
1679382156124,1679382156149
1679382156116,1679382156207
1679382156112,1679382156223
1679382156191,1679382156287
1679382156227,1679382156290
1679382156355,1679382156360
1679382156360,1679382156382
1679382156256,1679382156389
1679382156375,1679382156412
1679382156380,1679382156471
1679382156561,1679382156567
1679382156520,1679382156572
1679382156580,1679382156591
1679382156620,1679382156635
1679382156631,1679382156659
1679382156672,1679382156675
1679382156625,1679382156735
1679382156696,1679382156771
1679382156735,1679382156802
1679382156728,1679382156851
1679382156812,1679382156860
1679382156748,1679382156886
1679382156887,1679382156897
1679382156916,1679382156957
1679382156916,1679382156968
1679382156972,1679382157044
1679382157034,1679382157050
1679382157029,1679382157082
1679382156989,1679382157124
1679382157193,1679382157212
1679382157169,1679382157240
1679382156964,1679382157282
1679382157225,1679382157294
1679382157320,1679382157347
1679382157258,1679382157378
1679382157329,1679382157396
1679382157316,1679382157401
1679382157408,1679382157453
1679382157412,1679382157469
1679382157461,1679382157482
1679382157322,1679382157487
1679382157467,1679382157513
1679382157403,1679382157522
1679382157557,1679382157569
1679382157200,1679382157589
1679382157584,1679382157631
1679382157662,1679382157667
1679382157619,1679382157704
1679382157745,1679382157751
1679382157754,1679382157765
1679382157824,1679382157861
1679382157881,1679382157895
1679382157908,1679382157912
1679382158068,1679382158119
1679382158085,1679382158122
1679382158033,1679382158125
1679382158133,1679382158147
1679382158144,1679382158176
1679382158176,1679382158221
1679382158207,1679382158334
1679382158249,1679382158394
1679382158209,1679382158437
1679382158214,1679382158476
1679382158283,1679382158520
1679382158172,1679382158558
1679382158452,1679382158587
1679382158553,1679382158665
1679382158225,1679382158672
1679382158428,1679382158707
1679382158653,1679382158740
1679382158613,1679382158753
1679382158681,1679382158773
1679382158765,1679382158777
1679382158668,1679382158783
1679382158659,1679382158803
1679382158769,1679382158805
1679382158776,1679382158824
1679382158417,1679382158827
1679382158320,1679382158965
1679382158721,1679382159015
1679382159021,1679382159041
1679382158820,1679382159055
1679382159056,1679382159084
1679382159000,1679382159096
1679382159068,1679382159148
1679382159003,1679382159187
1679382159053,1679382159197
1679382159104,1679382159198
1679382158672,1679382159265
1679382158833,1679382159279
1679382159076,1679382159284
1679382159274,1679382159334
1679382159292,1679382159336
1679382158813,1679382159377
1679382159273,1679382159412
1679382159327,1679382159496
1679382159489,1679382159518
1679382159442,1679382159522
1679382159520,1679382159526
1679382159516,1679382159548
1679382159509,1679382159608
1679382159508,1679382159628
1679382159624,1679382159648
1679382159669,1679382159706
1679382159689,1679382159742
1679382159673,1679382159770
1679382159849,1679382159860
1679382159929,1679382159949
1679382159900,1679382159971
1679382159941,1679382159980
1679382159940,1679382160068
1679382160029,1679382160121
1679382160153,1679382160164
1679382159989,1679382160203
1679382160127,1679382160217
1679382159948,1679382160218
1679382160223,1679382160232
1679382160254,1679382160264
1679382160216,1679382160281
1679382160317,1679382160340
1679382160343,1679382160361
1679382160365,1679382160376
1679382160417,1679382160436
1679382160424,1679382160525
1679382160391,1679382160566
1679382160456,1679382160579
1679382160584,1679382160618
1679382160633,1679382160648
1679382160561,1679382160658
1679382160710,1679382160715
1679382160712,1679382160751
1679382160801,1679382160808
1679382160885,1679382160896
1679382160849,1679382160973
1679382160873,1679382161018
1679382160849,1679382161019
1679382160773,1679382161047
1679382161029,1679382161132
1679382161001,1679382161148
1679382161128,1679382161153
1679382161097,1679382161208
1679382161110,1679382161220
1679382161201,1679382161227
1679382161237,1679382161291
1679382161293,1679382161319
1679382161366,1679382161508
1679382161505,1679382161547
1679382161501,1679382161572
1679382161413,1679382161605
1679382161317,1679382161637
1679382161537,1679382161655
1679382161468,1679382161688
1679382161597,1679382161711
1679382161684,1679382161756
1679382161612,1679382161791
1679382161789,1679382161799
1679382161550,1679382161848
1679382161704,1679382161915
1679382161734,1679382161978
1679382161781,1679382162004
1679382161909,1679382162013
1679382162001,1679382162095
1679382162076,1679382162136
1679382161993,1679382162150
1679382162102,1679382162163
1679382162020,1679382162193
1679382162192,1679382162197
1679382162217,1679382162234
1679382162212,1679382162276
1679382162091,1679382162278
1679382162276,1679382162301
1679382162281,1679382162314
1679382162302,1679382162354
1679382162341,1679382162388
1679382162344,1679382162395
1679382162403,1679382162457
1679382162545,1679382162566
1679382162605,1679382162608
1679382162592,1679382162621
1679382162697,1679382162716
1679382162697,1679382162725
1679382162780,1679382162796
1679382162621,1679382162808
1679382162832,1679382162851
1679382162872,1679382162877
1679382163019,1679382163061
1679382162897,1679382163084
1679382163068,1679382163113
1679382162952,1679382163114
1679382163167,1679382163217
1679382162949,1679382163219
1679382163160,1679382163225
1679382162971,1679382163233
1679382163095,1679382163242
1679382163048,1679382163245
1679382162972,1679382163294
1679382163121,1679382163317
1679382162987,1679382163331
1679382163320,1679382163371
1679382163369,1679382163376
1679382163278,1679382163414
1679382163393,1679382163425
1679382163484,1679382163505
1679382163440,1679382163553
1679382163445,1679382163578
1679382163529,1679382163593
1679382163564,1679382163604
1679382163477,1679382163641
1679382163652,1679382163690
1679382163661,1679382163714
1679382163589,1679382163736
1679382163643,1679382163748
1679382163759,1679382163774
1679382163705,1679382163778
1679382163845,1679382163853
1679382163805,1679382163865
1679382163859,1679382163911
1679382163920,1679382163942
1679382164040,1679382164083
1679382164015,1679382164088
1679382164124,1679382164152
1679382163956,1679382164160
1679382164200,1679382164302
1679382164369,1679382164377
1679382164338,1679382164423
1679382164420,1679382164504
1679382164492,1679382164562
1679382164545,1679382164611
1679382164400,1679382164672
1679382164661,1679382164681
1679382164464,1679382164741
1679382164681,1679382164791
1679382164672,1679382164804
1679382164780,1679382164829
1679382164720,1679382164831
1679382164440,1679382164856
1679382164499,1679382164905
1679382164540,1679382164955
1679382164528,1679382165019
1679382164802,1679382165041
1679382165008,1679382165047
1679382164769,1679382165077
1679382164956,1679382165102
1679382165145,1679382165168
1679382164944,1679382165236
1679382165304,1679382165314
1679382165039,1679382165337
1679382164869,1679382165345
1679382165257,1679382165359
1679382165308,1679382165372
1679382164724,1679382165428
1679382165313,1679382165440
1679382165335,1679382165441
1679382165060,1679382165476
1679382165453,1679382165511
1679382165393,1679382165521
1679382165056,1679382165534
1679382165193,1679382165543
1679382165217,1679382165587
1679382165436,1679382165589
1679382165513,1679382165616
1679382165057,1679382165624
1679382165372,1679382165653
1679382165120,1679382165658
1679382165504,1679382165681
1679382165660,1679382165681
1679382165429,1679382165709
1679382165744,1679382165751
1679382165722,1679382165762
1679382165712,1679382165769
1679382165346,1679382165808
1679382165645,1679382165812
1679382165756,1679382165812
1679382165758,1679382165844
1679382165865,1679382165976
1679382165981,1679382165986
1679382166122,1679382166137
1679382166055,1679382166151
1679382166135,1679382166151
1679382166085,1679382166207
1679382166171,1679382166223
1679382166370,1679382166422
1679382166333,1679382166510
1679382166480,1679382166612
1679382166612,1679382166644
1679382166586,1679382166668
1679382166446,1679382166687
1679382166530,1679382166722
1679382166690,1679382166740
1679382166755,1679382166785
1679382166763,1679382166793
1679382166767,1679382166811
1679382166762,1679382166823
1679382166797,1679382166858
1679382166785,1679382166918
1679382166843,1679382166947
1679382166917,1679382166952
1679382166852,1679382166954
1679382166927,1679382166954
1679382166889,1679382166964
1679382166940,1679382167023
1679382167048,1679382167064
1679382167096,1679382167132
1679382166970,1679382167137
1679382167094,1679382167141
1679382167138,1679382167153
1679382167160,1679382167196
1679382167120,1679382167228
1679382167196,1679382167286
1679382167200,1679382167287
1679382167252,1679382167302
1679382167248,1679382167312
1679382167323,1679382167335
1679382167302,1679382167352
1679382167332,1679382167363
1679382167327,1679382167383
1679382167312,1679382167422
1679382167477,1679382167503
1679382167477,1679382167513
1679382167551,1679382167577
1679382167555,1679382167585
1679382167590,1679382167639
1679382167576,1679382167682
1679382167672,1679382167738
1679382167601,1679382167779
1679382167663,1679382167789
1679382167796,1679382167837
1679382167757,1679382167854
1679382167933,1679382167963
1679382167957,1679382167969
1679382167969,1679382167978
1679382168030,1679382168040
1679382168084,1679382168100
1679382168130,1679382168196
1679382168196,1679382168222
1679382168249,1679382168257
1679382168265,1679382168277
1679382168267,1679382168283
1679382168281,1679382168318
1679382168386,1679382168511
1679382168464,1679382168516
1679382168477,1679382168581
1679382168386,1679382168582
1679382168407,1679382168602
1679382168626,1679382168654
1679382168649,1679382168682
1679382168534,1679382168693
1679382168687,1679382168746
1679382168734,1679382168770
1679382168845,1679382168851
1679382168829,1679382168862
1679382168947,1679382168977
1679382168979,1679382169001
1679382168985,1679382169020
1679382169006,1679382169032
1679382169024,1679382169034
1679382169196,1679382169201
1679382169171,1679382169223
1679382169224,1679382169267
1679382169244,1679382169318
1679382169375,1679382169386
1679382169158,1679382169409
1679382169436,1679382169453
1679382169428,1679382169461
1679382169421,1679382169473
1679382169485,1679382169501
1679382169504,1679382169522
1679382169452,1679382169575
1679382169482,1679382169638
1679382169593,1679382169720
1679382169733,1679382169749
1679382169497,1679382169754
1679382169772,1679382169826
1679382169766,1679382169836
1679382169706,1679382169844
1679382169733,1679382169849
1679382169730,1679382169891
1679382169898,1679382169987
1679382169733,1679382170000
1679382169673,1679382170011
1679382169728,1679382170058
1679382169925,1679382170086
1679382170125,1679382170139
1679382170174,1679382170193
1679382169787,1679382170253
1679382170245,1679382170286
1679382170268,1679382170327
1679382170330,1679382170356
1679382170302,1679382170358
1679382170177,1679382170397
1679382170381,1679382170414
1679382170294,1679382170444
1679382170448,1679382170471
1679382170476,1679382170499
1679382170465,1679382170517
1679382170540,1679382170549
1679382170393,1679382170668
1679382170634,1679382170685
1679382170678,1679382170694
1679382170712,1679382170725
1679382170749,1679382170756
1679382170741,1679382170770
1679382170698,1679382170806
1679382170746,1679382170845
1679382170894,1679382170908
1679382170889,1679382170952
1679382170847,1679382170952
1679382170909,1679382170953
1679382170849,1679382170957
1679382170988,1679382171019
1679382170913,1679382171074
1679382171015,1679382171082
1679382171090,1679382171122
1679382171166,1679382171169
1679382171169,1679382171216
1679382171237,1679382171242
1679382171294,1679382171309
1679382171277,1679382171330
1679382171384,1679382171389
1679382171287,1679382171423
1679382171449,1679382171516
1679382171502,1679382171557
1679382171585,1679382171606
1679382171622,1679382171644
1679382171665,1679382171671
1679382171538,1679382171690
1679382171615,1679382171696
1679382171697,1679382171717
1679382171713,1679382171717
1679382171698,1679382171757
1679382171875,1679382171886
1679382171938,1679382171954
1679382171850,1679382171970
1679382171856,1679382171991
1679382171853,1679382172028
1679382172120,1679382172158
1679382172113,1679382172196
1679382172216,1679382172246
1679382172198,1679382172263
1679382172316,1679382172320
1679382172325,1679382172366
1679382172373,1679382172379
1679382172357,1679382172408
1679382172152,1679382172449
1679382172435,1679382172465
1679382172289,1679382172474
1679382172492,1679382172545
1679382172578,1679382172587
1679382172551,1679382172613
1679382172613,1679382172636
1679382172629,1679382172663
1679382172556,1679382172716
1679382172747,1679382172767
1679382172742,1679382172823
1679382172812,1679382172845
1679382172724,1679382172872
1679382172871,1679382172892
1679382172872,1679382172906
1679382172926,1679382172956
1679382173024,1679382173066
1679382173008,1679382173076
1679382173048,1679382173085
1679382173085,1679382173145
1679382172981,1679382173146
1679382173071,1679382173177
1679382173198,1679382173226
1679382173180,1679382173228
1679382173175,1679382173316
1679382173277,1679382173324
1679382173344,1679382173384
1679382173479,1679382173543
1679382173524,1679382173556
1679382173451,1679382173579
1679382173545,1679382173652
1679382173582,1679382173709
1679382173608,1679382173773
1679382173605,1679382173806
1679382173798,1679382173808
1679382173856,1679382173861
1679382173794,1679382173879
1679382173724,1679382173883
1679382173867,1679382173949
1679382173680,1679382173952
1679382173932,1679382173956
1679382173878,1679382173984
1679382173947,1679382173995
1679382173807,1679382174018
1679382173906,1679382174044
1679382173916,1679382174064
1679382173592,1679382174080
1679382174072,1679382174089
1679382174071,1679382174105
1679382174132,1679382174181
1679382174208,1679382174235
1679382174204,1679382174260
1679382174230,1679382174276
1679382174166,1679382174295
1679382174278,1679382174304
1679382174326,1679382174330
1679382174405,1679382174469
1679382174372,1679382174489
1679382174330,1679382174527
1679382174528,1679382174569
1679382174560,1679382174573
1679382174484,1679382174607
1679382174632,1679382174643
1679382174664,1679382174689
1679382174690,1679382174788
1679382174785,1679382174815
1679382174668,1679382174850
1679382174860,1679382174866
1679382174881,1679382174940
1679382174875,1679382174961
1679382174960,1679382174971
1679382174996,1679382174999
1679382174921,1679382175066
1679382174972,1679382175093
1679382175033,1679382175107
1679382175077,1679382175116
1679382175077,1679382175125
1679382175234,1679382175276
1679382175268,1679382175283
1679382175276,1679382175302
1679382175244,1679382175304
1679382175296,1679382175310
1679382175389,1679382175398
1679382175394,1679382175425
1679382175416,1679382175443
1679382175493,1679382175552
1679382175588,1679382175627
1679382175647,1679382175674
1679382175674,1679382175725
1679382175692,1679382175728
1679382175768,1679382175885
1679382175913,1679382175921
1679382175852,1679382175929
1679382175804,1679382176004
1679382175981,1679382176012
1679382176040,1679382176049
1679382176087,1679382176106
1679382176150,1679382176157
1679382176104,1679382176180
1679382176156,1679382176216
1679382176174,1679382176237
1679382176174,1679382176255
1679382176178,1679382176261
1679382176159,1679382176271
1679382176246,1679382176330
1679382176335,1679382176466
1679382176462,1679382176492
1679382176206,1679382176509
1679382176393,1679382176519
1679382176531,1679382176540
1679382176397,1679382176580
1679382176609,1679382176641
1679382176633,1679382176659
1679382176574,1679382176668
1679382176708,1679382176713
1679382176718,1679382176736
1679382176681,1679382176741
1679382176749,1679382176815
1679382176776,1679382176816
1679382176746,1679382176817
1679382176799,1679382176881
1679382176785,1679382176902
1679382176914,1679382176946
1679382176833,1679382177021
1679382176915,1679382177038
1679382176907,1679382177054
1679382177055,1679382177075
1679382177022,1679382177114
1679382177066,1679382177183
1679382177238,1679382177266
1679382177217,1679382177295
1679382177270,1679382177324
1679382176979,1679382177394
1679382177093,1679382177397
1679382177314,1679382177426
1679382177452,1679382177496
1679382177229,1679382177519
1679382177234,1679382177595
1679382177637,1679382177646
1679382177601,1679382177660
1679382177387,1679382177683
1679382177527,1679382177749
1679382177741,1679382177754
1679382177529,1679382177781
1679382177788,1679382177792
1679382177553,1679382177809
1679382177434,1679382177831
1679382177298,1679382177883
1679382177417,1679382177896
1679382177744,1679382177898
1679382177879,1679382177932
1679382177924,1679382177946
1679382177749,1679382177967
1679382177825,1679382178070
1679382177974,1679382178136
1679382177905,1679382178136
1679382178005,1679382178181
1679382177905,1679382178203
1679382178193,1679382178207
1679382177132,1679382178250
1679382178229,1679382178261
1679382177906,1679382178388
1679382178364,1679382178411
1679382178389,1679382178461
1679382178089,1679382178497
1679382177551,1679382178567
1679382178512,1679382178569
1679382178417,1679382178588
1679382178605,1679382178661
1679382178502,1679382178663
1679382178278,1679382178674
1679382178281,1679382178691
1679382178481,1679382178707
1679382178621,1679382178759
1679382178766,1679382178830
1679382178663,1679382178846
1679382178467,1679382178920
1679382178791,1679382178932
1679382177565,1679382178954
1679382178938,1679382179000
1679382178704,1679382179019
1679382178636,1679382179019
1679382178804,1679382179030
1679382179008,1679382179085
1679382178995,1679382179108
1679382179172,1679382179181
1679382179141,1679382179183
1679382179181,1679382179218
1679382179215,1679382179248
1679382179238,1679382179250
1679382179287,1679382179292
1679382179237,1679382179307
1679382179295,1679382179328
1679382179322,1679382179340
1679382179328,1679382179413
1679382179317,1679382179443
1679382179454,1679382179495
1679382179462,1679382179519
1679382179499,1679382179526
1679382179497,1679382179554
1679382179376,1679382179582
1679382179496,1679382179593
1679382179665,1679382179686
1679382179671,1679382179781
1679382179749,1679382179792
1679382179715,1679382179855
1679382179942,1679382179955
1679382180101,1679382180133
1679382179922,1679382180140
1679382179919,1679382180151
1679382180106,1679382180218
1679382179959,1679382180299
1679382179994,1679382180333
1679382180291,1679382180427
1679382179817,1679382180475
1679382180325,1679382180486
1679382180159,1679382180492
1679382180482,1679382180540
1679382180010,1679382180571
1679382180456,1679382180572
1679382180536,1679382180577
1679382180539,1679382180606
1679382180114,1679382180606
1679382180162,1679382180618
1679382180101,1679382180627
1679382180399,1679382180655
1679382180658,1679382180677
1679382180646,1679382180686
1679382180610,1679382180714
1679382180749,1679382180803
1679382180916,1679382180919
1679382180877,1679382180951
1679382180954,1679382180973
1679382180985,1679382181026
1679382181056,1679382181070
1679382181071,1679382181100
1679382181070,1679382181128
1679382181027,1679382181212
1679382181102,1679382181214
1679382181069,1679382181239
1679382181120,1679382181242
1679382181184,1679382181279
1679382181233,1679382181307
1679382181199,1679382181341
1679382181303,1679382181367
1679382181309,1679382181380
1679382181354,1679382181401
1679382181351,1679382181466
1679382181444,1679382181481
1679382181423,1679382181484
1679382181595,1679382181659
1679382181550,1679382181661
1679382181591,1679382181665
1679382181702,1679382181733
1679382181699,1679382181737
1679382181734,1679382181739
1679382181736,1679382181752
1679382181734,1679382181776
1679382181878,1679382181888
1679382181914,1679382181966
1679382181973,1679382182011
1679382181926,1679382182015
1679382181893,1679382182024
1679382181873,1679382182097
1679382182128,1679382182172
1679382182148,1679382182238
1679382182270,1679382182301
1679382182423,1679382182451
1679382182375,1679382182453
1679382182455,1679382182471
1679382182407,1679382182495
1679382182482,1679382182512
1679382182444,1679382182543
1679382182474,1679382182543
1679382182527,1679382182627
1679382182732,1679382182740
1679382182739,1679382182748
1679382182748,1679382182756
1679382182755,1679382182792
1679382182741,1679382182809
1679382182831,1679382182849
1679382182868,1679382182904
1679382182858,1679382182981
1679382182964,1679382182996
1679382183000,1679382183025
1679382182845,1679382183066
1679382183104,1679382183123
1679382182936,1679382183148
1679382182915,1679382183170
1679382183096,1679382183191
1679382183082,1679382183205
1679382183203,1679382183208
1679382183195,1679382183258
1679382183250,1679382183310
1679382183339,1679382183369
1679382183380,1679382183426
1679382183429,1679382183446
1679382183379,1679382183447
1679382183379,1679382183449
1679382183468,1679382183472
1679382183463,1679382183500
1679382183499,1679382183560
1679382183576,1679382183580
1679382183581,1679382183588
1679382183601,1679382183738
1679382183590,1679382183742
1679382183681,1679382183766
1679382183773,1679382183818
1679382183732,1679382183842
1679382183868,1679382183904
1679382183939,1679382183944
1679382183761,1679382183949
1679382183906,1679382183959
1679382183813,1679382183998
1679382183730,1679382184008
1679382184000,1679382184013
1679382184102,1679382184110
1679382183979,1679382184174
1679382184038,1679382184189
1679382183952,1679382184215
1679382184062,1679382184236
1679382184096,1679382184244
1679382184041,1679382184287
1679382184044,1679382184305
1679382184218,1679382184312
1679382183963,1679382184323
1679382184359,1679382184409
1679382184418,1679382184426
1679382184405,1679382184458
1679382184484,1679382184498
1679382184495,1679382184503
1679382184468,1679382184543
1679382184506,1679382184543
1679382184546,1679382184622
1679382184646,1679382184739
1679382184647,1679382184773
1679382184734,1679382184780
1679382184646,1679382184780
1679382184802,1679382184810
1679382184813,1679382184822
1679382184892,1679382184948
1679382184943,1679382184975
1679382184990,1679382184999
1679382185003,1679382185014
1679382184992,1679382185044
1679382185035,1679382185074
1679382184994,1679382185087
1679382184961,1679382185094
1679382185068,1679382185127
1679382185122,1679382185133
1679382184971,1679382185136
1679382185191,1679382185197
1679382185194,1679382185201
1679382185464,1679382185494
1679382185441,1679382185512
1679382185546,1679382185563
1679382185575,1679382185633
1679382185591,1679382185653
1679382185622,1679382185662
1679382185556,1679382185761
1679382185552,1679382185762
1679382185699,1679382185776
1679382185632,1679382185835
1679382185818,1679382185851
1679382185856,1679382185863
1679382185873,1679382185892
1679382185591,1679382185897
1679382185882,1679382185916
1679382185882,1679382185922
1679382185788,1679382185961
1679382185830,1679382185976
1679382185974,1679382186023
1679382186079,1679382186134
1679382186092,1679382186136
1679382186180,1679382186187
1679382186148,1679382186193
1679382186256,1679382186260
1679382186323,1679382186334
1679382186322,1679382186409
1679382186364,1679382186424
1679382186445,1679382186504
1679382186462,1679382186506
1679382186426,1679382186512
1679382186417,1679382186553
1679382186588,1679382186611
1679382186584,1679382186617
1679382186525,1679382186661
1679382186656,1679382186669
1679382186648,1679382186692
1679382186661,1679382186708
1679382186688,1679382186746
1679382186752,1679382186809
1679382186781,1679382186840
1679382186836,1679382186883
1679382186805,1679382186957
1679382186874,1679382186973
1679382186865,1679382186973
1679382186816,1679382187006
1679382186935,1679382187037
1679382186961,1679382187063
1679382186810,1679382187069
1679382187048,1679382187102
1679382186991,1679382187162
1679382186949,1679382187176
1679382187120,1679382187233
1679382187232,1679382187277
1679382187282,1679382187290
1679382187297,1679382187313
1679382187189,1679382187368
1679382187416,1679382187443
1679382187254,1679382187460
1679382187183,1679382187485
1679382187375,1679382187502
1679382187322,1679382187526
1679382187402,1679382187678
1679382187677,1679382187708
1679382187558,1679382187776
1679382187722,1679382187778
1679382187648,1679382187801
1679382187534,1679382187982
1679382187799,1679382188006
1679382188063,1679382188070
1679382187468,1679382188072
1679382188191,1679382188263
1679382188458,1679382188470
1679382188457,1679382188535
1679382188572,1679382188596
1679382188624,1679382188644
1679382188687,1679382188773
1679382188922,1679382188929
1679382188996,1679382189022
1679382189020,1679382189033
1679382189112,1679382189121
1679382189233,1679382189258
1679382189417,1679382189447
1679382189672,1679382189695
1679382189643,1679382189744
1679382189775,1679382189796
1679382189894,1679382189904
1679382190059,1679382190156
1679382190175,1679382190198
1679382190219,1679382190234
1679382190190,1679382190242
1679382190298,1679382190322
1679382190326,1679382190385
1679382190451,1679382190490
1679382190862,1679382190932
1679382190904,1679382190936
1679382190830,1679382190976
1679382191026,1679382191087
1679382191019,1679382191167
1679382191397,1679382191463
1679382191742,1679382191765
1679382191855,1679382191920
1679382191939,1679382192017
1679382191939,1679382192064
1679382191903,1679382192087
1679382192171,1679382192234
1679382192215,1679382192338
1679382192331,1679382192454
1679382192435,1679382192513
1679382192536,1679382192748
1679382192684,1679382192787
1679382192864,1679382192878
1679382192946,1679382192955
1679382193208,1679382193227
1679382193248,1679382193345
1679382193362,1679382193407
1679382193508,1679382193572
1679382193560,1679382193582
1679382193523,1679382193672
1679382193880,1679382193951
1679382193992,1679382194018
1679382194062,1679382194111
1679382194104,1679382194163
1679382194088,1679382194182
1679382193884,1679382194280
1679382194362,1679382194374
1679382194662,1679382194696
1679382194918,1679382194959
1679382194957,1679382194966
1679382194878,1679382194974
1679382195002,1679382195016
1679382195206,1679382195227
1679382195397,1679382195404
1679382195530,1679382195574
1679382195648,1679382195678
1679382195645,1679382195680
1679382195706,1679382195739
1679382195837,1679382195862
1679382196269,1679382196275
1679382196421,1679382196444
1679382196423,1679382196462
1679382196465,1679382196492
1679382196417,1679382196510
1679382196629,1679382196731
1679382196741,1679382196837
1679382196852,1679382196909
1679382196973,1679382197099
1679382197124,1679382197144
1679382197121,1679382197171
1679382197210,1679382197233
1679382197409,1679382197437
1679382197520,1679382197593
1679382197590,1679382197679
1679382198065,1679382198102
1679382197970,1679382198114
1679382198096,1679382198114
1679382198109,1679382198120
1679382198136,1679382198145
1679382198124,1679382198148
1679382198119,1679382198218
1679382198141,1679382198261
1679382198124,1679382198299
1679382198135,1679382198325
1679382198130,1679382198344
1679382198139,1679382198371
1679382198116,1679382198387
1679382198277,1679382198466
1679382198353,1679382198482
1679382198353,1679382198519
1679382198102,1679382198652
1679382198637,1679382198708
1679382198705,1679382198714
1679382198103,1679382198730
1679382198513,1679382198745
1679382198752,1679382198778
1679382198968,1679382198980
1679382199173,1679382199199
1679382199344,1679382199349
1679382199321,1679382199423
1679382199440,1679382199545
1679382199633,1679382199706
1679382199633,1679382199751
1679382199721,1679382199759
1679382199775,1679382199807
1679382199830,1679382199851
1679382199844,1679382199867
1679382199789,1679382199974
1679382199966,1679382200003
1679382199951,1679382200018
1679382199913,1679382200026
1679382199980,1679382200060
1679382200086,1679382200101
1679382200058,1679382200106
1679382200043,1679382200122
1679382199948,1679382200132
1679382200029,1679382200182
1679382200178,1679382200199
1679382200190,1679382200207
1679382200174,1679382200229
1679382200113,1679382200244
1679382200521,1679382200599
1679382200573,1679382200624
1679382200709,1679382200726
1679382200661,1679382200817
1679382200939,1679382201109
1679382201143,1679382201171
1679382201143,1679382201227
1679382201280,1679382201309
1679382201339,1679382201426
1679382201507,1679382201547
1679382201559,1679382201564
1679382201496,1679382201578
1679382201589,1679382201599
1679382201600,1679382201617
1679382201623,1679382201637
1679382201570,1679382201674
1679382201637,1679382201680
1679382201682,1679382201687
1679382201884,1679382201898
1679382201902,1679382201960
1679382201927,1679382201974
1679382202003,1679382202024
1679382202020,1679382202058
1679382202055,1679382202063
1679382202124,1679382202143
1679382202109,1679382202160
1679382202156,1679382202165
1679382202263,1679382202270
1679382202623,1679382202665
1679382202646,1679382202723
1679382202804,1679382202819
1679382202827,1679382202884
1679382202873,1679382202931
1679382202770,1679382202936
1679382202954,1679382202972
1679382202866,1679382202986
1679382203075,1679382203145
1679382203119,1679382203151
1679382203080,1679382203197
1679382203194,1679382203240
1679382203205,1679382203308
1679382203214,1679382203317
1679382203226,1679382203401
1679382203222,1679382203407
1679382203243,1679382203432
1679382203310,1679382203436
1679382203348,1679382203461
1679382203611,1679382203621
1679382203517,1679382203626
1679382203579,1679382203635
1679382203629,1679382203782
1679382203743,1679382203832
1679382203796,1679382203834
1679382203795,1679382203859
1679382203868,1679382203884
1679382203984,1679382203993
1679382204112,1679382204131
1679382204152,1679382204255
1679382203953,1679382204274
1679382204401,1679382204418
1679382204340,1679382204441
1679382204504,1679382204536
1679382204549,1679382204570
1679382204609,1679382204628
1679382204624,1679382204640
1679382204618,1679382204675
1679382204591,1679382204752
1679382204777,1679382204851
1679382204851,1679382204898
1679382204923,1679382204935
1679382204953,1679382204964
1679382204928,1679382204970
1679382204962,1679382205035
1679382205051,1679382205114
1679382205084,1679382205154
1679382205055,1679382205158
1679382205123,1679382205182
1679382205195,1679382205228
1679382205194,1679382205242
1679382205274,1679382205287
1679382205290,1679382205427
1679382205428,1679382205443
1679382205455,1679382205486
1679382205526,1679382205579
1679382205474,1679382205619
1679382205663,1679382205673
1679382205637,1679382205691
1679382205747,1679382205805
1679382205825,1679382205830
1679382205973,1679382206003
1679382206035,1679382206052
1679382206066,1679382206075
1679382206076,1679382206154
1679382206276,1679382206322
1679382206103,1679382206345
1679382206405,1679382206459
1679382206709,1679382206713
1679382206778,1679382206788
1679382206724,1679382206790
1679382206747,1679382206834
1679382206816,1679382206870
1679382206908,1679382206914
1679382206782,1679382207006
1679382206981,1679382207069
1679382206795,1679382207109
1679382207013,1679382207120
1679382207014,1679382207164
1679382207056,1679382207182
1679382207142,1679382207291
1679382207176,1679382207299
1679382207224,1679382207307
1679382207022,1679382207314
1679382206856,1679382207328
1679382207198,1679382207330
1679382207490,1679382207511
1679382207623,1679382207649
1679382207787,1679382207812
1679382207689,1679382207846
1679382207864,1679382207876
1679382207833,1679382207954
1679382207974,1679382208027
1679382207984,1679382208041
1679382208102,1679382208158
1679382208149,1679382208184
1679382208146,1679382208209
1679382208162,1679382208223
1679382208217,1679382208225
1679382208169,1679382208229
1679382208146,1679382208244
1679382208361,1679382208370
1679382208412,1679382208454
1679382208410,1679382208527
1679382208566,1679382208598
1679382208694,1679382208778
1679382208714,1679382208794
1679382208863,1679382208874
1679382208922,1679382208968
1679382208967,1679382208988
1679382209003,1679382209047
1679382209074,1679382209125
1679382209171,1679382209214
1679382209090,1679382209286
1679382209280,1679382209294
1679382209193,1679382209305
1679382209183,1679382209322
1679382209194,1679382209325
1679382209352,1679382209379
1679382209197,1679382209383
1679382209317,1679382209402
1679382209321,1679382209443
1679382209252,1679382209528
1679382209536,1679382209560
1679382209544,1679382209589
1679382209602,1679382209633
1679382209591,1679382209687
1679382209667,1679382209735
1679382209878,1679382209885
1679382209839,1679382209901
1679382209911,1679382209953
1679382209881,1679382209969
1679382209944,1679382209975
1679382209959,1679382209995
1679382209927,1679382210202
1679382210127,1679382210242
1679382210288,1679382210292
1679382210439,1679382210473
1679382210466,1679382210481
1679382210504,1679382210554
1679382210470,1679382210554
1679382210560,1679382210569
1679382210569,1679382210652
1679382210765,1679382210799
1679382210866,1679382210873
1679382210824,1679382210888
1679382210864,1679382210909
1679382210823,1679382210909
1679382210921,1679382210924
1679382211011,1679382211019
1679382210976,1679382211020
1679382211014,1679382211065
1679382211044,1679382211131
1679382211057,1679382211158
1679382211095,1679382211205
1679382211199,1679382211248
1679382211264,1679382211284
1679382211256,1679382211309
1679382211330,1679382211354
1679382211359,1679382211426
1679382211488,1679382211527
1679382211580,1679382211595
1679382211590,1679382211635
1679382211648,1679382211652
1679382211735,1679382211806
1679382211756,1679382211813
1679382211836,1679382211852
1679382211948,1679382211955
1679382211966,1679382211975
1679382211959,1679382212065
1679382212228,1679382212233
1679382212163,1679382212246
1679382212291,1679382212339
1679382212360,1679382212363
1679382212328,1679382212369
1679382212488,1679382212532
1679382212495,1679382212567
1679382212639,1679382212664
1679382212695,1679382212703
1679382212669,1679382212736
1679382212759,1679382212790
1679382212826,1679382212852
1679382212803,1679382212860
1679382212926,1679382212930
1679382212960,1679382212973
1679382212961,1679382213000
1679382212996,1679382213012
1679382213019,1679382213040
1679382212868,1679382213101
1679382213122,1679382213131
1679382213207,1679382213213
1679382213179,1679382213258
1679382213184,1679382213265
1679382213107,1679382213274
1679382213107,1679382213367
1679382213036,1679382213406
1679382213296,1679382213447
1679382213437,1679382213460
1679382213504,1679382213508
1679382213325,1679382213565
1679382213574,1679382213595
1679382213573,1679382213598
1679382213683,1679382213692
1679382213647,1679382213696
1679382213695,1679382213756
1679382213895,1679382213899
1679382213943,1679382213962
1679382213766,1679382214054
1679382214166,1679382214192
1679382214134,1679382214213
1679382214212,1679382214255
1679382214224,1679382214281
1679382214169,1679382214304
1679382214302,1679382214317
1679382214255,1679382214347
1679382214476,1679382214517
1679382214517,1679382214526
1679382214614,1679382214650
1679382214653,1679382214670
1679382214677,1679382214683
1679382214680,1679382214692
1679382214733,1679382214739
1679382214766,1679382214769
1679382214671,1679382214790
1679382214938,1679382214952
1679382214859,1679382214986
1679382214953,1679382214993
1679382214993,1679382215027
1679382215094,1679382215219
1679382215181,1679382215231
1679382215205,1679382215288
1679382215306,1679382215393
1679382215425,1679382215441
1679382215417,1679382215461
1679382215299,1679382215481
1679382215459,1679382215501
1679382215501,1679382215519
1679382215288,1679382215541
1679382215329,1679382215582
1679382215621,1679382215634
1679382215650,1679382215679
1679382215729,1679382215774
1679382215753,1679382215793
1679382215733,1679382215802
1679382215753,1679382215845
1679382215893,1679382215918
1679382215879,1679382216033
1679382216049,1679382216063
1679382216047,1679382216067
1679382215973,1679382216111
1679382216137,1679382216172
1679382216182,1679382216194
1679382216200,1679382216234
1679382216173,1679382216259
1679382216330,1679382216350
1679382216333,1679382216358
1679382216329,1679382216369
1679382216457,1679382216506
1679382216401,1679382216515
1679382216535,1679382216549
1679382216489,1679382216553
1679382216630,1679382216638
1679382216778,1679382216825
1679382216670,1679382216842
1679382216924,1679382216938
1679382216948,1679382216968
1679382216974,1679382216984
1679382216961,1679382217056
1679382216917,1679382217081
1679382216953,1679382217082
1679382217081,1679382217109
1679382217117,1679382217144
1679382217105,1679382217150
1679382217140,1679382217161
1679382217288,1679382217311
1679382217275,1679382217342
1679382217305,1679382217389
1679382217406,1679382217423
1679382217415,1679382217451
1679382217473,1679382217549
1679382217601,1679382217613
1679382217548,1679382217636
1679382217670,1679382217691
1679382217709,1679382217724
1679382217764,1679382217776
1679382217765,1679382217797
1679382217776,1679382217813
1679382217812,1679382217901
1679382218054,1679382218086
1679382218129,1679382218159
1679382218114,1679382218181
1679382218113,1679382218246
1679382218258,1679382218321
1679382218256,1679382218326
1679382218341,1679382218364
1679382218385,1679382218391
1679382218582,1679382218588
1679382218553,1679382218622
1679382218595,1679382218745
1679382218767,1679382218771
1679382218618,1679382218775
1679382218727,1679382218852
1679382218830,1679382218880
1679382218647,1679382218988
1679382218844,1679382218996
1679382219174,1679382219204
1679382219054,1679382219224
1679382219158,1679382219281
1679382219288,1679382219296
1679382218947,1679382219329
1679382219257,1679382219462
1679382219285,1679382219469
1679382219234,1679382219472
1679382219248,1679382219511
1679382219120,1679382219528
1679382219271,1679382219540
1679382219281,1679382219564
1679382219284,1679382219590
1679382219296,1679382219607
1679382219545,1679382219689
1679382219265,1679382219740
1679382219205,1679382219771
1679382219271,1679382219802
1679382219290,1679382219839
1679382219584,1679382219915
1679382219783,1679382219939
1679382219102,1679382219960
1679382219055,1679382220027
1679382219295,1679382220092
1679382219242,1679382220130
1679382220064,1679382220147
1679382219271,1679382220191
1679382218872,1679382220202
1679382220153,1679382220223
1679382219294,1679382220224
1679382219249,1679382220278
1679382219838,1679382220324
1679382220015,1679382220337
1679382219545,1679382220337
1679382219109,1679382220389
1679382219941,1679382220410
1679382220416,1679382220424
1679382219262,1679382220426
1679382219664,1679382220438
1679382220361,1679382220456
1679382219058,1679382220459
1679382219253,1679382220461
1679382219267,1679382220494
1679382220410,1679382220538
1679382220305,1679382220560
1679382220314,1679382220620
1679382219990,1679382220637
1679382220703,1679382220716
1679382220935,1679382220960
1679382220924,1679382221035
1679382220901,1679382221037
1679382220989,1679382221047
1679382220913,1679382221054
1679382221029,1679382221123
1679382221089,1679382221135
1679382221088,1679382221162
1679382221074,1679382221206
1679382221213,1679382221257
1679382221285,1679382221297
1679382221257,1679382221302
1679382221260,1679382221315
1679382221301,1679382221349
1679382221329,1679382221361
1679382221249,1679382221377
1679382221365,1679382221393
1679382221373,1679382221433
1679382221405,1679382221438
1679382221428,1679382221471
1679382221433,1679382221475
1679382221457,1679382221504
1679382221400,1679382221551
1679382221612,1679382221631
1679382221612,1679382221671
1679382221663,1679382221682
1679382221680,1679382221717
1679382221716,1679382221729
1679382221647,1679382221747
1679382221751,1679382221769
1679382221779,1679382221784
1679382221774,1679382221787
1679382221797,1679382221807
1679382221800,1679382221821
1679382221866,1679382221873
1679382221870,1679382221938
1679382221959,1679382221963
1679382221928,1679382221966
1679382222006,1679382222015
1679382222039,1679382222045
1679382222061,1679382222106
1679382222196,1679382222266
1679382222273,1679382222285
1679382222297,1679382222357
1679382222397,1679382222423
1679382222461,1679382222485
1679382222484,1679382222495
1679382222432,1679382222537
1679382222574,1679382222609
1679382222723,1679382222753
1679382222598,1679382222770
1679382222778,1679382222792
1679382222773,1679382222796
1679382222798,1679382222823
1679382222851,1679382222917
1679382223011,1679382223020
1679382223045,1679382223060
1679382223060,1679382223079
1679382223056,1679382223081
1679382223071,1679382223118
1679382223061,1679382223154
1679382223140,1679382223276
1679382223359,1679382223377
1679382223255,1679382223398
1679382223392,1679382223440
1679382223407,1679382223441
1679382223396,1679382223448
1679382223454,1679382223456
1679382223430,1679382223502
1679382223539,1679382223578
1679382223585,1679382223635
1679382223628,1679382223642
1679382223655,1679382223699
1679382223687,1679382223772
1679382223679,1679382223781
1679382223775,1679382223781
1679382223795,1679382223813
1679382223856,1679382223878
1679382223862,1679382223904
1679382223921,1679382223926
1679382223927,1679382223956
1679382223963,1679382223969
1679382223906,1679382223971
1679382223977,1679382223989
1679382223897,1679382224046
1679382224044,1679382224058
1679382224128,1679382224145
1679382224131,1679382224172
1679382224115,1679382224187
1679382224190,1679382224202
1679382224158,1679382224207
1679382224118,1679382224236
1679382224240,1679382224252
1679382224234,1679382224261
1679382224146,1679382224345
1679382224362,1679382224408
1679382224387,1679382224432
1679382224306,1679382224466
1679382224473,1679382224491
1679382224307,1679382224513
1679382224509,1679382224540
1679382224469,1679382224586
1679382224556,1679382224590
1679382224588,1679382224627
1679382224648,1679382224703
1679382224649,1679382224729
1679382224643,1679382224779
1679382224466,1679382224834
1679382224848,1679382224864
1679382224356,1679382224874
1679382224392,1679382224916
1679382224620,1679382224943
1679382224416,1679382224964
1679382224729,1679382224967
1679382224980,1679382224985
1679382224928,1679382224990
1679382224883,1679382225014
1679382224732,1679382225049
1679382225035,1679382225119
1679382225088,1679382225175
1679382225115,1679382225201
1679382225172,1679382225229
1679382225206,1679382225256
1679382225304,1679382225320
1679382225249,1679382225331
1679382225273,1679382225352
1679382225342,1679382225430
1679382225421,1679382225446
1679382225469,1679382225510
1679382225512,1679382225535
1679382225521,1679382225556
1679382225681,1679382225741
1679382225708,1679382225746
1679382225777,1679382225785
1679382225828,1679382225951
1679382225889,1679382225971
1679382225908,1679382226004
1679382225863,1679382226029
1679382225798,1679382226046
1679382225996,1679382226056
1679382225850,1679382226106
1679382225973,1679382226134
1679382225812,1679382226347
1679382225792,1679382226376
1679382226173,1679382226386
1679382226323,1679382226403
1679382226448,1679382226462
1679382225758,1679382226473
1679382226452,1679382226474
1679382225801,1679382226530
1679382226304,1679382226555
1679382226539,1679382226572
1679382226080,1679382226590
1679382226022,1679382226638
1679382226593,1679382226647
1679382226436,1679382226663
1679382226508,1679382226667
1679382226697,1679382226706
1679382226425,1679382226764
1679382226784,1679382226799
1679382226078,1679382226804
1679382226740,1679382226826
1679382226782,1679382226831
1679382226149,1679382226842
1679382226905,1679382226966
1679382226291,1679382226974
1679382226788,1679382226986
1679382226701,1679382226987
1679382226660,1679382226991
1679382226560,1679382227118
1679382226098,1679382227149
1679382226924,1679382227171
1679382226888,1679382227183
1679382227220,1679382227273
1679382227240,1679382227277
1679382227251,1679382227278
1679382227211,1679382227357
1679382227356,1679382227361
1679382227303,1679382227411
1679382227416,1679382227437
1679382227420,1679382227439
1679382227418,1679382227447
1679382227442,1679382227488
1679382227510,1679382227526
1679382227489,1679382227545
1679382227468,1679382227570
1679382227551,1679382227587
1679382227674,1679382227709
1679382227841,1679382227877
1679382227797,1679382227884
1679382227860,1679382227903
1679382227948,1679382227990
1679382227890,1679382228007
1679382227973,1679382228059
1679382228021,1679382228081
1679382227954,1679382228155
1679382228059,1679382228164
1679382228268,1679382228299
1679382228173,1679382228300
1679382228152,1679382228340
1679382228232,1679382228368
1679382228308,1679382228378
1679382228380,1679382228385
1679382228292,1679382228388
1679382228319,1679382228402
1679382228416,1679382228423
1679382228312,1679382228424
1679382228387,1679382228442
1679382228166,1679382228443
1679382228284,1679382228446
1679382228373,1679382228567
1679382228623,1679382228647
1679382228644,1679382228674
1679382228504,1679382228679
1679382228703,1679382228717
1679382228670,1679382228754
1679382228750,1679382228784
1679382228702,1679382228785
1679382228725,1679382228816
1679382228653,1679382228826
1679382228709,1679382228867
1679382228899,1679382228923
1679382228911,1679382228948
1679382228965,1679382228977
1679382228998,1679382229082
1679382229035,1679382229133
1679382229070,1679382229177
1679382229098,1679382229180
1679382229072,1679382229182
1679382229206,1679382229295
1679382229383,1679382229457
1679382229603,1679382229625
1679382229819,1679382229870
1679382230218,1679382230284
1679382230131,1679382230318
1679382230403,1679382230417
1679382230751,1679382230797
1679382230801,1679382230838
1679382230825,1679382230899
1679382230887,1679382230955
1679382230815,1679382230958
1679382230982,1679382231046
1679382231206,1679382231225
1679382231214,1679382231293
1679382231494,1679382231521
1679382231722,1679382231754
1679382231883,1679382231895
1679382231950,1679382232068
1679382231934,1679382232103
1679382232251,1679382232289
1679382232306,1679382232319
1679382232353,1679382232373
1679382232430,1679382232449
1679382232422,1679382232462
1679382232621,1679382232635
1679382232710,1679382232747
1679382232779,1679382232796
1679382232927,1679382233076
1679382233068,1679382233155
1679382233239,1679382233313
1679382233542,1679382233601
1679382233470,1679382233664
1679382233427,1679382233732
1679382233828,1679382233863
1679382233919,1679382233932
1679382233919,1679382234112
1679382234111,1679382234132
1679382234219,1679382234231
1679382234268,1679382234298
1679382234414,1679382234489
1679382234454,1679382234525
1679382234768,1679382234783
1679382234880,1679382234900
1679382235041,1679382235061
1679382234955,1679382235109
1679382235087,1679382235181
1679382235316,1679382235360
1679382235387,1679382235483
1679382235904,1679382235946
1679382235824,1679382235969
1679382236048,1679382236097
1679382236074,1679382236120
1679382236371,1679382236389
1679382236449,1679382236517
1679382236518,1679382236546
1679382236685,1679382236700
1679382236697,1679382236764
1679382236693,1679382236792
1679382237136,1679382237190
1679382237253,1679382237273
1679382237297,1679382237354
1679382237540,1679382237543
1679382237528,1679382237578
1679382237810,1679382237821
1679382237849,1679382237858
1679382238057,1679382238112
1679382238093,1679382238164
1679382238197,1679382238236
1679382238317,1679382238322
1679382238367,1679382238479
1679382238433,1679382238537
1679382238534,1679382238542
1679382238793,1679382238912
1679382238953,1679382238999
1679382238901,1679382239096
1679382239237,1679382239246
1679382239283,1679382239288
1679382239598,1679382239627
1679382239628,1679382239635
1679382239648,1679382239652
1679382239639,1679382239656
1679382239658,1679382239683
1679382239693,1679382239728
1679382239697,1679382239874
1679382239678,1679382239898
1679382239705,1679382239905
1679382239690,1679382239911
1679382239686,1679382239979
1679382239658,1679382239987
1679382239672,1679382239992
1679382239712,1679382240001
1679382239706,1679382240006
1679382239738,1679382240028
1679382239681,1679382240033
1679382239841,1679382240070
1679382239652,1679382240091
1679382239705,1679382240125
1679382239687,1679382240134
1679382239663,1679382240147
1679382239680,1679382240148
1679382239664,1679382240150
1679382240097,1679382240185
1679382240233,1679382240329
1679382240361,1679382240416
1679382240617,1679382240623
1679382240700,1679382240737
1679382240740,1679382240764
1679382240869,1679382240895
1679382240914,1679382240978
1679382240946,1679382240998
1679382241000,1679382241155
1679382241297,1679382241313
1679382241358,1679382241433
1679382241425,1679382241441
1679382241558,1679382241571
1679382241476,1679382241618
1679382241637,1679382241648
1679382241657,1679382241696
1679382241693,1679382241771
1679382241704,1679382241805
1679382241725,1679382241854
1679382241696,1679382241901
1679382241868,1679382241909
1679382241869,1679382241922
1679382241920,1679382241923
1679382241820,1679382241980
1679382241960,1679382242040
1679382242037,1679382242048
1679382242047,1679382242145
1679382241929,1679382242162
1679382241761,1679382242203
1679382241900,1679382242267
1679382241972,1679382242282
1679382241936,1679382242303
1679382242017,1679382242325
1679382242129,1679382242350
1679382242095,1679382242362
1679382242347,1679382242365
1679382242384,1679382242415
1679382242448,1679382242462
1679382242519,1679382242532
1679382242603,1679382242617
1679382242847,1679382242857
1679382242959,1679382243007
1679382242939,1679382243017
1679382242988,1679382243033
1679382243023,1679382243113
1679382243149,1679382243219
1679382243180,1679382243238
1679382243227,1679382243293
1679382243216,1679382243353
1679382243324,1679382243483
1679382243223,1679382243510
1679382243475,1679382243514
1679382243354,1679382243533
1679382243236,1679382243559
1679382243573,1679382243582
1679382243672,1679382243702
1679382243694,1679382243712
1679382243701,1679382243738
1679382243698,1679382243751
1679382243691,1679382243877
1679382243771,1679382243915
1679382243935,1679382243981
1679382243928,1679382243984
1679382243702,1679382244013
1679382243781,1679382244030
1679382244007,1679382244051
1679382244051,1679382244057
1679382244067,1679382244121
1679382244051,1679382244127
1679382244187,1679382244229
1679382244266,1679382244270
1679382244255,1679382244321
1679382244191,1679382244337
1679382244351,1679382244405
1679382244392,1679382244414
1679382244414,1679382244511
1679382244650,1679382244698
1679382244664,1679382244714
1679382244635,1679382244735
1679382244812,1679382244855
1679382244892,1679382244908
1679382244831,1679382244961
1679382244879,1679382244967
1679382244924,1679382245033
1679382244999,1679382245086
1679382245059,1679382245118
1679382245140,1679382245170
1679382245079,1679382245192
1679382245216,1679382245240
1679382245082,1679382245246
1679382245248,1679382245254
1679382245268,1679382245284
1679382245192,1679382245286
1679382245283,1679382245309
1679382245364,1679382245389
1679382245350,1679382245396
1679382245410,1679382245428
1679382245528,1679382245566
1679382245526,1679382245567
1679382245563,1679382245590
1679382245605,1679382245611
1679382245522,1679382245621
1679382245579,1679382245638
1679382245700,1679382245707
1679382245844,1679382245854
1679382245820,1679382245883
1679382245860,1679382245942
1679382245699,1679382245952
1679382245945,1679382245962
1679382246036,1679382246048
1679382246068,1679382246084
1679382246180,1679382246210
1679382246163,1679382246237
1679382246200,1679382246288
1679382246274,1679382246309
1679382246309,1679382246328
1679382246244,1679382246386
1679382246444,1679382246475
1679382246500,1679382246513
1679382246443,1679382246533
1679382246499,1679382246535
1679382246411,1679382246624
1679382246535,1679382246631
1679382246660,1679382246665
1679382246625,1679382246682
1679382246704,1679382246756
1679382246783,1679382246850
1679382246837,1679382246857
1679382246851,1679382246869
1679382246934,1679382246988
1679382246932,1679382246992
1679382246991,1679382247007
1679382247003,1679382247008
1679382247024,1679382247051
1679382247076,1679382247086
1679382247009,1679382247104
1679382247041,1679382247121
1679382247116,1679382247162
1679382247112,1679382247212
1679382247349,1679382247411
1679382247372,1679382247421
1679382247413,1679382247486
1679382247511,1679382247524
1679382247571,1679382247622
1679382247633,1679382247714
1679382247647,1679382247805
1679382247773,1679382247819
1679382247875,1679382247891
1679382247908,1679382247943
1679382247931,1679382247955
1679382247981,1679382247998
1679382247923,1679382248005
1679382247982,1679382248085
1679382248081,1679382248151
1679382248047,1679382248162
1679382248229,1679382248239
1679382248261,1679382248293
1679382248269,1679382248308
1679382248282,1679382248310
1679382248286,1679382248352
1679382248343,1679382248374
1679382248401,1679382248420
1679382248364,1679382248433
1679382248393,1679382248444
1679382248359,1679382248490
1679382248423,1679382248517
1679382248578,1679382248615
1679382248563,1679382248698
1679382248633,1679382248733
1679382248665,1679382248799
1679382248750,1679382248844
1679382248972,1679382249062
1679382248967,1679382249087
1679382249065,1679382249097
1679382249220,1679382249235
1679382249173,1679382249240
1679382249282,1679382249285
1679382249088,1679382249317
1679382249312,1679382249355
1679382249352,1679382249386
1679382249446,1679382249453
1679382249462,1679382249465
1679382249502,1679382249519
1679382249538,1679382249592
1679382249586,1679382249604
1679382249611,1679382249632
1679382249951,1679382250052
1679382250074,1679382250195
1679382250135,1679382250257
1679382250319,1679382250359
1679382250422,1679382250431
1679382250450,1679382250465
1679382250487,1679382250502
1679382250583,1679382250618
1679382250715,1679382250734
1679382250721,1679382250818
1679382250942,1679382250975
1679382250990,1679382251025
1679382251035,1679382251056
1679382251454,1679382251458
1679382251415,1679382251483
1679382251499,1679382251522
1679382251634,1679382251735
1679382251779,1679382251824
1679382251880,1679382251930
1679382251860,1679382251941
1679382251842,1679382251947
1679382252007,1679382252022
1679382252019,1679382252108
1679382252467,1679382252496
1679382252472,1679382252527
1679382252559,1679382252623
1679382253107,1679382253144
1679382253044,1679382253174
1679382253224,1679382253238
1679382253096,1679382253341
1679382253248,1679382253344
1679382253396,1679382253521
1679382253464,1679382253533
1679382253648,1679382253655
1679382253524,1679382253675
1679382253868,1679382253933
1679382254136,1679382254164
1679382254216,1679382254412
1679382254440,1679382254493
1679382254500,1679382254508
1679382254556,1679382254595
1679382254636,1679382254679
1679382254878,1679382254908
1679382254990,1679382254996
1679382255049,1679382255095
1679382255206,1679382255213
1679382255304,1679382255365
1679382255441,1679382255483
1679382255708,1679382255725
1679382255914,1679382255934
1679382256057,1679382256065
1679382256077,1679382256102
1679382255936,1679382256102
1679382256330,1679382256348
1679382256406,1679382256429
1679382256461,1679382256478
1679382256427,1679382256516
1679382256634,1679382256655
1679382256870,1679382256949
1679382256958,1679382256961
1679382257133,1679382257151
1679382257357,1679382257377
1679382257385,1679382257393
1679382257517,1679382257527
1679382257702,1679382257726
1679382257745,1679382257794
1679382257749,1679382257796
1679382258037,1679382258057
1679382258238,1679382258256
1679382258262,1679382258333
1679382258331,1679382258342
1679382258481,1679382258510
1679382258447,1679382258511
1679382258577,1679382258631
1679382258934,1679382258955
1679382258985,1679382258989
1679382259017,1679382259026
1679382259192,1679382259196
1679382259497,1679382259511
1679382259529,1679382259596
1679382259573,1679382259713
1679382259621,1679382259758
1679382259752,1679382259791
1679382259740,1679382259794
1679382259929,1679382259940
1679382259928,1679382259953
1679382259957,1679382259971
1679382259951,1679382259971
1679382259967,1679382259978
1679382259941,1679382260032
1679382259993,1679382260102
1679382260007,1679382260105
1679382259978,1679382260148
1679382259949,1679382260156
1679382259966,1679382260199
1679382259984,1679382260270
1679382259986,1679382260304
1679382259984,1679382260314
1679382260032,1679382260346
1679382260019,1679382260350
1679382260022,1679382260368
1679382260003,1679382260372
1679382260028,1679382260373
1679382259971,1679382260385
1679382259960,1679382260390
1679382259989,1679382260392
1679382259968,1679382260415
1679382259998,1679382260440
1679382260004,1679382260455
1679382260014,1679382260467
1679382259977,1679382260486
1679382260513,1679382260554
1679382260172,1679382260594
1679382260524,1679382260619
1679382260019,1679382260687
1679382260633,1679382260689
1679382259953,1679382260699
1679382260014,1679382260707
1679382259981,1679382260716
1679382260785,1679382260827
1679382260768,1679382260835
1679382260944,1679382260957
1679382260980,1679382261006
1679382261048,1679382261089
1679382261329,1679382261345
1679382261270,1679382261446
1679382261401,1679382261482
1679382261517,1679382261617
1679382261645,1679382261650
1679382261688,1679382261728
1679382261724,1679382261757
1679382261763,1679382261797
1679382261777,1679382261804
1679382261688,1679382261805
1679382261717,1679382261934
1679382261853,1679382261968
1679382261945,1679382262037
1679382262013,1679382262053
1679382262081,1679382262093
1679382262209,1679382262219
1679382262215,1679382262257
1679382262280,1679382262290
1679382262239,1679382262310
1679382262373,1679382262379
1679382262321,1679382262391
1679382262344,1679382262399
1679382262344,1679382262402
1679382262267,1679382262409
1679382262306,1679382262432
1679382262336,1679382262463
1679382262429,1679382262490
1679382262440,1679382262510
1679382262505,1679382262535
1679382262543,1679382262563
1679382262503,1679382262610
1679382262613,1679382262629
1679382262585,1679382262653
1679382262621,1679382262676
1679382262637,1679382262681
1679382262696,1679382262740
1679382262761,1679382262796
1679382262773,1679382262797
1679382262808,1679382262833
1679382262931,1679382262941
1679382262934,1679382263001
1679382263017,1679382263052
1679382263056,1679382263074
1679382263034,1679382263092
1679382263076,1679382263133
1679382263099,1679382263156
1679382263146,1679382263158
1679382263199,1679382263224
1679382263135,1679382263230
1679382263235,1679382263281
1679382263356,1679382263362
1679382263356,1679382263374
1679382263442,1679382263456
1679382263553,1679382263566
1679382263548,1679382263586
1679382263595,1679382263628
1679382263826,1679382263857
1679382263823,1679382263875
1679382263835,1679382263930
1679382263880,1679382263934
1679382263947,1679382263951
1679382263970,1679382263985
1679382263960,1679382263997
1679382263995,1679382264012
1679382264119,1679382264126
1679382264095,1679382264138
1679382264126,1679382264147
1679382264098,1679382264151
1679382264243,1679382264245
1679382264098,1679382264274
1679382264240,1679382264290
1679382264194,1679382264322
1679382264296,1679382264336
1679382264382,1679382264398
1679382264395,1679382264442
1679382264445,1679382264469
1679382264476,1679382264553
1679382264563,1679382264571
1679382264552,1679382264580
1679382264570,1679382264637
1679382264608,1679382264641
1679382264686,1679382264690
1679382264678,1679382264736
1679382264682,1679382264745
1679382264736,1679382264748
1679382264714,1679382264750
1679382264706,1679382264810
1679382264839,1679382264844
1679382264853,1679382264863
1679382264846,1679382264873
1679382264857,1679382264884
1679382264846,1679382264887
1679382264903,1679382264916
1679382265033,1679382265110
1679382264974,1679382265124
1679382265090,1679382265125
1679382265194,1679382265257
1679382265250,1679382265267
1679382265192,1679382265294
1679382265186,1679382265310
1679382265229,1679382265316
1679382265350,1679382265377
1679382265342,1679382265406
1679382265255,1679382265427
1679382265200,1679382265430
1679382265491,1679382265496
1679382265418,1679382265507
1679382265602,1679382265616
1679382265574,1679382265670
1679382265600,1679382265677
1679382265628,1679382265687
1679382265662,1679382265725
1679382265757,1679382265807
1679382265719,1679382265867
1679382265864,1679382265893
1679382265914,1679382265948
1679382265954,1679382265965
1679382265985,1679382265995
1679382265854,1679382266031
1679382266004,1679382266052
1679382266085,1679382266133
1679382266084,1679382266135
1679382266099,1679382266262
1679382266208,1679382266294
1679382266208,1679382266328
1679382266376,1679382266398
1679382266282,1679382266414
1679382266301,1679382266420
1679382266427,1679382266436
1679382266444,1679382266448
1679382266268,1679382266462
1679382266460,1679382266473
1679382266460,1679382266473
1679382266481,1679382266495
1679382266581,1679382266617
1679382266617,1679382266624
1679382266585,1679382266698
1679382266714,1679382266720
1679382266724,1679382266735
1679382266752,1679382266756
1679382266721,1679382266807
1679382266858,1679382266877
1679382266805,1679382266909
1679382266848,1679382266921
1679382266924,1679382266968
1679382266948,1679382267042
1679382266941,1679382267090
1679382266945,1679382267134
1679382266984,1679382267140
1679382267132,1679382267148
1679382267118,1679382267197
1679382267018,1679382267225
1679382267219,1679382267226
1679382267244,1679382267257
1679382267036,1679382267257
1679382267258,1679382267266
1679382267246,1679382267273
1679382267143,1679382267300
1679382267332,1679382267341
1679382267274,1679382267354
1679382267213,1679382267370
1679382267140,1679382267373
1679382267368,1679382267374
1679382267403,1679382267464
1679382267450,1679382267517
1679382267575,1679382267596
1679382267694,1679382267713
1679382267332,1679382267728
1679382267423,1679382267736
1679382267794,1679382267839
1679382267765,1679382267867
1679382267884,1679382267906
1679382267890,1679382267942
1679382267875,1679382267959
1679382267852,1679382267993
1679382267983,1679382267994
1679382268038,1679382268106
1679382268055,1679382268146
1679382267932,1679382268146
1679382268117,1679382268188
1679382268235,1679382268242
1679382268082,1679382268282
1679382268126,1679382268303
1679382268065,1679382268359
1679382268191,1679382268368
1679382267522,1679382268406
1679382268350,1679382268456
1679382268384,1679382268567
1679382268228,1679382268605
1679382268579,1679382268605
1679382267839,1679382268623
1679382268301,1679382268638
1679382268615,1679382268680
1679382268728,1679382268816
1679382268581,1679382268826
1679382268707,1679382268864
1679382268738,1679382269022
1679382268951,1679382269033
1679382268891,1679382269090
1679382269045,1679382269105
1679382268730,1679382269116
1679382269071,1679382269153
1679382269207,1679382269246
1679382269220,1679382269269
1679382269144,1679382269271
1679382269275,1679382269293
1679382269278,1679382269356
1679382269348,1679382269435
1679382269452,1679382269495
1679382269478,1679382269506
1679382269455,1679382269553
1679382269542,1679382269580
1679382269520,1679382269589
1679382269576,1679382269624
1679382269614,1679382269655
1679382269612,1679382269702
1679382269699,1679382269739
1679382269770,1679382269827
1679382269815,1679382269842
1679382269810,1679382269912
1679382269836,1679382269935
1679382269923,1679382269943
1679382269955,1679382269987
1679382270001,1679382270027
1679382270104,1679382270140
1679382270132,1679382270151
1679382270116,1679382270168
1679382269982,1679382270170
1679382270127,1679382270213
1679382270096,1679382270226
1679382270127,1679382270261
1679382270255,1679382270280
1679382270162,1679382270282
1679382270084,1679382270287
1679382270160,1679382270295
1679382270078,1679382270321
1679382270088,1679382270344
1679382270182,1679382270361
1679382270078,1679382270390
1679382270093,1679382270405
1679382270144,1679382270411
1679382270334,1679382270416
1679382270384,1679382270441
1679382270315,1679382270467
1679382270467,1679382270509
1679382270466,1679382270510
1679382270120,1679382270515
1679382270097,1679382270537
1679382270106,1679382270571
1679382270112,1679382270576
1679382270520,1679382270592
1679382270498,1679382270593
1679382270113,1679382270634
1679382270592,1679382270687
1679382270147,1679382270721
1679382270562,1679382270749
1679382270668,1679382270763
1679382270127,1679382270765
1679382270484,1679382270778
1679382270092,1679382270799
1679382270068,1679382270821
1679382270102,1679382270854
1679382270581,1679382270854
1679382270829,1679382270899
1679382270546,1679382270903
1679382270121,1679382270915
1679382270767,1679382270918
1679382270644,1679382270964
1679382270947,1679382271004
1679382270980,1679382271046
1679382270958,1679382271047
1679382270986,1679382271077
1679382271019,1679382271106
1679382271095,1679382271112
1679382271058,1679382271144
1679382271173,1679382271209
1679382271150,1679382271229
1679382271203,1679382271260
1679382271187,1679382271308
1679382271313,1679382271335
1679382271273,1679382271348
1679382271322,1679382271353
1679382271397,1679382271409
1679382271417,1679382271426
1679382271385,1679382271483
1679382271449,1679382271485
1679382271501,1679382271511
1679382271511,1679382271518
1679382271494,1679382271532
1679382271517,1679382271536
1679382271573,1679382271577
1679382271561,1679382271597
1679382271721,1679382271727
1679382271738,1679382271768
1679382271897,1679382271903
1679382271890,1679382271950
1679382272015,1679382272031
1679382272004,1679382272036
1679382272031,1679382272109
1679382272117,1679382272132
1679382272029,1679382272134
1679382272058,1679382272137
1679382272169,1679382272226
1679382272193,1679382272240
1679382272313,1679382272327
1679382272326,1679382272368
1679382272336,1679382272374
1679382272401,1679382272437
1679382272405,1679382272452
1679382272475,1679382272534
1679382272550,1679382272564
1679382272566,1679382272570
1679382272612,1679382272632
1679382272669,1679382272674
1679382272618,1679382272689
1679382272675,1679382272702
1679382272745,1679382272750
1679382272725,1679382272780
1679382272768,1679382272785
1679382272809,1679382272833
1679382272853,1679382272876
1679382272867,1679382272916
1679382272906,1679382272956
1679382272860,1679382272963
1679382272814,1679382273033
1679382273014,1679382273052
1679382272948,1679382273054
1679382272805,1679382273101
1679382273113,1679382273130
1679382273161,1679382273215
1679382273299,1679382273339
1679382273249,1679382273377
1679382273397,1679382273437
1679382273290,1679382273444
1679382273482,1679382273490
1679382273359,1679382273494
1679382273469,1679382273500
1679382273495,1679382273539
1679382273439,1679382273554
1679382273580,1679382273596
1679382273578,1679382273624
1679382273595,1679382273700
1679382273575,1679382273741
1679382273651,1679382273752
1679382273819,1679382273825
1679382273790,1679382273923
1679382274001,1679382274009
1679382273917,1679382274022
1679382274063,1679382274131
1679382274111,1679382274147
1679382274129,1679382274163
1679382274143,1679382274181
1679382274198,1679382274211
1679382274189,1679382274226
1679382274178,1679382274231
1679382274075,1679382274277
1679382274281,1679382274299
1679382274166,1679382274337
1679382274347,1679382274361
1679382274399,1679382274431
1679382274370,1679382274459
1679382274403,1679382274515
1679382274545,1679382274557
1679382274506,1679382274647
1679382274562,1679382274671
1679382274596,1679382274676
1679382274609,1679382274684
1679382274691,1679382274699
1679382274731,1679382274741
1679382274631,1679382274802
1679382274678,1679382274832
1679382274795,1679382274834
1679382274800,1679382274867
1679382274884,1679382274914
1679382274894,1679382274939
1679382274961,1679382274969
1679382275006,1679382275044
1679382274978,1679382275090
1679382275061,1679382275123
1679382274973,1679382275140
1679382275081,1679382275156
1679382275148,1679382275184
1679382275203,1679382275234
1679382275235,1679382275250
1679382275212,1679382275272
1679382275258,1679382275290
1679382275245,1679382275356
1679382275331,1679382275362
1679382275364,1679382275372
1679382275371,1679382275377
1679382275333,1679382275382
1679382275422,1679382275448
1679382275419,1679382275454
1679382275377,1679382275476
1679382275479,1679382275488
1679382275496,1679382275564
1679382275513,1679382275569
1679382275455,1679382275569
1679382275571,1679382275609
1679382275615,1679382275656
1679382275662,1679382275678
1679382275662,1679382275682
1679382275697,1679382275796
1679382275694,1679382275811
1679382275810,1679382275841
1679382275518,1679382275873
1679382275670,1679382275930
1679382275881,1679382275940
1679382275891,1679382275958
1679382275963,1679382275984
1679382275978,1679382275994
1679382275790,1679382276024
1679382275986,1679382276055
1679382276087,1679382276090
1679382276066,1679382276101
1679382276114,1679382276150
1679382276063,1679382276152
1679382276198,1679382276209
1679382276239,1679382276276
1679382276147,1679382276282
1679382276069,1679382276282
1679382275915,1679382276304
1679382276271,1679382276347
1679382276268,1679382276422
1679382276374,1679382276429
1679382276203,1679382276429
1679382276182,1679382276516
1679382276225,1679382276526
1679382276522,1679382276585
1679382276548,1679382276635
1679382276595,1679382276678
1679382276603,1679382276710
1679382276704,1679382276754
1679382276138,1679382276764
1679382276748,1679382276774
1679382276577,1679382276784
1679382276253,1679382276814
1679382276713,1679382276814
1679382276816,1679382276856
1679382276717,1679382276874
1679382276844,1679382276932
1679382276700,1679382276953
1679382276890,1679382277037
1679382276876,1679382277039
1679382277023,1679382277065
1679382276863,1679382277065
1679382276847,1679382277092
1679382277095,1679382277104
1679382277098,1679382277155
1679382277123,1679382277235
1679382277165,1679382277263
1679382277174,1679382277263
1679382277279,1679382277286
1679382277105,1679382277338
1679382277304,1679382277380
1679382277079,1679382277410
1679382277352,1679382277477
1679382277459,1679382277512
1679382277421,1679382277513
1679382277648,1679382277653
1679382277651,1679382277657
1679382277658,1679382277670
1679382277438,1679382277719
1679382277576,1679382277741
1679382277706,1679382277753
1679382277655,1679382277762
1679382277635,1679382277763
1679382277768,1679382277784
1679382277788,1679382277792
1679382277831,1679382277835
1679382277630,1679382277870
1679382277795,1679382277885
1679382277861,1679382277912
1679382277928,1679382277932
1679382277908,1679382277954
1679382277959,1679382278041
1679382278001,1679382278055
1679382277999,1679382278076
1679382278071,1679382278087
1679382278084,1679382278092
1679382278099,1679382278140
1679382278126,1679382278143
1679382278116,1679382278155
1679382278189,1679382278226
1679382278228,1679382278279
1679382277969,1679382278327
1679382278242,1679382278360
1679382278308,1679382278381
1679382278397,1679382278412
1679382278380,1679382278471
1679382278339,1679382278534
1679382278556,1679382278571
1679382278563,1679382278573
1679382278350,1679382278583
1679382278505,1679382278585
1679382278293,1679382278601
1679382278665,1679382278724
1679382278344,1679382278736
1679382278578,1679382278755
1679382278749,1679382278813
1679382278671,1679382278820
1679382278792,1679382278856
1679382278880,1679382278885
1679382278648,1679382278894
1679382278786,1679382278946
1679382278419,1679382278975
1679382278969,1679382278979
1679382278967,1679382279032
1679382279017,1679382279076
1679382279060,1679382279097
1679382278976,1679382279122
1679382278828,1679382279124
1679382279159,1679382279170
1679382279072,1679382279174
1679382279141,1679382279193
1679382279216,1679382279229
1679382279314,1679382279337
1679382279252,1679382279367
1679382279210,1679382279380
1679382279372,1679382279409
1679382279361,1679382279429
1679382279376,1679382279440
1679382279447,1679382279467
1679382279436,1679382279474
1679382279462,1679382279504
1679382279544,1679382279558
1679382279577,1679382279623
1679382279618,1679382279643
1679382279625,1679382279665
1679382279664,1679382279702
1679382279584,1679382279786
1679382279830,1679382279834
1679382279758,1679382279846
1679382279813,1679382279861
1679382279841,1679382279941
1679382279902,1679382279962
1679382279925,1679382279990
1679382280008,1679382280020
1679382279902,1679382280158
1679382280180,1679382280194
1679382280029,1679382280270
1679382280251,1679382280357
1679382280633,1679382280761
1679382280795,1679382280837
1679382280875,1679382280879
1679382280948,1679382281018
1679382281007,1679382281130
1679382281191,1679382281258
1679382281326,1679382281365
1679382281442,1679382281457
1679382281414,1679382281537
1679382281787,1679382281812
1679382281835,1679382281854
1679382281907,1679382281977
1679382281994,1679382282111
1679382282115,1679382282134
1679382282146,1679382282162
1679382282178,1679382282197
1679382282675,1679382282693
1679382282823,1679382282839
1679382282955,1679382283007
1679382282847,1679382283053
1679382283027,1679382283082
1679382282889,1679382283169
1679382283078,1679382283185
1679382283047,1679382283213
1679382282998,1679382283231
1679382283583,1679382283593
1679382283727,1679382283740
1679382283839,1679382283848
1679382283851,1679382283923
1679382284003,1679382284045
1679382284183,1679382284202
1679382284262,1679382284315
1679382284186,1679382284340
1679382284364,1679382284370
1679382284294,1679382284428
1679382284438,1679382284457
1679382284751,1679382284784
1679382284772,1679382284785
1679382284889,1679382284902
1679382284902,1679382284937
1679382285035,1679382285084
1679382285231,1679382285241
1679382285467,1679382285498
1679382285623,1679382285677
1679382285619,1679382285687
1679382285595,1679382285705
1679382285768,1679382285784
1679382285880,1679382285884
1679382285739,1679382285904
1679382286076,1679382286114
1679382286079,1679382286223
1679382286096,1679382286270
1679382286314,1679382286365
1679382286455,1679382286562
1679382286612,1679382286652
1679382286732,1679382286807
1679382286981,1679382287029
1679382287185,1679382287237
1679382287235,1679382287290
1679382287332,1679382287426
1679382287344,1679382287428
1679382287476,1679382287488
1679382287468,1679382287548
1679382287696,1679382287721
1679382287888,1679382287950
1679382288053,1679382288057
1679382287949,1679382288062
1679382288505,1679382288517
1679382288400,1679382288610
1679382288414,1679382288638
1679382288376,1679382288679
1679382288732,1679382288818
1679382288944,1679382288976
1679382288957,1679382289114
1679382289129,1679382289167
1679382289097,1679382289221
1679382289189,1679382289287
1679382289512,1679382289540
1679382289507,1679382289558
1679382289746,1679382289865
1679382289765,1679382289908
1679382289966,1679382290037
1679382290134,1679382290177
1679382290389,1679382290414
1679382290466,1679382290470
1679382290492,1679382290524
1679382290477,1679382290558
1679382290713,1679382290753
1679382290690,1679382290796
1679382290672,1679382290811
1679382290708,1679382290869
1679382290683,1679382290918
1679382290714,1679382291024
1679382290691,1679382291051
1679382290671,1679382291059
1679382290675,1679382291104
1679382290658,1679382291113
1679382291057,1679382291161
1679382290698,1679382291167
1679382290688,1679382291190
1679382290707,1679382291219
1679382290712,1679382291232
1679382290744,1679382291251
1679382290762,1679382291276
1679382290668,1679382291390
1679382291310,1679382291404
1679382290660,1679382291410
1679382291413,1679382291428
1679382290681,1679382291516
1679382290701,1679382291518
1679382291517,1679382291524
1679382290651,1679382291572
1679382291693,1679382291750
1679382291764,1679382291770
1679382291910,1679382291930
1679382292053,1679382292061
1679382292021,1679382292080
1679382292233,1679382292263
1679382292141,1679382292317
1679382292368,1679382292489
1679382292545,1679382292579
1679382292466,1679382292580
1679382292548,1679382292601
1679382292681,1679382292719
1679382292736,1679382292764
1679382292777,1679382292800
1679382292697,1679382292829
1679382292833,1679382292849
1679382292900,1679382292934
1679382292924,1679382292957
1679382292985,1679382292997
1679382293001,1679382293005
1679382293085,1679382293102
1679382293081,1679382293110
1679382293057,1679382293131
1679382293081,1679382293160
1679382292924,1679382293160
1679382293057,1679382293166
1679382292890,1679382293203
1679382293189,1679382293213
1679382293164,1679382293218
1679382293040,1679382293231
1679382293309,1679382293332
1679382293392,1679382293396
1679382293521,1679382293573
1679382293513,1679382293594
1679382293501,1679382293605
1679382293681,1679382293690
1679382293580,1679382293754
1679382293799,1679382293804
1679382293945,1679382293970
1679382293971,1679382294010
1679382293955,1679382294012
1679382294060,1679382294141
1679382294030,1679382294144
1679382294197,1679382294221
1679382294051,1679382294228
1679382294302,1679382294308
1679382294307,1679382294319
1679382294275,1679382294375
1679382294355,1679382294378
1679382294441,1679382294447
1679382294464,1679382294475
1679382294491,1679382294506
1679382294528,1679382294550
1679382294555,1679382294570
1679382294583,1679382294602
1679382294703,1679382294720
1679382294707,1679382294747
1679382294703,1679382294816
1679382294731,1679382294827
1679382294824,1679382294867
1679382294878,1679382294883
1679382295015,1679382295021
1679382294997,1679382295139
1679382295097,1679382295156
1679382295122,1679382295170
1679382295124,1679382295175
1679382295186,1679382295210
1679382295183,1679382295279
1679382295169,1679382295312
1679382295400,1679382295420
1679382295532,1679382295547
1679382295467,1679382295548
1679382295475,1679382295582
1679382295550,1679382295597
1679382295523,1679382295637
1679382295631,1679382295657
1679382295711,1679382295728
1679382295718,1679382295740
1679382295769,1679382295810
1679382295771,1679382295851
1679382295770,1679382295886
1679382295793,1679382295897
1679382295825,1679382295919
1679382295883,1679382295927
1679382295995,1679382296041
1679382296079,1679382296115
1679382296149,1679382296159
1679382296199,1679382296249
1679382296204,1679382296256
1679382296252,1679382296260
1679382296242,1679382296269
1679382296305,1679382296312
1679382296291,1679382296314
1679382296441,1679382296446
1679382296306,1679382296452
1679382296431,1679382296453
1679382296723,1679382296799
1679382296617,1679382296826
1679382296532,1679382296827
1679382296879,1679382296884
1679382296494,1679382296909
1679382296848,1679382296932
1679382296849,1679382296952
1679382296836,1679382296968
1679382296979,1679382297023
1679382297029,1679382297053
1679382296687,1679382297088
1679382297068,1679382297121
1679382297120,1679382297138
1679382297108,1679382297209
1679382297196,1679382297249
1679382297164,1679382297259
1679382297272,1679382297302
1679382297460,1679382297486
1679382297440,1679382297490
1679382297491,1679382297521
1679382297560,1679382297564
1679382297524,1679382297622
1679382297605,1679382297679
1679382297684,1679382297689
1679382297676,1679382297714
1679382297731,1679382297754
1679382297787,1679382297794
1679382297739,1679382297804
1679382297853,1679382297864
1679382297967,1679382298005
1679382298020,1679382298084
1679382297992,1679382298089
1679382298107,1679382298144
1679382298084,1679382298155
1679382298156,1679382298198
1679382298162,1679382298204
1679382298278,1679382298300
1679382298253,1679382298305
1679382298433,1679382298466
1679382298411,1679382298498
1679382298307,1679382298499
1679382298471,1679382298504
1679382298511,1679382298517
1679382298560,1679382298570
1679382298564,1679382298606
1679382298635,1679382298641
1679382298627,1679382298681
1679382298721,1679382298801
1679382298799,1679382298812
1679382298699,1679382298856
1679382298856,1679382298925
1679382298849,1679382298930
1679382299041,1679382299046
1679382298979,1679382299050
1679382299111,1679382299144
1679382299217,1679382299224
1679382299229,1679382299277
1679382299277,1679382299302
1679382299209,1679382299337
1679382299367,1679382299384
1679382299445,1679382299473
1679382299511,1679382299633
1679382299623,1679382299655
1679382299720,1679382299724
1679382299723,1679382299785
1679382299768,1679382299796
1679382299790,1679382299814
1679382299805,1679382299820
1679382299918,1679382299957
1679382299948,1679382299965
1679382299840,1679382300095
1679382299965,1679382300100
1679382300103,1679382300121
1679382300090,1679382300132
1679382300130,1679382300133
1679382300241,1679382300263
1679382300244,1679382300275
1679382300227,1679382300300
1679382300272,1679382300308
1679382300317,1679382300348
1679382300533,1679382300583
1679382300675,1679382300689
1679382300710,1679382300749
1679382300778,1679382300826
1679382300791,1679382300869
1679382300784,1679382300905
1679382300782,1679382300935
1679382300827,1679382300941
1679382300805,1679382300958
1679382300768,1679382300976
1679382300839,1679382300985
1679382300816,1679382301019
1679382300773,1679382301025
1679382300723,1679382301061
1679382300808,1679382301090
1679382300760,1679382301092
1679382300777,1679382301110
1679382300999,1679382301121
1679382300843,1679382301136
1679382300829,1679382301136
1679382300750,1679382301211
1679382300808,1679382301237
1679382300770,1679382301266
1679382300799,1679382301269
1679382300834,1679382301294
1679382300799,1679382301301
1679382301250,1679382301310
1679382301145,1679382301328
1679382301089,1679382301334
1679382301338,1679382301372
1679382301345,1679382301381
1679382300815,1679382301423
1679382300755,1679382301424
1679382301114,1679382301461
1679382301065,1679382301465
1679382301393,1679382301480
1679382300811,1679382301480
1679382301144,1679382301487
1679382301285,1679382301490
1679382301528,1679382301534
1679382301221,1679382301551
1679382301409,1679382301574
1679382301027,1679382301587
1679382301293,1679382301602
1679382300794,1679382301678
1679382301556,1679382301714
1679382300815,1679382301725
1679382301566,1679382301744
1679382301504,1679382301751
1679382301677,1679382301787
1679382301641,1679382301790
1679382301670,1679382301797
1679382300759,1679382301838
1679382301827,1679382301860
1679382301655,1679382301932
1679382301981,1679382302006
1679382301933,1679382302013
1679382302107,1679382302120
1679382302057,1679382302132
1679382302327,1679382302361
1679382302285,1679382302376
1679382302384,1679382302401
1679382302493,1679382302504
1679382302581,1679382302585
1679382302613,1679382302638
1679382302653,1679382302723
1679382302701,1679382302732
1679382302720,1679382302869
1679382302842,1679382302889
1679382302882,1679382302894
1679382302776,1679382302946
1679382302801,1679382302963
1679382302933,1679382303025
1679382302755,1679382303090
1679382302993,1679382303099
1679382302829,1679382303103
1679382303047,1679382303128
1679382303122,1679382303157
1679382303041,1679382303163
1679382303184,1679382303201
1679382303184,1679382303251
1679382303222,1679382303271
1679382303268,1679382303280
1679382302956,1679382303313
1679382303311,1679382303315
1679382303345,1679382303409
1679382303061,1679382303449
1679382303152,1679382303460
1679382303375,1679382303467
1679382303255,1679382303580
1679382303521,1679382303591
1679382303630,1679382303647
1679382303660,1679382303671
1679382303726,1679382303771
1679382303570,1679382303773
1679382303700,1679382303814
1679382303705,1679382303848
1679382303883,1679382303904
1679382303691,1679382303941
1679382303804,1679382303946
1679382303894,1679382303949
1679382303783,1679382303998
1679382303961,1679382304002
1679382303756,1679382304019
1679382303996,1679382304021
1679382303972,1679382304039
1679382304096,1679382304203
1679382304214,1679382304234
1679382303784,1679382304306
1679382304297,1679382304312
1679382304227,1679382304318
1679382304058,1679382304332
1679382304082,1679382304386
1679382304403,1679382304441
1679382304364,1679382304466
1679382304055,1679382304470
1679382304507,1679382304518
1679382304099,1679382304546
1679382304328,1679382304557
1679382304343,1679382304559
1679382304399,1679382304586
1679382304631,1679382304652
1679382304679,1679382304707
1679382304704,1679382304729
1679382304734,1679382304744
1679382304763,1679382304773
1679382304758,1679382304820
1679382304824,1679382304832
1679382304712,1679382304857
1679382304808,1679382304878
1679382304876,1679382304917
1679382304863,1679382304976
1679382304916,1679382305033
1679382304995,1679382305082
1679382305140,1679382305173
1679382305123,1679382305199
1679382305243,1679382305249
1679382305275,1679382305305
1679382305288,1679382305357
1679382305286,1679382305389
1679382305328,1679382305419
1679382305415,1679382305421
1679382305463,1679382305519
1679382305459,1679382305525
1679382305551,1679382305567
1679382305542,1679382305589
1679382305566,1679382305618
1679382305559,1679382305629
1679382305561,1679382305635
1679382305544,1679382305642
1679382305686,1679382305724
1679382305496,1679382305724
1679382305773,1679382305781
1679382305783,1679382305826
1679382305825,1679382305920
1679382305930,1679382305934
1679382305911,1679382305959
1679382305991,1679382306016
1679382305864,1679382306142
1679382305828,1679382306144
1679382305828,1679382306154
1679382305949,1679382306199
1679382306173,1679382306207
1679382306119,1679382306287
1679382306079,1679382306319
1679382306314,1679382306345
1679382306311,1679382306377
1679382306391,1679382306451
1679382306460,1679382306502
1679382306508,1679382306529
1679382306108,1679382306533
1679382306550,1679382306570
1679382306595,1679382306604
1679382306514,1679382306611
1679382306603,1679382306621
1679382306616,1679382306633
1679382306723,1679382306730
1679382306647,1679382306739
1679382306777,1679382306792
1679382306731,1679382306795
1679382306770,1679382306805
1679382306799,1679382306846
1679382306870,1679382306897
1679382306936,1679382306942
1679382306899,1679382306990
1679382306829,1679382307008
1679382306940,1679382307008
1679382307034,1679382307037
1679382307044,1679382307144
1679382306986,1679382307162
1679382307128,1679382307168
1679382307124,1679382307173
1679382307160,1679382307184
1679382307102,1679382307196
1679382307263,1679382307273
1679382307272,1679382307332
1679382307288,1679382307333
1679382307273,1679382307340
1679382307352,1679382307360
1679382307295,1679382307361
1679382307392,1679382307398
1679382307442,1679382307473
1679382307482,1679382307487
1679382307514,1679382307559
1679382307519,1679382307582
1679382307552,1679382307614
1679382307577,1679382307679
1679382307694,1679382307698
1679382307671,1679382307736
1679382307743,1679382307758
1679382307713,1679382307800
1679382307700,1679382307805
1679382307594,1679382307854
1679382307646,1679382307855
1679382307669,1679382307872
1679382307709,1679382307905
1679382307711,1679382307928
1679382307732,1679382307956
1679382307890,1679382307975
1679382307909,1679382307978
1679382307580,1679382308013
1679382308028,1679382308103
1679382308157,1679382308210
1679382308019,1679382308212
1679382308228,1679382308237
1679382308130,1679382308240
1679382308291,1679382308333
1679382308168,1679382308342
1679382308288,1679382308346
1679382308268,1679382308386
1679382307998,1679382308431
1679382308436,1679382308444
1679382308447,1679382308497
1679382308443,1679382308523
1679382308494,1679382308528
1679382308334,1679382308543
1679382308592,1679382308614
1679382308546,1679382308638
1679382308688,1679382308709
1679382308708,1679382308724
1679382308740,1679382308821
1679382308724,1679382308831
1679382308834,1679382308850
1679382308916,1679382308924
1679382308702,1679382308950
1679382308948,1679382308961
1679382309093,1679382309103
1679382309121,1679382309130
1679382309102,1679382309137
1679382309213,1679382309225
1679382309241,1679382309283
1679382309193,1679382309315
1679382309324,1679382309334
1679382309281,1679382309341
1679382309295,1679382309361
1679382309295,1679382309371
1679382309416,1679382309458
1679382309357,1679382309496
1679382309560,1679382309613
1679382309579,1679382309620
1679382309559,1679382309623
1679382309546,1679382309673
1679382309385,1679382309681
1679382309414,1679382309693
1679382309663,1679382309747
1679382309452,1679382309760
1679382309752,1679382309766
1679382309757,1679382309777
1679382309491,1679382309809
1679382309842,1679382309858
1679382309890,1679382309945
1679382309859,1679382310008
1679382309965,1679382310019
1679382309903,1679382310034
1679382310027,1679382310082
1679382310091,1679382310099
1679382309870,1679382310104
1679382309882,1679382310122
1679382309965,1679382310139
1679382310020,1679382310159
1679382310038,1679382310181
1679382310201,1679382310220
1679382310136,1679382310229
1679382310217,1679382310245
1679382310243,1679382310301
1679382310247,1679382310322
1679382309925,1679382310362
1679382310237,1679382310393
1679382310268,1679382310403
1679382309885,1679382310429
1679382310267,1679382310446
1679382310542,1679382310550
1679382310431,1679382310588
1679382310334,1679382310604
1679382310609,1679382310619
1679382310354,1679382310625
1679382310631,1679382310657
1679382310646,1679382310662
1679382310530,1679382310685
1679382310577,1679382310710
1679382310739,1679382310746
1679382310661,1679382310764
1679382310767,1679382310776
1679382310891,1679382310929
1679382310883,1679382310969
1679382311043,1679382311064
1679382311086,1679382311097
1679382311080,1679382311197
1679382311294,1679382311323
1679382311141,1679382311345
1679382311559,1679382311573
1679382311491,1679382311586
1679382311582,1679382311622
1679382311697,1679382311730
1679382311721,1679382311763
1679382311747,1679382311795
1679382311795,1679382311800
1679382311801,1679382311853
1679382311858,1679382311876
1679382311872,1679382311921
1679382311958,1679382311964
1679382311999,1679382312054
1679382312066,1679382312075
1679382312018,1679382312089
1679382312052,1679382312107
1679382312097,1679382312150
1679382312251,1679382312313
1679382312345,1679382312355
1679382312339,1679382312386
1679382312422,1679382312436
1679382312417,1679382312456
1679382312442,1679382312502
1679382312545,1679382312548
1679382312527,1679382312577
1679382312600,1679382312627
1679382312663,1679382312745
1679382312762,1679382312766
1679382312826,1679382312859
1679382312912,1679382312983
1679382312941,1679382312995
1679382313015,1679382313075
1679382312885,1679382313149
1679382312970,1679382313173
1679382313145,1679382313180
1679382313118,1679382313188
1679382313087,1679382313277
1679382313417,1679382313469
1679382313502,1679382313545
1679382313407,1679382313561
1679382313500,1679382313581
1679382313531,1679382313607
1679382313303,1679382313617
1679382313374,1679382313632
1679382313674,1679382313737
1679382313714,1679382313753
1679382313519,1679382313791
1679382313554,1679382313809
1679382313630,1679382313841
1679382313831,1679382313857
1679382313805,1679382313894
1679382313721,1679382313948
1679382313586,1679382313981
1679382314055,1679382314058
1679382314039,1679382314116
1679382313779,1679382314154
1679382314057,1679382314154
1679382314121,1679382314176
1679382314204,1679382314209
1679382314214,1679382314229
1679382314246,1679382314257
1679382314343,1679382314373
1679382314286,1679382314382
1679382314429,1679382314444
1679382314409,1679382314468
1679382314520,1679382314525
1679382314473,1679382314541
1679382314577,1679382314592
1679382314623,1679382314640
1679382314595,1679382314662
1679382314662,1679382314690
1679382314706,1679382314728
1679382314771,1679382314778
1679382314889,1679382314898
1679382314874,1679382314921
1679382314959,1679382315017
1679382314986,1679382315017
1679382315113,1679382315242
1679382315238,1679382315305
1679382315293,1679382315401
1679382315432,1679382315453
1679382315503,1679382315525
1679382315487,1679382315565
1679382315506,1679382315571
1679382315555,1679382315593
1679382315645,1679382315690
1679382315565,1679382315713
1679382315747,1679382315755
1679382315652,1679382315766
1679382315588,1679382315839
1679382315695,1679382315860
1679382315837,1679382315863
1679382315671,1679382315876
1679382315739,1679382315914
1679382315914,1679382315933
1679382315661,1679382315989
1679382315989,1679382316008
1679382315993,1679382316025
1679382316024,1679382316030
1679382316050,1679382316053
1679382316007,1679382316056
1679382316155,1679382316262
1679382316168,1679382316291
1679382316156,1679382316297
1679382316259,1679382316328
1679382316244,1679382316375
1679382316399,1679382316403
1679382316431,1679382316466
1679382316440,1679382316514
1679382316404,1679382316515
1679382316640,1679382316673
1679382316655,1679382316693
1679382316728,1679382316803
1679382316651,1679382316823
1679382316760,1679382316873
1679382316936,1679382316991
1679382316951,1679382317037
1679382316954,1679382317062
1679382316903,1679382317082
1679382317008,1679382317169
1679382317030,1679382317177
1679382317036,1679382317191
1679382317172,1679382317197
1679382316891,1679382317238
1679382317412,1679382317430
1679382317428,1679382317435
1679382317365,1679382317450
1679382317500,1679382317521
1679382317585,1679382317594
1679382317596,1679382317623
1679382317680,1679382317688
1679382317694,1679382317697
1679382317664,1679382317722
1679382317715,1679382317731
1679382317647,1679382317739
1679382317719,1679382317759
1679382317740,1679382317783
1679382317763,1679382317809
1679382317792,1679382317839
1679382317872,1679382317882
1679382317920,1679382317952
1679382317984,1679382317991
1679382318021,1679382318031
1679382318055,1679382318066
1679382317893,1679382318140
1679382318111,1679382318151
1679382318208,1679382318213
1679382318335,1679382318364
1679382318380,1679382318403
1679382318412,1679382318449
1679382318444,1679382318521
1679382318597,1679382318622
1679382318782,1679382318824
1679382318892,1679382318916
1679382318937,1679382318943
1679382318941,1679382318976
1679382319100,1679382319105
1679382319132,1679382319145
1679382319007,1679382319213
1679382319163,1679382319233
1679382319273,1679382319285
1679382319291,1679382319294
1679382319348,1679382319369
1679382319409,1679382319416
1679382319489,1679382319525
1679382319503,1679382319591
1679382319537,1679382319596
1679382319508,1679382319609
1679382319500,1679382319633
1679382319634,1679382319655
1679382319657,1679382319679
1679382319621,1679382319685
1679382319644,1679382319714
1679382319735,1679382319787
1679382319747,1679382319833
1679382319673,1679382319894
1679382319765,1679382319920
1679382319717,1679382319961
1679382319902,1679382320009
1679382319925,1679382320028
1679382319981,1679382320092
1679382319960,1679382320108
1679382320097,1679382320122
1679382320148,1679382320197
1679382320160,1679382320234
1679382320189,1679382320272
1679382320273,1679382320314
1679382320365,1679382320401
1679382320413,1679382320429
1679382320441,1679382320488
1679382320493,1679382320499
1679382320489,1679382320533
1679382320660,1679382320735
1679382320733,1679382320741
1679382320749,1679382320792
1679382320745,1679382320820
1679382320773,1679382320835
1679382320841,1679382320876
1679382320808,1679382320904
1679382320953,1679382320957
1679382321029,1679382321035
1679382321015,1679382321053
1679382321069,1679382321118
1679382321124,1679382321149
1679382321157,1679382321164
1679382321114,1679382321173
1679382321103,1679382321179
1679382321112,1679382321228
1679382321123,1679382321248
1679382321118,1679382321253
1679382321059,1679382321262
1679382321113,1679382321277
1679382321261,1679382321319
1679382321218,1679382321333
1679382321305,1679382321347
1679382321337,1679382321364
1679382321097,1679382321374
1679382321104,1679382321423
1679382321388,1679382321449
1679382321482,1679382321549
1679382321525,1679382321612
1679382321583,1679382321616
1679382321645,1679382321661
1679382321757,1679382321805
1679382321729,1679382321818
1679382321761,1679382321961
1679382321917,1679382321995
1679382321949,1679382322041
1679382321997,1679382322053
1679382322065,1679382322120
1679382322113,1679382322122
1679382322109,1679382322124
1679382322113,1679382322143
1679382322249,1679382322339
1679382322330,1679382322353
1679382322452,1679382322516
1679382322521,1679382322540
1679382322491,1679382322573
1679382322585,1679382322600
1679382322569,1679382322629
1679382322614,1679382322631
1679382322629,1679382322651
1679382322641,1679382322754
1679382322765,1679382322770
1679382322904,1679382322908
1679382322782,1679382322919
1679382322877,1679382322921
1679382322704,1679382322925
1679382322712,1679382322940
1679382322924,1679382322992
1679382323033,1679382323076
1679382323096,1679382323105
1679382323089,1679382323111
1679382323077,1679382323118
1679382323088,1679382323161
1679382323133,1679382323190
1679382322981,1679382323238
1679382323277,1679382323314
1679382323261,1679382323317
1679382323305,1679382323353
1679382323356,1679382323365
1679382323397,1679382323403
1679382323232,1679382323415
1679382323312,1679382323418
1679382323437,1679382323446
1679382323412,1679382323448
1679382323449,1679382323472
1679382323449,1679382323535
1679382323541,1679382323572
1679382323488,1679382323590
1679382323516,1679382323607
1679382323728,1679382323761
1679382323761,1679382323780
1679382323768,1679382323841
1679382323672,1679382323875
1679382323849,1679382323884
1679382323878,1679382323929
1679382323945,1679382324038
1679382324060,1679382324063
1679382324060,1679382324074
1679382324116,1679382324153
1679382324197,1679382324207
1679382324227,1679382324282
1679382324284,1679382324308
1679382324302,1679382324332
1679382324272,1679382324393
1679382324424,1679382324477
1679382324430,1679382324503
1679382324410,1679382324512
1679382324492,1679382324520
1679382324528,1679382324553
1679382324506,1679382324562
1679382324481,1679382324562
1679382324585,1679382324601
1679382324648,1679382324683
1679382324697,1679382324823
1679382324772,1679382324852
1679382324757,1679382324859
1679382324782,1679382324918
1679382324752,1679382324919
1679382324799,1679382324926
1679382324852,1679382324948
1679382324855,1679382324971
1679382324796,1679382325000
1679382324894,1679382325032
1679382324976,1679382325046
1679382324880,1679382325082
1679382325072,1679382325146
1679382325138,1679382325161
1679382325155,1679382325223
1679382325243,1679382325267
1679382325269,1679382325292
1679382325185,1679382325356
1679382325244,1679382325359
1679382325349,1679382325375
1679382325356,1679382325376
1679382325392,1679382325418
1679382325425,1679382325459
1679382325377,1679382325488
1679382325523,1679382325557
1679382325596,1679382325630
1679382325576,1679382325640
1679382325552,1679382325650
1679382325718,1679382325728
1679382325748,1679382325800
1679382325812,1679382325827
1679382325805,1679382325876
1679382325856,1679382325883
1679382325870,1679382325907
1679382325994,1679382326001
1679382325961,1679382326004
1679382326019,1679382326029
1679382326058,1679382326065
1679382326048,1679382326142
1679382326128,1679382326202
1679382326198,1679382326254
1679382326257,1679382326272
1679382326203,1679382326279
1679382325994,1679382326389
1679382326368,1679382326399
1679382326429,1679382326458
1679382326437,1679382326481
1679382326609,1679382326643
1679382326743,1679382326765
1679382326787,1679382326800
1679382326793,1679382326867
1679382326764,1679382326921
1679382326865,1679382326956
1679382326936,1679382326973
1679382326977,1679382326981
1679382326878,1679382327012
1679382327009,1679382327035
1679382327044,1679382327096
1679382327076,1679382327110
1679382326930,1679382327111
1679382327061,1679382327137
1679382327081,1679382327163
1679382327152,1679382327165
1679382327152,1679382327169
1679382327161,1679382327184
1679382327015,1679382327200
1679382327312,1679382327369
1679382327382,1679382327411
1679382327442,1679382327457
1679382327490,1679382327532
1679382327560,1679382327575
1679382327555,1679382327576
1679382327608,1679382327628
1679382327604,1679382327642
1679382327476,1679382327647
1679382327655,1679382327729
1679382327694,1679382327744
1679382327724,1679382327746
1679382327740,1679382327766
1679382327701,1679382327815
1679382327804,1679382327823
1679382327696,1679382327834
1679382327820,1679382327852
1679382327856,1679382327861
1679382327848,1679382327864
1679382327790,1679382327909
1679382327924,1679382327949
1679382328120,1679382328128
1679382327987,1679382328141
1679382328124,1679382328158
1679382328015,1679382328204
1679382328196,1679382328205
1679382328199,1679382328219
1679382328240,1679382328288
1679382328307,1679382328436
1679382328423,1679382328460
1679382328406,1679382328565
1679382328503,1679382328583
1679382328572,1679382328606
1679382328539,1679382328658
1679382328503,1679382328668
1679382328539,1679382328685
1679382328521,1679382328695
1679382328529,1679382328714
1679382328715,1679382328762
1679382328704,1679382328799
1679382328768,1679382328927
1679382328862,1679382328937
1679382328943,1679382328991
1679382328963,1679382328992
1679382329008,1679382329129
1679382329100,1679382329152
1679382329121,1679382329164
1679382329167,1679382329172
1679382329085,1679382329204
1679382329301,1679382329338
1679382329304,1679382329355
1679382329356,1679382329361
1679382329229,1679382329364
1679382329381,1679382329397
1679382329346,1679382329401
1679382329485,1679382329493
1679382329488,1679382329514
1679382329495,1679382329538
1679382329477,1679382329600
1679382329567,1679382329612
1679382329584,1679382329629
1679382329644,1679382329654
1679382329647,1679382329671
1679382329736,1679382329752
1679382329701,1679382329772
1679382329796,1679382329807
1679382329608,1679382329813
1679382329740,1679382329863
1679382329744,1679382329880
1679382329806,1679382329893
1679382329872,1679382329922
1679382329973,1679382329983
1679382329967,1679382329995
1679382329801,1679382330033
1679382329913,1679382330039
1679382329937,1679382330075
1679382330137,1679382330264
1679382330273,1679382330280
1679382330207,1679382330296
1679382330334,1679382330347
1679382330380,1679382330411
1679382330414,1679382330426
1679382330462,1679382330484
1679382330456,1679382330497
1679382330573,1679382330633
1679382330666,1679382330714
1679382330770,1679382330828
1679382330751,1679382330856
1679382330767,1679382330878
1679382330770,1679382330890
1679382330877,1679382330923
1679382330974,1679382330991
1679382330884,1679382330991
1679382331048,1679382331090
1679382331065,1679382331183
1679382331089,1679382331216
1679382331122,1679382331222
1679382331127,1679382331234
1679382331112,1679382331239
1679382331241,1679382331277
1679382331293,1679382331305
1679382331098,1679382331336
1679382331334,1679382331339
1679382331337,1679382331349
1679382331377,1679382331386
1679382331377,1679382331403
1679382331364,1679382331425
1679382331460,1679382331483
1679382331500,1679382331505
1679382331492,1679382331518
1679382331438,1679382331534
1679382331517,1679382331553
1679382331619,1679382331643
1679382331669,1679382331743
1679382331717,1679382331751
1679382331717,1679382331758
1679382331756,1679382331784
1679382331790,1679382331795
1679382331802,1679382331846
1679382331857,1679382331893
1679382331949,1679382331959
1679382332026,1679382332038
1679382332033,1679382332110
1679382332209,1679382332273
1679382332345,1679382332354
1679382332346,1679382332387
1679382332361,1679382332634
1679382332601,1679382332680
1679382332435,1679382332681
1679382332438,1679382332695
1679382332734,1679382332738
1679382332541,1679382332753
1679382332401,1679382332783
1679382332784,1679382332802
1679382332790,1679382332849
1679382332883,1679382332910
1679382332604,1679382332927
1679382332924,1679382332929
1679382332944,1679382332966
1679382332921,1679382332988
1679382332788,1679382332989
1679382333032,1679382333054
1679382333095,1679382333103
1679382333053,1679382333138
1679382333057,1679382333163
1679382333181,1679382333189
1679382333099,1679382333192
1679382333159,1679382333205
1679382333257,1679382333284
1679382333066,1679382333295
1679382333089,1679382333297
1679382333089,1679382333327
1679382333273,1679382333423
1679382332997,1679382333455
1679382333341,1679382333455
1679382333447,1679382333482
1679382333064,1679382333485
1679382333425,1679382333492
1679382333516,1679382333525
1679382333613,1679382333624
1679382333664,1679382333692
1679382333671,1679382333696
1679382333736,1679382333745
1679382333725,1679382333776
1679382333752,1679382333948
1679382333857,1679382333957
1679382333979,1679382333985
1679382333866,1679382333986
1679382333977,1679382334066
1679382333888,1679382334087
1679382334164,1679382334179
1679382334243,1679382334277
1679382334280,1679382334301
1679382334337,1679382334347
1679382334253,1679382334347
1679382334304,1679382334400
1679382334360,1679382334427
1679382334465,1679382334516
1679382334532,1679382334562
1679382334664,1679382334668
1679382334742,1679382334756
1679382334744,1679382334796
1679382334765,1679382334800
1679382334766,1679382334804
1679382334782,1679382334820
1679382334845,1679382334858
1679382334864,1679382334917
1679382334892,1679382334920
1679382334987,1679382335028
1679382334918,1679382335036
1679382335036,1679382335062
1679382334990,1679382335117
1679382335128,1679382335167
1679382334948,1679382335241
1679382335204,1679382335273
1679382335248,1679382335273
1679382335288,1679382335301
1679382335357,1679382335370
1679382335332,1679382335379
1679382335366,1679382335439
1679382335452,1679382335493
1679382335489,1679382335523
1679382335527,1679382335534
1679382335432,1679382335545
1679382335537,1679382335600
1679382335554,1679382335627
1679382335620,1679382335636
1679382335620,1679382335639
1679382335647,1679382335655
1679382335646,1679382335676
1679382335531,1679382335689
1679382335816,1679382335820
1679382335874,1679382335896
1679382335988,1679382336008
1679382336001,1679382336038
1679382336023,1679382336076
1679382336058,1679382336080
1679382336103,1679382336151
1679382336096,1679382336165
1679382336129,1679382336222
1679382336213,1679382336241
1679382336188,1679382336257
1679382336128,1679382336267
1679382336245,1679382336332
1679382336289,1679382336378
1679382336520,1679382336552
1679382336564,1679382336584
1679382336511,1679382336594
1679382336564,1679382336606
1679382336575,1679382336607
1679382336573,1679382336615
1679382336680,1679382336759
1679382336658,1679382336775
1679382336857,1679382336866
1679382336850,1679382336875
1679382336873,1679382336906
1679382336936,1679382336951
1679382336936,1679382336973
1679382336894,1679382337002
1679382337024,1679382337047
1679382337010,1679382337056
1679382337025,1679382337076
1679382337285,1679382337313
1679382337269,1679382337317
1679382337396,1679382337410
1679382337405,1679382337414
1679382337414,1679382337479
1679382337476,1679382337487
1679382337513,1679382337528
1679382337623,1679382337667
1679382337661,1679382337722
1679382337765,1679382337771
1679382337757,1679382337855
1679382337860,1679382337874
1679382337868,1679382337898
1679382337816,1679382337910
1679382337910,1679382337936
1679382337888,1679382337942
1679382337865,1679382337997
1679382338016,1679382338029
1679382337999,1679382338039
1679382337969,1679382338072
1679382337965,1679382338094
1679382337948,1679382338118
1679382338304,1679382338313
1679382338246,1679382338313
1679382338323,1679382338334
1679382338395,1679382338411
1679382338454,1679382338467
1679382338420,1679382338480
1679382338545,1679382338549
1679382338394,1679382338549
1679382338541,1679382338557
1679382338609,1679382338637
1679382338630,1679382338661
1679382338609,1679382338681
1679382338694,1679382338708
1679382338698,1679382338717
1679382338782,1679382338817
1679382338827,1679382338849
1679382338920,1679382338949
1679382338905,1679382339023
1679382339047,1679382339074
1679382339061,1679382339112
1679382339126,1679382339138
1679382339047,1679382339172
1679382339175,1679382339183
1679382339207,1679382339223
1679382339274,1679382339307
1679382339325,1679382339338
1679382339334,1679382339342
1679382339385,1679382339425
1679382339274,1679382339434
1679382339546,1679382339572
1679382339507,1679382339576
1679382339670,1679382339701
1679382339709,1679382339720
1679382339778,1679382339809
1679382339772,1679382339817
1679382339809,1679382339837
1679382339849,1679382339878
1679382339933,1679382339972
1679382339991,1679382340016
1679382340004,1679382340027
1679382339963,1679382340067
1679382340030,1679382340083
1679382340045,1679382340083
1679382340085,1679382340096
1679382340089,1679382340152
1679382340158,1679382340261
1679382340157,1679382340319
1679382340261,1679382340345
1679382340333,1679382340360
1679382340382,1679382340441
1679382340217,1679382340464
1679382340474,1679382340500
1679382340559,1679382340570
1679382340471,1679382340710
1679382340510,1679382340756
1679382340694,1679382340764
1679382340634,1679382340783
1679382340282,1679382340820
1679382340377,1679382340837
1679382340371,1679382340862
1679382340497,1679382340904
1679382340861,1679382340929
1679382340877,1679382340934
1679382340997,1679382341043
1679382340953,1679382341147
1679382341090,1679382341175
1679382341273,1679382341287
1679382341066,1679382341298
1679382341265,1679382341301
1679382341244,1679382341343
1679382341233,1679382341361
1679382341258,1679382341383
1679382341242,1679382341434
1679382341292,1679382341459
1679382341275,1679382341482
1679382341280,1679382341508
1679382341253,1679382341591
1679382341441,1679382341601
1679382341208,1679382341613
1679382341209,1679382341648
1679382341285,1679382341724
1679382341696,1679382341744
1679382341295,1679382341787
1679382341219,1679382341835
1679382341601,1679382341840
1679382341201,1679382341842
1679382341425,1679382341895
1679382341712,1679382341915
1679382341402,1679382341916
1679382341443,1679382341935
1679382341283,1679382341985
1679382341290,1679382341994
1679382341398,1679382342019
1679382341259,1679382342045
1679382342016,1679382342093
1679382341259,1679382342205
1679382342010,1679382342217
1679382341952,1679382342229
1679382341566,1679382342240
1679382341248,1679382342240
1679382341373,1679382342258
1679382341266,1679382342275
1679382342271,1679382342313
1679382341987,1679382342318
1679382342269,1679382342323
1679382342134,1679382342332
1679382342079,1679382342360
1679382342174,1679382342368
1679382342218,1679382342372
1679382342163,1679382342391
1679382342230,1679382342430
1679382341883,1679382342479
1679382341290,1679382342507
1679382341901,1679382342514
1679382341232,1679382342516
1679382342531,1679382342569
1679382342385,1679382342574
1679382341759,1679382342616
1679382341223,1679382342634
1679382341356,1679382342690
1679382342706,1679382342786
1679382342803,1679382342836
1679382342808,1679382342841
1679382342989,1679382343013
1679382343061,1679382343066
1679382343021,1679382343075
1679382342977,1679382343140
1679382343173,1679382343220
1679382343160,1679382343242
1679382343239,1679382343245
1679382343273,1679382343278
1679382343220,1679382343283
1679382343432,1679382343446
1679382343327,1679382343447
1679382343440,1679382343482
1679382343430,1679382343482
1679382343525,1679382343534
1679382343493,1679382343596
1679382343413,1679382343601
1679382343516,1679382343620
1679382343617,1679382343643
1679382343689,1679382343700
1679382343493,1679382343726
1679382343668,1679382343729
1679382343757,1679382343771
1679382343789,1679382343821
1679382343813,1679382343835
1679382343877,1679382343882
1679382343849,1679382343912
1679382343919,1679382343928
1679382343902,1679382343946
1679382343921,1679382343948
1679382343979,1679382344027
1679382343949,1679382344037
1679382344036,1679382344061
1679382344086,1679382344156
1679382344073,1679382344165
1679382344212,1679382344240
1679382344254,1679382344302
1679382344301,1679382344334
1679382344216,1679382344341
1679382344264,1679382344463
1679382344466,1679382344479
1679382344241,1679382344554
1679382344177,1679382344570
1679382344259,1679382344667
1679382344343,1679382344720
1679382344579,1679382344781
1679382344713,1679382344794
1679382344753,1679382344794
1679382344513,1679382344805
1679382344839,1679382344857
1679382344872,1679382344876
1679382344760,1679382344901
1679382344854,1679382344905
1679382344765,1679382344927
1679382344762,1679382344929
1679382344648,1679382344966
1679382344918,1679382344987
1679382345006,1679382345021
1679382345009,1679382345054
1679382345038,1679382345060
1679382345106,1679382345137
1679382345027,1679382345155
1679382344498,1679382345176
1679382344813,1679382345182
1679382345007,1679382345223
1679382345297,1679382345316
1679382345249,1679382345319
1679382345302,1679382345347
1679382345366,1679382345371
1679382345366,1679382345376
1679382345379,1679382345438
1679382345483,1679382345497
1679382345473,1679382345526
1679382345543,1679382345558
1679382345604,1679382345610
1679382345671,1679382345676
1679382345715,1679382345734
1679382345490,1679382345748
1679382345800,1679382345807
1679382345845,1679382345862
1679382345877,1679382345901
1679382345961,1679382345968
1679382345959,1679382345989
1679382346020,1679382346061
1679382345998,1679382346073
1679382345984,1679382346090
1679382346094,1679382346097
1679382345998,1679382346128
1679382346122,1679382346146
1679382346156,1679382346163
1679382346157,1679382346164
1679382346179,1679382346189
1679382346297,1679382346300
1679382346123,1679382346303
1679382346395,1679382346400
1679382346400,1679382346404
1679382346375,1679382346407
1679382346433,1679382346442
1679382346412,1679382346474
1679382346339,1679382346513
1679382346447,1679382346559
1679382346554,1679382346582
1679382346454,1679382346589
1679382346551,1679382346591
1679382346525,1679382346620
1679382346568,1679382346626
1679382346550,1679382346653
1679382346618,1679382346654
1679382346572,1679382346660
1679382346672,1679382346711
1679382346539,1679382346743
1679382346716,1679382346777
1679382346680,1679382346810
1679382346694,1679382346826
1679382346808,1679382346827
1679382346582,1679382346853
1679382346814,1679382346873
1679382346867,1679382346906
1679382346867,1679382346932
1679382346953,1679382347014
1679382346935,1679382347025
1679382346983,1679382347027
1679382346965,1679382347033
1679382346738,1679382347042
1679382347024,1679382347057
1679382346975,1679382347070
1679382347109,1679382347116
1679382347129,1679382347133
1679382347198,1679382347225
1679382347298,1679382347305
1679382347261,1679382347310
1679382347308,1679382347313
1679382347320,1679382347323
1679382347302,1679382347335
1679382347328,1679382347347
1679382347359,1679382347361
1679382347330,1679382347390
1679382347499,1679382347509
1679382347538,1679382347594
1679382347531,1679382347644
1679382347627,1679382347649
1679382347642,1679382347706
1679382347630,1679382347713
1679382347554,1679382347715
1679382347604,1679382347746
1679382347769,1679382347785
1679382347591,1679382347800
1679382347791,1679382347818
1679382347831,1679382347917
1679382347910,1679382347932
1679382347928,1679382347970
1679382347987,1679382348019
1679382347820,1679382348022
1679382348037,1679382348112
1679382348071,1679382348129
1679382348124,1679382348175
1679382348135,1679382348177
1679382348103,1679382348246
1679382348245,1679382348266
1679382348167,1679382348268
1679382348162,1679382348294
1679382348116,1679382348310
1679382348236,1679382348322
1679382348167,1679382348324
1679382348099,1679382348356
1679382348286,1679382348379
1679382348378,1679382348390
1679382348403,1679382348415
1679382348286,1679382348415
1679382348504,1679382348556
1679382348543,1679382348558
1679382348640,1679382348648
1679382348626,1679382348651
1679382348631,1679382348651
1679382348560,1679382348696
1679382348707,1679382348722
1679382348768,1679382348771
1679382348808,1679382348853
1679382348875,1679382348879
1679382348780,1679382348893
1679382348788,1679382348917
1679382348942,1679382348953
1679382348950,1679382348980
1679382348992,1679382349001
1679382348706,1679382349069
1679382349152,1679382349166
1679382349082,1679382349192
1679382349076,1679382349235
1679382349153,1679382349236
1679382349261,1679382349334
1679382349292,1679382349348
1679382349355,1679382349357
1679382349298,1679382349358
1679382349446,1679382349458
1679382349384,1679382349464
1679382349436,1679382349482
1679382349481,1679382349503
1679382349484,1679382349542
1679382349555,1679382349563
1679382349512,1679382349566
1679382349579,1679382349581
1679382349557,1679382349607
1679382349573,1679382349632
1679382349605,1679382349660
1679382349617,1679382349660
1679382349660,1679382349779
1679382349759,1679382349813
1679382349759,1679382349859
1679382349832,1679382349887
1679382349836,1679382349913
1679382349892,1679382349953
1679382349861,1679382349962
1679382349980,1679382350008
1679382350013,1679382350063
1679382350053,1679382350091
1679382350123,1679382350159
1679382350152,1679382350229
1679382350129,1679382350245
1679382350248,1679382350261
1679382350264,1679382350272
1679382350278,1679382350329
1679382350288,1679382350335
1679382350180,1679382350337
1679382350229,1679382350340
1679382350169,1679382350399
1679382350350,1679382350446
1679382350368,1679382350469
1679382350464,1679382350500
1679382350491,1679382350504
1679382350558,1679382350562
1679382350558,1679382350610
1679382350613,1679382350661
1679382350607,1679382350674
1679382350687,1679382350714
1679382350746,1679382350766
1679382350572,1679382350779
1679382350724,1679382350812
1679382350851,1679382350882
1679382350911,1679382350930
1679382350947,1679382350960
1679382350976,1679382350986
1679382350989,1679382351009
1679382351018,1679382351033
1679382350991,1679382351038
1679382351038,1679382351043
1679382351100,1679382351103
1679382351086,1679382351139
1679382351104,1679382351170
1679382351094,1679382351208
1679382351061,1679382351212
1679382351022,1679382351227
1679382351233,1679382351267
1679382351629,1679382351693
1679382351751,1679382351784
1679382351739,1679382351826
1679382351835,1679382351848
1679382351707,1679382351877
1679382352222,1679382352259
1679382352215,1679382352312
1679382352515,1679382352545
1679382352603,1679382352627
1679382352735,1679382352748
1679382352834,1679382352897
1679382352910,1679382353093
1679382352823,1679382353125
1679382352926,1679382353131
1679382353067,1679382353157
1679382352987,1679382353279
1679382353155,1679382353307
1679382353355,1679382353385
1679382353403,1679382353434
1679382353611,1679382353643
1679382353622,1679382353656
1679382353721,1679382353735
1679382353691,1679382353780
1679382353830,1679382353915
1679382353887,1679382353969
1679382354198,1679382354217
1679382354176,1679382354251
1679382354290,1679382354308
1679382354290,1679382354347
1679382354170,1679382354406
1679382354338,1679382354412
1679382354454,1679382354456
1679382354611,1679382354646
1679382354646,1679382354760
1679382354757,1679382354851
1679382354943,1679382355050
1679382354995,1679382355102
1679382355118,1679382355184
1679382355204,1679382355270
1679382355165,1679382355287
1679382355225,1679382355381
1679382355275,1679382355385
1679382355419,1679382355427
1679382355431,1679382355449
1679382355471,1679382355474
1679382355639,1679382355671
1679382355611,1679382355674
1679382355703,1679382355773
1679382355914,1679382355919
1679382356123,1679382356134
1679382356147,1679382356188
1679382356300,1679382356449
1679382356431,1679382356488
1679382356548,1679382356573
1679382356572,1679382356577
1679382356623,1679382356675
1679382356600,1679382356688
1679382356688,1679382356694
1679382356629,1679382356802
1679382356964,1679382356977
1679382357048,1679382357051
1679382356983,1679382357070
1679382357244,1679382357264
1679382357176,1679382357318
1679382357320,1679382357342
1679382357376,1679382357387
1679382357452,1679382357538
1679382357600,1679382357606
1679382357668,1679382357671
1679382357744,1679382357809
1679382358045,1679382358059
1679382358083,1679382358117
1679382358200,1679382358207
1679382358216,1679382358284
1679382358236,1679382358290
1679382358291,1679382358310
1679382358247,1679382358317
1679382358300,1679382358317
1679382358597,1679382358602
1679382358592,1679382358613
1679382358664,1679382358699
1679382358280,1679382358712
1679382358738,1679382358766
1679382358745,1679382358809
1679382359200,1679382359233
1679382359153,1679382359236
1679382359253,1679382359269
1679382359565,1679382359583
1679382359568,1679382359615
1679382359620,1679382359651
1679382359649,1679382359683
1679382359741,1679382359770
1679382359861,1679382359887
1679382359897,1679382359920
1679382359933,1679382360040
1679382359897,1679382360127
1679382360077,1679382360145
1679382360113,1679382360160
1679382360422,1679382360484
1679382360537,1679382360548
1679382360349,1679382360548
1679382360429,1679382360571
1679382360682,1679382360723
1679382360718,1679382360724
1679382360958,1679382360965
1679382361157,1679382361171
1679382361197,1679382361208
1679382361216,1679382361352
1679382361365,1679382361371
1679382361233,1679382361386
1679382361377,1679382361394
1679382361493,1679382361504
1679382361581,1679382361592
1679382361546,1679382361596
1679382361665,1679382361671
1679382361690,1679382361703
1679382361705,1679382361721
1679382361716,1679382361742
1679382361731,1679382361757
1679382361793,1679382361809
1679382361711,1679382361811
1679382361719,1679382361816
1679382361794,1679382361826
1679382361764,1679382361828
1679382361791,1679382361849
1679382361736,1679382361854
1679382361726,1679382361857
1679382361825,1679382361859
1679382361917,1679382361971
1679382361785,1679382361990
1679382361730,1679382362020
1679382361722,1679382362020
1679382361754,1679382362055
1679382361808,1679382362068
1679382361850,1679382362089
1679382361866,1679382362103
1679382361778,1679382362103
1679382361825,1679382362125
1679382361740,1679382362155
1679382361809,1679382362244
1679382361784,1679382362305
1679382361816,1679382362320
1679382361751,1679382362339
1679382361704,1679382362368
1679382361888,1679382362395
1679382361840,1679382362482
1679382361844,1679382362550
1679382362178,1679382362557
1679382361763,1679382362559
1679382361762,1679382362576
1679382361857,1679382362638
1679382361826,1679382362647
1679382361812,1679382362650
1679382361861,1679382362659
1679382362501,1679382362661
1679382362536,1679382362674
1679382361838,1679382362692
1679382361857,1679382362714
1679382361865,1679382362738
1679382361748,1679382362742
1679382361837,1679382362774
1679382361768,1679382362817
1679382362753,1679382362851
1679382362701,1679382362867
1679382361826,1679382362888
1679382362848,1679382362905
1679382361740,1679382362909
1679382362873,1679382362925
1679382361781,1679382362932
1679382362901,1679382362933
1679382361971,1679382362941
1679382363014,1679382363029
1679382362885,1679382363039
1679382361772,1679382363051
1679382362985,1679382363053
1679382361802,1679382363128
1679382362669,1679382363148
1679382363144,1679382363202
1679382363241,1679382363245
1679382363157,1679382363276
1679382363132,1679382363351
1679382363371,1679382363376
1679382363358,1679382363462
1679382363549,1679382363565
1679382363583,1679382363590
1679382363761,1679382363812
1679382363755,1679382363814
1679382363744,1679382363824
1679382363805,1679382363836
1679382363857,1679382363878
1679382363859,1679382363883
1679382363741,1679382363897
1679382363893,1679382363924
1679382363884,1679382363937
1679382363928,1679382363948
1679382363948,1679382363954
1679382363920,1679382363961
1679382364022,1679382364031
1679382363862,1679382364051
1679382364033,1679382364060
1679382364108,1679382364112
1679382364180,1679382364226
1679382364192,1679382364235
1679382364156,1679382364268
1679382364160,1679382364291
1679382364237,1679382364317
1679382364239,1679382364333
1679382364345,1679382364356
1679382364145,1679382364362
1679382364264,1679382364377
1679382364179,1679382364388
1679382364417,1679382364432
1679382364533,1679382364543
1679382364532,1679382364560
1679382364545,1679382364581
1679382364585,1679382364654
1679382364618,1679382364740
1679382364749,1679382364786
1679382364813,1679382364889
1679382364820,1679382364902
1679382364721,1679382364913
1679382364898,1679382364931
1679382364953,1679382364998
1679382364964,1679382365013
1679382364983,1679382365019
1679382364953,1679382365071
1679382365110,1679382365129
1679382365230,1679382365250
1679382365164,1679382365275
1679382365187,1679382365285
1679382365152,1679382365324
1679382365050,1679382365402
1679382365437,1679382365443
1679382365465,1679382365472
1679382365457,1679382365496
1679382365354,1679382365504
1679382365423,1679382365530
1679382365360,1679382365553
1679382365335,1679382365573
1679382365461,1679382365606
1679382365573,1679382365623
1679382365601,1679382365645
1679382365601,1679382365724
1679382365622,1679382365757
1679382365667,1679382365757
1679382365642,1679382365774
1679382365899,1679382365916
1679382365935,1679382365961
1679382365943,1679382365961
1679382365996,1679382366042
1679382366024,1679382366059
1679382365957,1679382366059
1679382366056,1679382366080
1679382365969,1679382366092
1679382366036,1679382366126
1679382366127,1679382366172
1679382366058,1679382366235
1679382366226,1679382366246
1679382366275,1679382366316
1679382366326,1679382366331
1679382366278,1679382366342
1679382366294,1679382366409
1679382366362,1679382366430
1679382366519,1679382366533
1679382366374,1679382366538
1679382366553,1679382366557
1679382366609,1679382366645
1679382366396,1679382366648
1679382366447,1679382366666
1679382366609,1679382366670
1679382366651,1679382366715
1679382366426,1679382366723
1679382366527,1679382366768
1679382366739,1679382366794
1679382366678,1679382366810
1679382366847,1679382366856
1679382366587,1679382366903
1679382366635,1679382366978
1679382366723,1679382366979
1679382367028,1679382367064
1679382367031,1679382367171
1679382367127,1679382367173
1679382367251,1679382367329
1679382367328,1679382367338
1679382367245,1679382367351
1679382367187,1679382367423
1679382367197,1679382367455
1679382367295,1679382367506
1679382367357,1679382367530
1679382367403,1679382367550
1679382367046,1679382367588
1679382367594,1679382367600
1679382367239,1679382367621
1679382367518,1679382367627
1679382366959,1679382367650
1679382367315,1679382367713
1679382367540,1679382367722
1679382366707,1679382367745
1679382367036,1679382367832
1679382366908,1679382367857
1679382367294,1679382367865
1679382367810,1679382367909
1679382366815,1679382367915
1679382367753,1679382367928
1679382367824,1679382367944
1679382367698,1679382367955
1679382367919,1679382368048
1679382367443,1679382368113
1679382366720,1679382368127
1679382367598,1679382368161
1679382366998,1679382368168
1679382368082,1679382368202
1679382367733,1679382368259
1679382368152,1679382368265
1679382368221,1679382368274
1679382367226,1679382368338
1679382368177,1679382368381
1679382367127,1679382368387
1679382368060,1679382368416
1679382368019,1679382368418
1679382368264,1679382368436
1679382367723,1679382368448
1679382368201,1679382368450
1679382367422,1679382368515
1679382368492,1679382368517
1679382367627,1679382368543
1679382367710,1679382368552
1679382368394,1679382368575
1679382368331,1679382368581
1679382368511,1679382368690
1679382368646,1679382368697
1679382368619,1679382368701
1679382368499,1679382368738
1679382368566,1679382368746
1679382368547,1679382368747
1679382368743,1679382368780
1679382368620,1679382368789
1679382368716,1679382368835
1679382367168,1679382368865
1679382368802,1679382368890
1679382368923,1679382368995
1679382369015,1679382369032
1679382369028,1679382369053
1679382368893,1679382369054
1679382369057,1679382369066
1679382369076,1679382369082
1679382369126,1679382369149
1679382369070,1679382369161
1679382369120,1679382369182
1679382369155,1679382369261
1679382369206,1679382369309
1679382369275,1679382369309
1679382369334,1679382369359
1679382369378,1679382369411
1679382369435,1679382369466
1679382369429,1679382369467
1679382369465,1679382369471
1679382369272,1679382369476
1679382369458,1679382369514
1679382369458,1679382369522
1679382369448,1679382369560
1679382369531,1679382369571
1679382369518,1679382369616
1679382369488,1679382369617
1679382369595,1679382369648
1679382369668,1679382369680
1679382369616,1679382369729
1679382369720,1679382369761
1679382369512,1679382369772
1679382369856,1679382369917
1679382369819,1679382369924
1679382369846,1679382369931
1679382369992,1679382370028
1679382369676,1679382370039
1679382369995,1679382370088
1679382370048,1679382370110
1679382369958,1679382370117
1679382369836,1679382370159
1679382369807,1679382370167
1679382369906,1679382370180
1679382370204,1679382370219
1679382370243,1679382370258
1679382370058,1679382370270
1679382370220,1679382370281
1679382370107,1679382370291
1679382369975,1679382370329
1679382370288,1679382370341
1679382370255,1679382370352
1679382369781,1679382370365
1679382370368,1679382370414
1679382370440,1679382370451
1679382370455,1679382370494
1679382370495,1679382370504
1679382370494,1679382370508
1679382370507,1679382370575
1679382370539,1679382370600
1679382370574,1679382370626
1679382370468,1679382370651
1679382370484,1679382370682
1679382370675,1679382370715
1679382370604,1679382370740
1679382370691,1679382370758
1679382370756,1679382370783
1679382370695,1679382370783
1679382370791,1679382370795
1679382370788,1679382370818
1679382370800,1679382370824
1679382370880,1679382370979
1679382370916,1679382371029
1679382370875,1679382371033
1679382370994,1679382371070
1679382371147,1679382371179
1679382371176,1679382371199
1679382371336,1679382371357
1679382371335,1679382371358
1679382371348,1679382371378
1679382371337,1679382371402
1679382371372,1679382371443
1679382371405,1679382371457
1679382371478,1679382371490
1679382371480,1679382371501
1679382371380,1679382371503
1679382371488,1679382371554
1679382371626,1679382371643
1679382371531,1679382371674
1679382371677,1679382371681
1679382371609,1679382371686
1679382371678,1679382371698
1679382371743,1679382371772
1679382371811,1679382371825
1679382371878,1679382371887
1679382372036,1679382372073
1679382372231,1679382372251
1679382372377,1679382372386
1679382372390,1679382372398
1679382372414,1679382372442
1679382372436,1679382372457
1679382372446,1679382372459
1679382372692,1679382372705
1679382372726,1679382372786
1679382372794,1679382372838
1679382372847,1679382372851
1679382372879,1679382372892
1679382373338,1679382373345
1679382373419,1679382373558
1679382373683,1679382373717
1679382373763,1679382373792
1679382373915,1679382374005
1679382374048,1679382374120
1679382374175,1679382374191
1679382374199,1679382374204
1679382374278,1679382374285
1679382374329,1679382374345
1679382374551,1679382374670
1679382374758,1679382374808
1679382374763,1679382374873
1679382374867,1679382374975
1679382375007,1679382375039
1679382375023,1679382375056
1679382375290,1679382375361
1679382375395,1679382375400
1679382375394,1679382375433
1679382375438,1679382375454
1679382375491,1679382375526
1679382375618,1679382375671
1679382375831,1679382375903
1679382375987,1679382376019
1679382376155,1679382376165
1679382376118,1679382376167
1679382376334,1679382376361
1679382376395,1679382376422
1679382376427,1679382376526
1679382376525,1679382376554
1679382376610,1679382376621
1679382376643,1679382376656
1679382376679,1679382376691
1679382376742,1679382376805
1679382376808,1679382376833
1679382376982,1679382377080
1679382377233,1679382377242
1679382377308,1679382377355
1679382377422,1679382377459
1679382377411,1679382377474
1679382377515,1679382377524
1679382377639,1679382377728
1679382377855,1679382377950
1679382377822,1679382377952
1679382378007,1679382378035
1679382377976,1679382378052
1679382378052,1679382378090
1679382378056,1679382378116
1679382378356,1679382378555
1679382378500,1679382378601
1679382378604,1679382378705
1679382378748,1679382378768
1679382378871,1679382378880
1679382378884,1679382378979
1679382378876,1679382379068
1679382379044,1679382379083
1679382379148,1679382379171
1679382379184,1679382379282
1679382379256,1679382379407
1679382379604,1679382379672
1679382379741,1679382379780
1679382379569,1679382379803
1679382379832,1679382379849
1679382380136,1679382380150
1679382380130,1679382380181
1679382380172,1679382380229
1679382380228,1679382380269
1679382380304,1679382380313
1679382380384,1679382380415
1679382380477,1679382380519
1679382380533,1679382380571
1679382380621,1679382380664
1679382380750,1679382380789
1679382380837,1679382380912
1679382380890,1679382380917
1679382381041,1679382381079
1679382381212,1679382381284
1679382381361,1679382381403
1679382381607,1679382381611
1679382381602,1679382381612
1679382381482,1679382381625
1679382381604,1679382381698
1679382381610,1679382381704
1679382381747,1679382381834
1679382381796,1679382381837
1679382381910,1679382381919
1679382381917,1679382381924
1679382381973,1679382381991
1679382382001,1679382382024
1679382382345,1679382382356
1679382382350,1679382382362
1679382382355,1679382382381
1679382382354,1679382382396
1679382382390,1679382382403
1679382382375,1679382382432
1679382382394,1679382382441
1679382382360,1679382382443
1679382382376,1679382382451
1679382382379,1679382382458
1679382382330,1679382382468
1679382382369,1679382382497
1679382382374,1679382382514
1679382382336,1679382382524
1679382382402,1679382382545
1679382382342,1679382382569
1679382382381,1679382382584
1679382382355,1679382382617
1679382382613,1679382382626
1679382382697,1679382382848
1679382382873,1679382382878
1679382382905,1679382382954
1679382382917,1679382382969
1679382383037,1679382383089
1679382383037,1679382383119
1679382383277,1679382383310
1679382383374,1679382383392
1679382383385,1679382383395
1679382383409,1679382383426
1679382383421,1679382383506
1679382383513,1679382383520
1679382383505,1679382383532
1679382383628,1679382383651
1679382383653,1679382383789
1679382383899,1679382383907
1679382383918,1679382383934
1679382384021,1679382384024
1679382384023,1679382384042
1679382384040,1679382384059
1679382384014,1679382384072
1679382384049,1679382384092
1679382384098,1679382384106
1679382384044,1679382384127
1679382384109,1679382384140
1679382384080,1679382384148
1679382384133,1679382384175
1679382384185,1679382384207
1679382384144,1679382384246
1679382384254,1679382384267
1679382384345,1679382384388
1679382384434,1679382384444
1679382384445,1679382384475
1679382384437,1679382384493
1679382384493,1679382384512
1679382384489,1679382384619
1679382384617,1679382384634
1679382384542,1679382384665
1679382384615,1679382384711
1679382384615,1679382384729
1679382384709,1679382384755
1679382384736,1679382384834
1679382384841,1679382384857
1679382384771,1679382384881
1679382384793,1679382384960
1679382385055,1679382385060
1679382385004,1679382385069
1679382385347,1679382385377
1679382385363,1679382385439
1679382385417,1679382385565
1679382385304,1679382385573
1679382385423,1679382385616
1679382385475,1679382385697
1679382385576,1679382385712
1679382385548,1679382385712
1679382385395,1679382385734
1679382385747,1679382385760
1679382385703,1679382385827
1679382385476,1679382385852
1679382385810,1679382385873
1679382385795,1679382385921
1679382385898,1679382385967
1679382385979,1679382386003
1679382385996,1679382386005
1679382385869,1679382386024
1679382386019,1679382386056
1679382386103,1679382386128
1679382386140,1679382386162
1679382386169,1679382386191
1679382386183,1679382386264
1679382386360,1679382386370
1679382386190,1679382386390
1679382386337,1679382386396
1679382386312,1679382386396
1679382386394,1679382386476
1679382386389,1679382386500
1679382386196,1679382386536
1679382386555,1679382386604
1679382386626,1679382386699
1679382386763,1679382386781
1679382386739,1679382386842
1679382386909,1679382386944
1679382386934,1679382386947
1679382386931,1679382386978
1679382386979,1679382387054
1679382387035,1679382387083
1679382387083,1679382387104
1679382387099,1679382387117
1679382387179,1679382387207
1679382387201,1679382387224
1679382387338,1679382387367
1679382387317,1679382387417
1679382387423,1679382387431
1679382387374,1679382387433
1679382387369,1679382387472
1679382387417,1679382387486
1679382387273,1679382387507
1679382387448,1679382387510
1679382387484,1679382387521
1679382387540,1679382387556
1679382387537,1679382387573
1679382387669,1679382387690
1679382387653,1679382387735
1679382387698,1679382387808
1679382387772,1679382387832
1679382387881,1679382387925
1679382387928,1679382387954
1679382387908,1679382387954
1679382387959,1679382387993
1679382387986,1679382388001
1679382387970,1679382388024
1679382387968,1679382388024
1679382388012,1679382388037
1679382388056,1679382388063
1679382388102,1679382388214
1679382388274,1679382388280
1679382388224,1679382388287
1679382388218,1679382388305
1679382388266,1679382388313
1679382388344,1679382388382
1679382388484,1679382388495
1679382388429,1679382388561
1679382388508,1679382388567
1679382388579,1679382388602
1679382388611,1679382388631
1679382388620,1679382388653
1679382388440,1679382388667
1679382388664,1679382388737
1679382388724,1679382388773
1679382388796,1679382388825
1679382388788,1679382388839
1679382388859,1679382388958
1679382388888,1679382388961
1679382388927,1679382388994
1679382388998,1679382389019
1679382388927,1679382389042
1679382388952,1679382389068
1679382389034,1679382389106
1679382389191,1679382389206
1679382389247,1679382389260
1679382389296,1679382389341
1679382389375,1679382389412
1679382389323,1679382389545
1679382389249,1679382389556
1679382389519,1679382389597
1679382389616,1679382389641
1679382389635,1679382389743
1679382389564,1679382389752
1679382389697,1679382389761
1679382389497,1679382389766
1679382389674,1679382389857
1679382389839,1679382389922
1679382389872,1679382390132
1679382390107,1679382390133
1679382390171,1679382390174
1679382390136,1679382390182
1679382389981,1679382390201
1679382389660,1679382390255
1679382389909,1679382390379
1679382389823,1679382390382
1679382390218,1679382390422
1679382390296,1679382390427
1679382389952,1679382390449
1679382390455,1679382390466
1679382390457,1679382390487
1679382390402,1679382390499
1679382390484,1679382390543
1679382389627,1679382390586
1679382390593,1679382390617
1679382390581,1679382390636
1679382390637,1679382390681
1679382390801,1679382390819
1679382390901,1679382390924
1679382390855,1679382390925
1679382390855,1679382390962
1679382390843,1679382390977
1679382390984,1679382391010
1679382391119,1679382391126
1679382391501,1679382391526
1679382391507,1679382391589
1679382391513,1679382391629
1679382391652,1679382391656
1679382391645,1679382391674
1679382391617,1679382391675
1679382391563,1679382391811
1679382391803,1679382391814
1679382391691,1679382391827
1679382391738,1679382391848
1679382391513,1679382391868
1679382391761,1679382391871
1679382391654,1679382391881
1679382391842,1679382391887
1679382391843,1679382391888
1679382391889,1679382391900
1679382391696,1679382391933
1679382391911,1679382391982
1679382392014,1679382392018
1679382392046,1679382392124
1679382391960,1679382392154
1679382392089,1679382392163
1679382392049,1679382392218
1679382392080,1679382392245
1679382392132,1679382392249
1679382392047,1679382392304
1679382392183,1679382392357
1679382392355,1679382392358
1679382392360,1679382392377
1679382392436,1679382392447
1679382392429,1679382392460
1679382392456,1679382392468
1679382392463,1679382392471
1679382392472,1679382392494
1679382392389,1679382392496
1679382392514,1679382392530
1679382392513,1679382392561
1679382392445,1679382392583
1679382392490,1679382392602
1679382392460,1679382392610
1679382392475,1679382392613
1679382392505,1679382392632
1679382392497,1679382392634
1679382392536,1679382392642
1679382392450,1679382392643
1679382392497,1679382392680
1679382392688,1679382392698
1679382392469,1679382392713
1679382392483,1679382392714
1679382392503,1679382392723
1679382392464,1679382392774
1679382392472,1679382392795
1679382392824,1679382392883
1679382392705,1679382392898
1679382392747,1679382392938
1679382392490,1679382393014
1679382392996,1679382393027
1679382392734,1679382393037
1679382393031,1679382393040
1679382393083,1679382393111
1679382393166,1679382393220
1679382393198,1679382393243
1679382393209,1679382393325
1679382393313,1679382393332
1679382393193,1679382393379
1679382393505,1679382393540
1679382393498,1679382393580
1679382393565,1679382393621
1679382393624,1679382393629
1679382393546,1679382393646
1679382393662,1679382393693
1679382393699,1679382393780
1679382393740,1679382393786
1679382393737,1679382393806
1679382393809,1679382393845
1679382393833,1679382393862
1679382393889,1679382393892
1679382393866,1679382393922
1679382393929,1679382393941
1679382393965,1679382394019
1679382394053,1679382394089
1679382394092,1679382394124
1679382394125,1679382394144
1679382394081,1679382394155
1679382394222,1679382394230
1679382394179,1679382394260
1679382394313,1679382394411
1679382394425,1679382394447
1679382394298,1679382394464
1679382394530,1679382394542
1679382394477,1679382394554
1679382394511,1679382394590
1679382394563,1679382394601
1679382394270,1679382394641
1679382394689,1679382394695
1679382394615,1679382394716
1679382394342,1679382394728
1679382394536,1679382394746
1679382394525,1679382394778
1679382394535,1679382394785
1679382394653,1679382394801
1679382394736,1679382394824
1679382394692,1679382394854
1679382394427,1679382394863
1679382394857,1679382394884
1679382394823,1679382394900
1679382394876,1679382394920
1679382394911,1679382394929
1679382394927,1679382394948
1679382394961,1679382394969
1679382394821,1679382394986
1679382394821,1679382394996
1679382394934,1679382395010
1679382395089,1679382395109
1679382395037,1679382395112
1679382395096,1679382395148
1679382395147,1679382395166
1679382395174,1679382395193
1679382395192,1679382395216
1679382395301,1679382395318
1679382395280,1679382395331
1679382395333,1679382395386
1679382395349,1679382395392
1679382395291,1679382395418
1679382395393,1679382395434
1679382395411,1679382395435
1679382395490,1679382395508
1679382395520,1679382395547
1679382395552,1679382395579
1679382395579,1679382395609
1679382395586,1679382395620
1679382395520,1679382395635
1679382395684,1679382395763
1679382395739,1679382395797
1679382395693,1679382395812
1679382395814,1679382395826
1679382395782,1679382395897
1679382395888,1679382395906
1679382395847,1679382395912
1679382395894,1679382395930
1679382395916,1679382395935
1679382395941,1679382395959
1679382395941,1679382395973
1679382396016,1679382396048
1679382396029,1679382396058
1679382396060,1679382396068
1679382395995,1679382396087
1679382396026,1679382396103
1679382396133,1679382396143
1679382396170,1679382396187
1679382396172,1679382396199
1679382396213,1679382396303
1679382396276,1679382396348
1679382396387,1679382396425
1679382396403,1679382396440
1679382396431,1679382396452
1679382396499,1679382396503
1679382396455,1679382396504
1679382396507,1679382396514
1679382396524,1679382396569
1679382396649,1679382396683
1679382396664,1679382396700
1679382396776,1679382396804
1679382396720,1679382396852
1679382396871,1679382396878
1679382396804,1679382396928
1679382396928,1679382396957
1679382396822,1679382396964
1679382396968,1679382397004
1679382396995,1679382397007
1679382396882,1679382397028
1679382397064,1679382397074
1679382396995,1679382397076
1679382396995,1679382397106
1679382397016,1679382397109
1679382397132,1679382397162
1679382397083,1679382397177
1679382396800,1679382397207
1679382397102,1679382397218
1679382397253,1679382397282
1679382397266,1679382397312
1679382397227,1679382397365
1679382397232,1679382397381
1679382397414,1679382397424
1679382397410,1679382397425
1679382397461,1679382397479
1679382397507,1679382397522
1679382397419,1679382397536
1679382397447,1679382397569
1679382397467,1679382397603
1679382397539,1679382397624
1679382397446,1679382397695
1679382397299,1679382397697
1679382397642,1679382397721
1679382397656,1679382397756
1679382397397,1679382397759
1679382397774,1679382397791
1679382397763,1679382397828
1679382397880,1679382397912
1679382397881,1679382397925
1679382397930,1679382397940
1679382397906,1679382397940
1679382397916,1679382397965
1679382398047,1679382398069
1679382398148,1679382398167
1679382398122,1679382398218
1679382398197,1679382398222
1679382398168,1679382398267
1679382398234,1679382398295
1679382398291,1679382398298
1679382398383,1679382398387
1679382398392,1679382398399
1679382398372,1679382398449
1679382398395,1679382398541
1679382398515,1679382398589
1679382398630,1679382398633
1679382398587,1679382398648
1679382398654,1679382398676
1679382398560,1679382398716
1679382398685,1679382398723
1679382398697,1679382398751
1679382398716,1679382398771
1679382398611,1679382398778
1679382398488,1679382398792
1679382398760,1679382398796
1679382398780,1679382398821
1679382398816,1679382398846
1679382398758,1679382398855
1679382398856,1679382398861
1679382398917,1679382398931
1679382398937,1679382398946
1679382398952,1679382398955
1679382398948,1679382398972
1679382398953,1679382398982
1679382398937,1679382399013
1679382398952,1679382399054
1679382399048,1679382399088
1679382399084,1679382399091
1679382399069,1679382399094
1679382399087,1679382399102
1679382399215,1679382399253
1679382399248,1679382399266
1679382399216,1679382399273
1679382399219,1679382399311
1679382399274,1679382399330
1679382399414,1679382399437
1679382399440,1679382399469
1679382399437,1679382399483
1679382399481,1679382399490
1679382399552,1679382399694
1679382399557,1679382399705
1679382399584,1679382399722
1679382399639,1679382399755
1679382399340,1679382399779
1679382399707,1679382399790
1679382399724,1679382399808
1679382399802,1679382399808
1679382399640,1679382399852
1679382399724,1679382399943
1679382399586,1679382399954
1679382399772,1679382399973
1679382399949,1679382399978
1679382399568,1679382399996
1679382399956,1679382400048
1679382400023,1679382400050
1679382400040,1679382400051
1679382399664,1679382400060
1679382400049,1679382400074
1679382399831,1679382400082
1679382400075,1679382400105
1679382400124,1679382400147
1679382400146,1679382400194
1679382400208,1679382400249
1679382400124,1679382400286
1679382400330,1679382400341
1679382400269,1679382400346
1679382400211,1679382400379
1679382400339,1679382400400
1679382400299,1679382400449
1679382400242,1679382400481
1679382400445,1679382400530
1679382400574,1679382400578
1679382400357,1679382400625
1679382400614,1679382400636
1679382400682,1679382400741
1679382400661,1679382400747
1679382400598,1679382400783
1679382400604,1679382400802
1679382400784,1679382400836
1679382400810,1679382400841
1679382400620,1679382400859
1679382400855,1679382400879
1679382400699,1679382400931
1679382400806,1679382400961
1679382400995,1679382401021
1679382401060,1679382401067
1679382401099,1679382401134
1679382401101,1679382401143
1679382401166,1679382401181
1679382401201,1679382401255
1679382401200,1679382401269
1679382401309,1679382401317
1679382401273,1679382401321
1679382401315,1679382401375
1679382401150,1679382401382
1679382401329,1679382401407
1679382401373,1679382401414
1679382401342,1679382401472
1679382401421,1679382401493
1679382401380,1679382401533
1679382401551,1679382401557
1679382401473,1679382401557
1679382401467,1679382401599
1679382401437,1679382401638
1679382401643,1679382401674
1679382401685,1679382401691
1679382401659,1679382401726
1679382401709,1679382401789
1679382401825,1679382401832
1679382401693,1679382401839
1679382401777,1679382401938
1679382401931,1679382401959
1679382402025,1679382402083
1679382401911,1679382402089
1679382402030,1679382402130
1679382402154,1679382402185
1679382402207,1679382402226
1679382402219,1679382402257
1679382402258,1679382402273
1679382402182,1679382402281
1679382402258,1679382402310
1679382402361,1679382402369
1679382402256,1679382402404
1679382402346,1679382402419
1679382402434,1679382402479
1679382402458,1679382402497
1679382402490,1679382402531
1679382402493,1679382402554
1679382402554,1679382402561
1679382402537,1679382402638
1679382402620,1679382402657
1679382402614,1679382402695
1679382402702,1679382402723
1679382402559,1679382402811
1679382402787,1679382402894
1679382402931,1679382402981
1679382403015,1679382403019
1679382403015,1679382403041
1679382403018,1679382403178
1679382403169,1679382403186
1679382403228,1679382403256
1679382403278,1679382403300
1679382403271,1679382403315
1679382403313,1679382403345
1679382403341,1679382403348
1679382403335,1679382403362
1679382403394,1679382403400
1679382403393,1679382403417
1679382403257,1679382403421
1679382403416,1679382403432
1679382403443,1679382403477
1679382403481,1679382403494
1679382403579,1679382403601
1679382403605,1679382403672
1679382403652,1679382403673
1679382403682,1679382403697
1679382403629,1679382403724
1679382403738,1679382403750
1679382403712,1679382403757
1679382403846,1679382403887
1679382403685,1679382403911
1679382403749,1679382403929
1679382403922,1679382403944
1679382403837,1679382403946
1679382403951,1679382404058
1679382403924,1679382404067
1679382403674,1679382404097
1679382403773,1679382404115
1679382403926,1679382404118
1679382403979,1679382404121
1679382404055,1679382404126
1679382404146,1679382404167
1679382404081,1679382404234
1679382404261,1679382404283
1679382403785,1679382404299
1679382404305,1679382404320
1679382403671,1679382404327
1679382404297,1679382404365
1679382403837,1679382404371
1679382404348,1679382404374
1679382403970,1679382404397
1679382404129,1679382404399
1679382404384,1679382404437
1679382404322,1679382404461
1679382404463,1679382404466
1679382404270,1679382404467
1679382404369,1679382404497
1679382404429,1679382404602
1679382404536,1679382404645
1679382404517,1679382404662
1679382404469,1679382404697
1679382404604,1679382404717
1679382404552,1679382404733
1679382404719,1679382404788
1679382404540,1679382404817
1679382404614,1679382404857
1679382404789,1679382404905
1679382404789,1679382404928
1679382404897,1679382404929
1679382404841,1679382404940
1679382404864,1679382404979
1679382404253,1679382404985
1679382404514,1679382405009
1679382404676,1679382405025
1679382404730,1679382405029
1679382404921,1679382405048
1679382405025,1679382405054
1679382405096,1679382405134
1679382405171,1679382405207
1679382405238,1679382405245
1679382405189,1679382405255
1679382405222,1679382405262
1679382405286,1679382405310
1679382405317,1679382405331
1679382405286,1679382405357
1679382405422,1679382405432
1679382405597,1679382405666
1679382405551,1679382405668
1679382405605,1679382405678
1679382405685,1679382405734
1679382405714,1679382405756
1679382405745,1679382405761
1679382405693,1679382405778
1679382405756,1679382405783
1679382405747,1679382405788
1679382405671,1679382405796
1679382405730,1679382405837
1679382405794,1679382405938
1679382405911,1679382405970
1679382405948,1679382405988
1679382405987,1679382406006
1679382405963,1679382406037
1679382406042,1679382406059
1679382406085,1679382406098
1679382405993,1679382406115
1679382406085,1679382406122
1679382406049,1679382406164
1679382405941,1679382406174
1679382405958,1679382406196
1679382406249,1679382406266
1679382406223,1679382406285
1679382406300,1679382406305
1679382406258,1679382406336
1679382406312,1679382406355
1679382406306,1679382406365
1679382406211,1679382406375
1679382406275,1679382406380
1679382406439,1679382406464
1679382406439,1679382406466
1679382406400,1679382406504
1679382406479,1679382406516
1679382406553,1679382406568
1679382406470,1679382406678
1679382406625,1679382406778
1679382406686,1679382406782
1679382406738,1679382406800
1679382406776,1679382406837
1679382406747,1679382406891
1679382406883,1679382406905
1679382406476,1679382406913
1679382406566,1679382406917
1679382406929,1679382406947
1679382407000,1679382407019
1679382407009,1679382407058
1679382407000,1679382407072
1679382407059,1679382407080
1679382407148,1679382407181
1679382407170,1679382407217
1679382407166,1679382407240
1679382407084,1679382407287
1679382407261,1679382407288
1679382407132,1679382407296
1679382407232,1679382407297
1679382407281,1679382407366
1679382407337,1679382407368
1679382407280,1679382407422
1679382407460,1679382407510
1679382407399,1679382407521
1679382407278,1679382407564
1679382407368,1679382407582
1679382407501,1679382407592
1679382407323,1679382407614
1679382407077,1679382407645
1679382407558,1679382407655
1679382407533,1679382407657
1679382407491,1679382407665
1679382407645,1679382407684
1679382407553,1679382407690
1679382407494,1679382407720
1679382407428,1679382407722
1679382407522,1679382407775
1679382407837,1679382407899
1679382407775,1679382407915
1679382407854,1679382407925
1679382407808,1679382407934
1679382407879,1679382407965
1679382408026,1679382408064
1679382407720,1679382408078
1679382408031,1679382408079
1679382407607,1679382408115
1679382408093,1679382408136
1679382407997,1679382408199
1679382408124,1679382408211
1679382408089,1679382408224
1679382408072,1679382408230
1679382408227,1679382408233
1679382408038,1679382408239
1679382407965,1679382408272
1679382408212,1679382408287
1679382408247,1679382408313
1679382407992,1679382408319
1679382407968,1679382408449
1679382408232,1679382408490
1679382408344,1679382408551
1679382408396,1679382408566
1679382408527,1679382408673
1679382408527,1679382408694
1679382408613,1679382408754
1679382408551,1679382408754
1679382408396,1679382408763
1679382408464,1679382408781
1679382408777,1679382408825
1679382408556,1679382408863
1679382408799,1679382408896
1679382408871,1679382408920
1679382408836,1679382408927
1679382408881,1679382408953
1679382408887,1679382408966
1679382408957,1679382408991
1679382408980,1679382409024
1679382409031,1679382409064
1679382408991,1679382409100
1679382409027,1679382409112
1679382409091,1679382409124
1679382409051,1679382409132
1679382409136,1679382409142
1679382408900,1679382409171
1679382409136,1679382409218
1679382409113,1679382409252
1679382409176,1679382409263
1679382409216,1679382409271
1679382409293,1679382409305
1679382409255,1679382409354
1679382409271,1679382409364
1679382409384,1679382409405
1679382409208,1679382409416
1679382409409,1679382409433
1679382409430,1679382409436
1679382409444,1679382409467
1679382409492,1679382409498
1679382409547,1679382409568
1679382409538,1679382409578
1679382409504,1679382409587
1679382409542,1679382409593
1679382409556,1679382409606
1679382409785,1679382409792
1679382409807,1679382409824
1679382409753,1679382409885
1679382409872,1679382409912
1679382409856,1679382409927
1679382409960,1679382410013
1679382410020,1679382410039
1679382410053,1679382410085
1679382409888,1679382410109
1679382409964,1679382410117
1679382410020,1679382410120
1679382409971,1679382410146
1679382410123,1679382410150
1679382410204,1679382410236
1679382410213,1679382410273
1679382410265,1679382410300
1679382410312,1679382410352
1679382410288,1679382410383
1679382410399,1679382410416
1679382410382,1679382410435
1679382410427,1679382410457
1679382410412,1679382410516
1679382410377,1679382410619
1679382410584,1679382410635
1679382410564,1679382410650
1679382410618,1679382410667
1679382410427,1679382410680
1679382410647,1679382410718
1679382410606,1679382410728
1679382410689,1679382410747
1679382410747,1679382410751
1679382410820,1679382410825
1679382410868,1679382410908
1679382410873,1679382410935
1679382410936,1679382410947
1679382411004,1679382411041
1679382410928,1679382411051
1679382410918,1679382411097
1679382410892,1679382411138
1679382410930,1679382411188
1679382411120,1679382411209
1679382411084,1679382411215
1679382411117,1679382411224
1679382411217,1679382411230
1679382411189,1679382411242
1679382411272,1679382411281
1679382411245,1679382411292
1679382411341,1679382411401
1679382411351,1679382411408
1679382411212,1679382411473
1679382411520,1679382411526
1679382411565,1679382411584
1679382411556,1679382411609
1679382411584,1679382411659
1679382411723,1679382411762
1679382411797,1679382411818
1679382411712,1679382411819
1679382411652,1679382411850
1679382411864,1679382411927
1679382411844,1679382411933
1679382412004,1679382412039
1679382411913,1679382412049
1679382412037,1679382412067
1679382412052,1679382412079
1679382412097,1679382412159
1679382412232,1679382412243
1679382412201,1679382412252
1679382412161,1679382412273
1679382412177,1679382412283
1679382412234,1679382412310
1679382412246,1679382412311
1679382412252,1679382412370
1679382412235,1679382412381
1679382412273,1679382412432
1679382412433,1679382412451
1679382412433,1679382412453
1679382412384,1679382412478
1679382412507,1679382412540
1679382412473,1679382412545
1679382412548,1679382412565
1679382412598,1679382412603
1679382412576,1679382412617
1679382412639,1679382412648
1679382412679,1679382412717
1679382412705,1679382412797
1679382412725,1679382412828
1679382412808,1679382412836
1679382412825,1679382412853
1679382412687,1679382412874
1679382412893,1679382412916
1679382412883,1679382412935
1679382412920,1679382412974
1679382412892,1679382412981
1679382412761,1679382413008
1679382412937,1679382413021
1679382413053,1679382413086
1679382413065,1679382413154
1679382413144,1679382413163
1679382413125,1679382413182
1679382413176,1679382413207
1679382413252,1679382413295
1679382413260,1679382413300
1679382413125,1679382413332
1679382413289,1679382413338
1679382413329,1679382413344
1679382413384,1679382413387
1679382413440,1679382413449
1679382413336,1679382413453
1679382413113,1679382413502
1679382413249,1679382413527
1679382413318,1679382413530
1679382413417,1679382413540
1679382413228,1679382413561
1679382413240,1679382413571
1679382413423,1679382413577
1679382413290,1679382413613
1679382413322,1679382413620
1679382413215,1679382413633
1679382413393,1679382413649
1679382413683,1679382413749
1679382413738,1679382413772
1679382413769,1679382413798
1679382414002,1679382414028
1679382414189,1679382414212
1679382414177,1679382414332
1679382414336,1679382414354
1679382414409,1679382414464
1679382414301,1679382414490
1679382414581,1679382414768
1679382414742,1679382414795
1679382414826,1679382414869
1679382414950,1679382414965
1679382414971,1679382414997
1679382414993,1679382415017
1679382415077,1679382415179
1679382415210,1679382415222
1679382415229,1679382415253
1679382415235,1679382415289
1679382415281,1679382415311
1679382415317,1679382415370
1679382415490,1679382415504
1679382415617,1679382415646
1679382415786,1679382415800
1679382415925,1679382415951
1679382415997,1679382416018
1679382415990,1679382416046
1679382416277,1679382416291
1679382416316,1679382416340
1679382416357,1679382416372
1679382416372,1679382416395
1679382416466,1679382416496
1679382416500,1679382416529
1679382416497,1679382416601
1679382416542,1679382416695
1679382416728,1679382416743
1679382416789,1679382416811
1679382416876,1679382416898
1679382416973,1679382417042
1679382417036,1679382417062
1679382417030,1679382417077
1679382417322,1679382417350
1679382417361,1679382417429
1679382417444,1679382417519
1679382417570,1679382417597
1679382417569,1679382417598
1679382417481,1679382417612
1679382417668,1679382417719
1679382417731,1679382417752
1679382417748,1679382417812
1679382417878,1679382417892
1679382417897,1679382417932
1679382417932,1679382417994
1679382418033,1679382418115
1679382418142,1679382418214
1679382418214,1679382418317
1679382418339,1679382418406
1679382418532,1679382418537
1679382418567,1679382418596
1679382418647,1679382418676
1679382418801,1679382418887
1679382418964,1679382418995
1679382418992,1679382419063
1679382419040,1679382419078
1679382419065,1679382419091
1679382419016,1679382419152
1679382419037,1679382419160
1679382419227,1679382419233
1679382419196,1679382419283
1679382419271,1679382419302
1679382419299,1679382419314
1679382419325,1679382419338
1679382419445,1679382419469
1679382419681,1679382419688
1679382419687,1679382419808
1679382419848,1679382419892
1679382419824,1679382420006
1679382420080,1679382420098
1679382420286,1679382420306
1679382420323,1679382420331
1679382420320,1679382420338
1679382420348,1679382420365
1679382420344,1679382420394
1679382420485,1679382420509
1679382420395,1679382420515
1679382420513,1679382420555
1679382420604,1679382420621
1679382420722,1679382420736
1679382420740,1679382420750
1679382420761,1679382420774
1679382420800,1679382420818
1679382421176,1679382421220
1679382421337,1679382421401
1679382421417,1679382421448
1679382421485,1679382421505
1679382421549,1679382421563
1679382421492,1679382421577
1679382421500,1679382421624
1679382421653,1679382421660
1679382421697,1679382421783
1679382421784,1679382421793
1679382421784,1679382421813
1679382421877,1679382421885
1679382421918,1679382421964
1679382422069,1679382422075
1679382422098,1679382422120
1679382422156,1679382422171
1679382422289,1679382422373
1679382422454,1679382422473
1679382422533,1679382422601
1679382422557,1679382422668
1679382422601,1679382422676
1679382422710,1679382422744
1679382422725,1679382422746
1679382422748,1679382422759
1679382422793,1679382422835
1679382422937,1679382422955
1679382423025,1679382423046
1679382423021,1679382423100
1679382423269,1679382423307
1679382423337,1679382423399
1679382423356,1679382423403
1679382423342,1679382423441
1679382423454,1679382423514
1679382423605,1679382423620
1679382423715,1679382423738
1679382423769,1679382423774
1679382423962,1679382423992
1679382423984,1679382423998
1679382423965,1679382424003
1679382424003,1679382424016
1679382423951,1679382424056
1679382424007,1679382424096
1679382423987,1679382424109
1679382423966,1679382424141
1679382423985,1679382424146
1679382423818,1679382424169
1679382424009,1679382424229
1679382423974,1679382424242
1679382423969,1679382424256
1679382423944,1679382424340
1679382423973,1679382424353
1679382424284,1679382424373
1679382424267,1679382424376
1679382423956,1679382424376
1679382424285,1679382424401
1679382424341,1679382424402
1679382424261,1679382424419
1679382424410,1679382424432
1679382424445,1679382424457
1679382424363,1679382424462
1679382423995,1679382424479
1679382423992,1679382424509
1679382424458,1679382424560
1679382424092,1679382424567
1679382424557,1679382424628
1679382424754,1679382424844
1679382424849,1679382424863
1679382425197,1679382425272
1679382425341,1679382425458
1679382425406,1679382425536
1679382425569,1679382425576
1679382425569,1679382425624
1679382425740,1679382425750
1679382425656,1679382425751
1679382425668,1679382425767
1679382425730,1679382425816
1679382425796,1679382425817
1679382425745,1679382425830
1679382425840,1679382425843
1679382425851,1679382425878
1679382425766,1679382425904
1679382425869,1679382425909
1679382425837,1679382425911
1679382425797,1679382425911
1679382425941,1679382425949
1679382425979,1679382425988
1679382426022,1679382426062
1679382425961,1679382426084
1679382426045,1679382426093
1679382426112,1679382426149
1679382426112,1679382426223
1679382426217,1679382426224
1679382426283,1679382426292
1679382426284,1679382426334
1679382426025,1679382426352
1679382426390,1679382426513
1679382426463,1679382426542
1679382426536,1679382426552
1679382426561,1679382426599
1679382426636,1679382426688
1679382426739,1679382426819
1679382426979,1679382427021
1679382427038,1679382427054
1679382427091,1679382427131
1679382427146,1679382427209
1679382427196,1679382427271
1679382427256,1679382427276
1679382427136,1679382427333
1679382427337,1679382427345
1679382427359,1679382427364
1679382427350,1679382427380
1679382427353,1679382427454
1679382427434,1679382427494
1679382427353,1679382427500
1679382427489,1679382427514
1679382427511,1679382427528
1679382427590,1679382427597
1679382427527,1679382427610
1679382427669,1679382427693
1679382427524,1679382427716
1679382427684,1679382427738
1679382427766,1679382427814
1679382427855,1679382427870
1679382427884,1679382427890
1679382427892,1679382427933
1679382427934,1679382427947
1679382427928,1679382427984
1679382428079,1679382428140
1679382428167,1679382428171
1679382428227,1679382428235
1679382428213,1679382428293
1679382428273,1679382428295
1679382428282,1679382428326
1679382428359,1679382428387
1679382428320,1679382428390
1679382428285,1679382428422
1679382428450,1679382428457
1679382428443,1679382428479
1679382428475,1679382428484
1679382428480,1679382428507
1679382428591,1679382428610
1679382428708,1679382428715
1679382428618,1679382428719
1679382428716,1679382428784
1679382428817,1679382428825
1679382428818,1679382428827
1679382428739,1679382428831
1679382428838,1679382428921
1679382428994,1679382429034
1679382429031,1679382429036
1679382429105,1679382429154
1679382429165,1679382429170
1679382429162,1679382429212
1679382429166,1679382429217
1679382429226,1679382429302
1679382429331,1679382429334
1679382429335,1679382429382
1679382429373,1679382429413
1679382429360,1679382429435
1679382429418,1679382429469
1679382429492,1679382429505
1679382429571,1679382429581
1679382429605,1679382429617
1679382429644,1679382429653
1679382429668,1679382429689
1679382429618,1679382429723
1679382429790,1679382429801
1679382429842,1679382429871
1679382429866,1679382429898
1679382429859,1679382429982
1679382429886,1679382430001
1679382429993,1679382430035
1679382429944,1679382430038
1679382430025,1679382430054
1679382429850,1679382430066
1679382430046,1679382430066
1679382430108,1679382430135
1679382430173,1679382430215
1679382430256,1679382430278
1679382430324,1679382430333
1679382430317,1679382430335
1679382430317,1679382430341
1679382430345,1679382430400
1679382430431,1679382430505
1679382430465,1679382430550
1679382430440,1679382430619
1679382430622,1679382430631
1679382430674,1679382430697
1679382430707,1679382430725
1679382430645,1679382430742
1679382430746,1679382430857
1679382430760,1679382430878
1679382430859,1679382430886
1679382430888,1679382430950
1679382430865,1679382430974
1679382430841,1679382430980
1679382430636,1679382431012
1679382431073,1679382431098
1679382431068,1679382431098
1679382431119,1679382431125
1679382431117,1679382431142
1679382431153,1679382431193
1679382431242,1679382431258
1679382431289,1679382431335
1679382431305,1679382431344
1679382431282,1679382431356
1679382431353,1679382431393
1679382431343,1679382431398
1679382431446,1679382431481
1679382431455,1679382431532
1679382431497,1679382431561
1679382431527,1679382431603
1679382431631,1679382431737
1679382431636,1679382431760
1679382431727,1679382431764
1679382431927,1679382431931
1679382431952,1679382431970
1679382431920,1679382431981
1679382431958,1679382431996
1679382431987,1679382432005
1679382431939,1679382432013
1679382432024,1679382432038
1679382432021,1679382432086
1679382432107,1679382432216
1679382432191,1679382432252
1679382432379,1679382432425
1679382432415,1679382432452
1679382432478,1679382432490
1679382432507,1679382432509
1679382432510,1679382432534
1679382432474,1679382432550
1679382432676,1679382432723
1679382432615,1679382432749
1679382432665,1679382432763
1679382432782,1679382432810
1679382432799,1679382432810
1679382432803,1679382432854
1679382432830,1679382432922
1679382432919,1679382432936
1679382432928,1679382433014
1679382432974,1679382433040
1679382433134,1679382433144
1679382433265,1679382433367
1679382433336,1679382433377
1679382433315,1679382433389
1679382433405,1679382433431
1679382433370,1679382433451
1679382433507,1679382433536
1679382433531,1679382433602
1679382433381,1679382433629
1679382433651,1679382433706
1679382433539,1679382433726
1679382433518,1679382433773
1679382433631,1679382433810
1679382433642,1679382433833
1679382433815,1679382433886
1679382433911,1679382433930
1679382433938,1679382433954
1679382434080,1679382434107
1679382434163,1679382434241
1679382434233,1679382434255
1679382434270,1679382434289
1679382434181,1679382434328
1679382434167,1679382434334
1679382434221,1679382434352
1679382434323,1679382434431
1679382434462,1679382434470
1679382434273,1679382434518
1679382434512,1679382434520
1679382434564,1679382434573
1679382434531,1679382434589
1679382434557,1679382434625
1679382434643,1679382434686
1679382434615,1679382434732
1679382434732,1679382434741
1679382434799,1679382434803
1679382434842,1679382434849
1679382434823,1679382434877
1679382434829,1679382434879
1679382435030,1679382435043
1679382435049,1679382435067
1679382434998,1679382435104
1679382435105,1679382435162
1679382435210,1679382435244
1679382435277,1679382435298
1679382435510,1679382435519
1679382435469,1679382435573
1679382435584,1679382435622
1679382435558,1679382435650
1679382435734,1679382435752
1679382435743,1679382435770
1679382435770,1679382435797
1679382435765,1679382435862
1679382435850,1679382435892
1679382435781,1679382435917
1679382435941,1679382436010
1679382435925,1679382436034
1679382436077,1679382436083
1679382436091,1679382436097
1679382435892,1679382436106
1679382436094,1679382436128
1679382435856,1679382436143
1679382435839,1679382436161
1679382436095,1679382436202
1679382436262,1679382436269
1679382436174,1679382436282
1679382436226,1679382436349
1679382436370,1679382436381
1679382436403,1679382436417
1679382436488,1679382436509
1679382436369,1679382436535
1679382436698,1679382436723
1679382436695,1679382436731
1679382436739,1679382436745
1679382436771,1679382436786
1679382436936,1679382436978
1679382436980,1679382437010
1679382436771,1679382437033
1679382436943,1679382437150
1679382437123,1679382437185
1679382437363,1679382437373
1679382437465,1679382437522
1679382437347,1679382437680
1679382437637,1679382437681
1679382437660,1679382437693
1679382437704,1679382437715
1679382437696,1679382437723
1679382437722,1679382437726
1679382437720,1679382437736
1679382437742,1679382437782
1679382437715,1679382437807
1679382437843,1679382437850
1679382437968,1679382438038
1679382438045,1679382438051
1679382438063,1679382438073
1679382438092,1679382438107
1679382438057,1679382438144
1679382438172,1679382438176
1679382438160,1679382438180
1679382438103,1679382438236
1679382438289,1679382438335
1679382438328,1679382438377
1679382438365,1679382438391
1679382438332,1679382438401
1679382438431,1679382438452
1679382438440,1679382438457
1679382438508,1679382438521
1679382438516,1679382438570
1679382438541,1679382438578
1679382438587,1679382438634
1679382438695,1679382438749
1679382438837,1679382438846
1679382438927,1679382438977
1679382439016,1679382439023
1679382438992,1679382439025
1679382439117,1679382439120
1679382439080,1679382439125
1679382439227,1679382439283
1679382439220,1679382439300
1679382439320,1679382439338
1679382439425,1679382439441
1679382439436,1679382439667
1679382439643,1679382439775
1679382439580,1679382439793
1679382439661,1679382439817
1679382439714,1679382439837
1679382439808,1679382439971
1679382439709,1679382440001
1679382440060,1679382440092
1679382439476,1679382440099
1679382439880,1679382440112
1679382439764,1679382440204
1679382439980,1679382440227
1679382439452,1679382440247
1679382439804,1679382440249
1679382440238,1679382440338
1679382439917,1679382440344
1679382440222,1679382440361
1679382439679,1679382440383
1679382440105,1679382440402
1679382440403,1679382440441
1679382440472,1679382440488
1679382439601,1679382440541
1679382440072,1679382440549
1679382440236,1679382440583
1679382440590,1679382440604
1679382440624,1679382440636
1679382440683,1679382440817
1679382440810,1679382440847
1679382440881,1679382440892
1679382440891,1679382440999
1679382440924,1679382441060
1679382440993,1679382441072
1679382441200,1679382441206
1679382441205,1679382441209
1679382441298,1679382441340
1679382441250,1679382441361
1679382441341,1679382441367
1679382441403,1679382441413
1679382441413,1679382441450
1679382441589,1679382441605
1679382441609,1679382441693
1679382441553,1679382441693
1679382441745,1679382441750
1679382441833,1679382441840
1679382441858,1679382441901
1679382441893,1679382441910
1679382441833,1679382441929
1679382441895,1679382441953
1679382441937,1679382441974
1679382441990,1679382442010
1679382442017,1679382442034
1679382442053,1679382442066
1679382441877,1679382442078
1679382442208,1679382442234
1679382442258,1679382442278
1679382442262,1679382442282
1679382442405,1679382442412
1679382442363,1679382442421
1679382442294,1679382442434
1679382442423,1679382442477
1679382442569,1679382442602
1679382442593,1679382442657
1679382442663,1679382442667
1679382442852,1679382442868
1679382442857,1679382442901
1679382442822,1679382442952
1679382442952,1679382442968
1679382443036,1679382443087
1679382442994,1679382443121
1679382443121,1679382443128
1679382443227,1679382443245
1679382443194,1679382443247
1679382443224,1679382443252
1679382443254,1679382443266
1679382443270,1679382443275
1679382443253,1679382443310
1679382443350,1679382443388
1679382443431,1679382443452
1679382443484,1679382443492
1679382443513,1679382443532
1679382443569,1679382443574
1679382443602,1679382443655
1679382443708,1679382443712
1679382443677,1679382443713
1679382443769,1679382443850
1679382443833,1679382443850
1679382444020,1679382444058
1679382444053,1679382444061
1679382444079,1679382444083
1679382444081,1679382444085
1679382444119,1679382444134
1679382444127,1679382444153
1679382444112,1679382444216
1679382444128,1679382444219
1679382444137,1679382444229
1679382444202,1679382444250
1679382444177,1679382444345
1679382444365,1679382444391
1679382444275,1679382444391
1679382444137,1679382444465
1679382444453,1679382444469
1679382444461,1679382444519
1679382444485,1679382444610
1679382444605,1679382444673
1679382444668,1679382444695
1679382444621,1679382444705
1679382444685,1679382444736
1679382444552,1679382444790
1679382444591,1679382444864
1679382444840,1679382444898
1679382444837,1679382444903
1679382444652,1679382444920
1679382444768,1679382445034
1679382445058,1679382445062
1679382445106,1679382445127
1679382445192,1679382445213
1679382445261,1679382445272
1679382445278,1679382445288
1679382445270,1679382445288
1679382445360,1679382445564
1679382445405,1679382445640
1679382445411,1679382445684
1679382445505,1679382445691
1679382445646,1679382445715
1679382445725,1679382445793
1679382445729,1679382445797
1679382445732,1679382445823
1679382445756,1679382445839
1679382445874,1679382445897
1679382445780,1679382445904
1679382445855,1679382445913
1679382445783,1679382445917
1679382445791,1679382445934
1679382445804,1679382445947
1679382445914,1679382445971
1679382445969,1679382445975
1679382445890,1679382445976
1679382445957,1679382445985
1679382446012,1679382446067
1679382446025,1679382446100
1679382445904,1679382446142
1679382446060,1679382446174
1679382446104,1679382446180
1679382446210,1679382446222
1679382446300,1679382446313
1679382446452,1679382446474
1679382446492,1679382446605
1679382446581,1679382446639
1679382446513,1679382446685
1679382446745,1679382446779
1679382446760,1679382446781
1679382446790,1679382446795
1679382446817,1679382446851
1679382446929,1679382446950
1679382446945,1679382446951
1679382447041,1679382447074
1679382447026,1679382447166
1679382447125,1679382447181
1679382447076,1679382447192
1679382447074,1679382447224
1679382447185,1679382447258
1679382447240,1679382447297
1679382447301,1679382447309
1679382447308,1679382447338
1679382447365,1679382447374
1679382447259,1679382447412
1679382447343,1679382447420
1679382447396,1679382447461
1679382447368,1679382447497
1679382447457,1679382447540
1679382447484,1679382447556
1679382447669,1679382447680
1679382447416,1679382447697
1679382447691,1679382447723
1679382447735,1679382447761
1679382447780,1679382447788
1679382447793,1679382447828
1679382447831,1679382447837
1679382447820,1679382447863
1679382447868,1679382447889
1679382447887,1679382447894
1679382448025,1679382448061
1679382448076,1679382448125
1679382448239,1679382448256
1679382448296,1679382448308
1679382448381,1679382448401
1679382448356,1679382448427
1679382448389,1679382448455
1679382448465,1679382448481
1679382448427,1679382448561
1679382448520,1679382448566
1679382448568,1679382448639
1679382448600,1679382448666
1679382448607,1679382448672
1679382448635,1679382448678
1679382448700,1679382448722
1679382448723,1679382448756
1679382448772,1679382448783
1679382448868,1679382448877
1679382448877,1679382448888
1679382448768,1679382448902
1679382448952,1679382448961
1679382448939,1679382448972
1679382449068,1679382449088
1679382449084,1679382449097
1679382449095,1679382449119
1679382449095,1679382449170
1679382449228,1679382449250
1679382449273,1679382449312
1679382449324,1679382449361
1679382449342,1679382449370
1679382449354,1679382449393
1679382449390,1679382449424
1679382449425,1679382449440
1679382449455,1679382449528
1679382449493,1679382449534
1679382449343,1679382449566
1679382449454,1679382449575
1679382449635,1679382449744
1679382449744,1679382449758
1679382449751,1679382449783
1679382449634,1679382449784
1679382450045,1679382450052
1679382450041,1679382450085
1679382450005,1679382450106
1679382450063,1679382450151
1679382450060,1679382450174
1679382450149,1679382450206
1679382450108,1679382450213
1679382450096,1679382450223
1679382450112,1679382450224
1679382450212,1679382450288
1679382450101,1679382450309
1679382450264,1679382450317
1679382450293,1679382450326
1679382450154,1679382450359
1679382450366,1679382450371
1679382450423,1679382450482
1679382450521,1679382450587
1679382450577,1679382450595
1679382450632,1679382450649
1679382450629,1679382450680
1679382450645,1679382450694
1679382450732,1679382450858
1679382450816,1679382450880
1679382450830,1679382450914
1679382450596,1679382450924
1679382450932,1679382450942
1679382450720,1679382450973
1679382451125,1679382451137
1679382451089,1679382451141
1679382451147,1679382451181
1679382451247,1679382451280
1679382451282,1679382451298
1679382451323,1679382451338
1679382451332,1679382451479
1679382451477,1679382451491
1679382451395,1679382451533
1679382451520,1679382451573
1679382451505,1679382451578
1679382451287,1679382451578
1679382451551,1679382451579
1679382451609,1679382451681
1679382451664,1679382451737
1679382451731,1679382451758
1679382451707,1679382451758
1679382451798,1679382451809
1679382451833,1679382451914
1679382451863,1679382451928
1679382451900,1679382451954
1679382451985,1679382452060
1679382452056,1679382452064
1679382452094,1679382452136
1679382452167,1679382452174
1679382452241,1679382452255
1679382452236,1679382452268
1679382452240,1679382452281
1679382452274,1679382452298
1679382452388,1679382452416
1679382452413,1679382452424
1679382452305,1679382452443
1679382452363,1679382452469
1679382452489,1679382452504
1679382452541,1679382452554
1679382452571,1679382452606
1679382452621,1679382452640
1679382452562,1679382452650
1679382452619,1679382452670
1679382452689,1679382452697
1679382452720,1679382452815
1679382452700,1679382452850
1679382452749,1679382452865
1679382452907,1679382452941
1679382452989,1679382453058
1679382453076,1679382453080
1679382453149,1679382453180
1679382453279,1679382453339
1679382453225,1679382453341
1679382453244,1679382453342
1679382453284,1679382453389
1679382453412,1679382453416
1679382453283,1679382453450
1679382453355,1679382453466
1679382453288,1679382453490
1679382453521,1679382453531
1679382453552,1679382453596
1679382453599,1679382453607
1679382453600,1679382453671
1679382453614,1679382453704
1679382453782,1679382453804
1679382453714,1679382453825
1679382453830,1679382453867
1679382453826,1679382453887
1679382453909,1679382453911
1679382454017,1679382454043
1679382453917,1679382454048
1679382454038,1679382454084
1679382454128,1679382454138
1679382454195,1679382454218
1679382454177,1679382454225
1679382454257,1679382454274
1679382454304,1679382454311
1679382454309,1679382454323
1679382454289,1679382454357
1679382454605,1679382454609
1679382454514,1679382454625
1679382454639,1679382454657
1679382454704,1679382454724
1679382454710,1679382454749
1679382454794,1679382454814
1679382454857,1679382454897
1679382454969,1679382454990
1679382454908,1679382455028
1679382455068,1679382455071
1679382455028,1679382455114
1679382455101,1679382455148
1679382455097,1679382455176
1679382455172,1679382455192
1679382455117,1679382455309
1679382455201,1679382455310
1679382455200,1679382455332
1679382455417,1679382455470
1679382455465,1679382455501
1679382455534,1679382455568
1679382455540,1679382455617
1679382455538,1679382455627
1679382455625,1679382455644
1679382455706,1679382455716
1679382455859,1679382455885
1679382455834,1679382455912
1679382455927,1679382455967
1679382455972,1679382455981
1679382455962,1679382455984
1679382456070,1679382456102
1679382456101,1679382456108
1679382456127,1679382456130
1679382456158,1679382456197
1679382456136,1679382456204
1679382456215,1679382456296
1679382456345,1679382456366
1679382456344,1679382456413
1679382456387,1679382456423
1679382456514,1679382456527
1679382456517,1679382456529
1679382456689,1679382456751
1679382456661,1679382456771
1679382456809,1679382456875
1679382456861,1679382456948
1679382456869,1679382457001
1679382456869,1679382457075
1679382456896,1679382457083
1679382457162,1679382457195
1679382457130,1679382457243
1679382457254,1679382457294
1679382457307,1679382457321
1679382457215,1679382457336
1679382457290,1679382457350
1679382457272,1679382457382
1679382457354,1679382457508
1679382457536,1679382457570
1679382457476,1679382457581
1679382457592,1679382457618
1679382457650,1679382457667
1679382457710,1679382457767
1679382457753,1679382457894
1679382457854,1679382457924
1679382457927,1679382457934
1679382457903,1679382457972
1679382457966,1679382457987
1679382457961,1679382458073
1679382457994,1679382458112
1679382458052,1679382458170
1679382458169,1679382458192
1679382458219,1679382458245
1679382458398,1679382458415
1679382458429,1679382458442
1679382458415,1679382458478
1679382458568,1679382458591
1679382458546,1679382458599
1679382458562,1679382458617
1679382458696,1679382458705
1679382458550,1679382458766
1679382458754,1679382458809
1679382458756,1679382458870
1679382458853,1679382458872
1679382458869,1679382458954
1679382458908,1679382459029
1679382459153,1679382459169
1679382459233,1679382459236
1679382459305,1679382459311
1679382459285,1679382459386
1679382459400,1679382459407
1679382459673,1679382459691
1679382459553,1679382459729
1679382459715,1679382459750
1679382459669,1679382459780
1679382459803,1679382459822
1679382459826,1679382459835
1679382459850,1679382459885
1679382459975,1679382460020
1679382460060,1679382460138
1679382460038,1679382460144
1679382460116,1679382460145
1679382460175,1679382460228
1679382460243,1679382460299
1679382460291,1679382460303
1679382460307,1679382460375
1679382460462,1679382460466
1679382460400,1679382460489
1679382460484,1679382460516
1679382460697,1679382460702
1679382460707,1679382460723
1679382460663,1679382460723
1679382460840,1679382460881
1679382460896,1679382460910
1679382460925,1679382460989
1679382460999,1679382461073
1679382461062,1679382461101
1679382461032,1679382461122
1679382461267,1679382461282
1679382461311,1679382461320
1679382461291,1679382461325
1679382461349,1679382461404
1679382461415,1679382461422
1679382461412,1679382461532
1679382461530,1679382461535
1679382461518,1679382461572
1679382461530,1679382461589
1679382461689,1679382461725
1679382461722,1679382461758
1679382461757,1679382461812
1679382461934,1679382461939
1679382461954,1679382461963
1679382462026,1679382462046
1679382462017,1679382462062
1679382461989,1679382462130
1679382462297,1679382462308
1679382462350,1679382462373
1679382462310,1679382462404
1679382462246,1679382462459
1679382462493,1679382462499
1679382462490,1679382462542
1679382462424,1679382462553
1679382462685,1679382462700
1679382462761,1679382462887
1679382463032,1679382463046
1679382463003,1679382463049
1679382463053,1679382463134
1679382463193,1679382463220
1679382463071,1679382463257
1679382463143,1679382463260
1679382463152,1679382463266
1679382463142,1679382463287
1679382463322,1679382463329
1679382463185,1679382463364
1679382463415,1679382463419
1679382463382,1679382463478
1679382463441,1679382463489
1679382463576,1679382463632
1679382463661,1679382463672
1679382463661,1679382463673
1679382463702,1679382463743
1679382463845,1679382463893
1679382464065,1679382464137
1679382464139,1679382464189
1679382464166,1679382464301
1679382464307,1679382464345
1679382464398,1679382464422
1679382464517,1679382464529
1679382464661,1679382464668
1679382464707,1679382464839
1679382465089,1679382465126
1679382465164,1679382465170
1679382465107,1679382465178
1679382465165,1679382465229
1679382465465,1679382465476
1679382465345,1679382465517
1679382465579,1679382465583
1679382465613,1679382465621
1679382465485,1679382465651
1679382465683,1679382465875
1679382465937,1679382465975
1679382465971,1679382465999
1679382466357,1679382466362
1679382466367,1679382466390
1679382466421,1679382466435
1679382466469,1679382466534
1679382466736,1679382466819
1679382466788,1679382466880
1679382466801,1679382466895
1679382466909,1679382466928
1679382467133,1679382467149
1679382467063,1679382467182
1679382467115,1679382467283
1679382467277,1679382467293
1679382467397,1679382467464
1679382467420,1679382467536
1679382467720,1679382467736
1679382467761,1679382467795
1679382467951,1679382467956
1679382467983,1679382468018
1679382468049,1679382468106
1679382468289,1679382468298
1679382468573,1679382468599
1679382468628,1679382468632
1679382468597,1679382468682
1679382468795,1679382468827
1679382468897,1679382468962
1679382468805,1679382469064
1679382468883,1679382469123
1679382468809,1679382469154
1679382469688,1679382469699
1679382469715,1679382469729
1679382469791,1679382469830
1679382469948,1679382469997
1679382470008,1679382470060
1679382470001,1679382470120
1679382470125,1679382470142
1679382470195,1679382470251
1679382470345,1679382470351
1679382470351,1679382470370
1679382470774,1679382470841
1679382470868,1679382470941
1679382470980,1679382470998
1679382471105,1679382471133
1679382471117,1679382471140
1679382471173,1679382471197
1679382471205,1679382471221
1679382471238,1679382471252
1679382471594,1679382471612
1679382471611,1679382471619
1679382471632,1679382471641
1679382471913,1679382471935
1679382472029,1679382472058
1679382472196,1679382472249
1679382472358,1679382472385
1679382472452,1679382472456
1679382472689,1679382472730
1679382472673,1679382472743
1679382472695,1679382472749
1679382472737,1679382472772
1679382472807,1679382472835
1679382473021,1679382473058
1679382473283,1679382473320
1679382473363,1679382473390
1679382473368,1679382473489
1679382473565,1679382473581
1679382473857,1679382473872
1679382473969,1679382473987
1679382474085,1679382474128
1679382474127,1679382474167
1679382474212,1679382474253
1679382474212,1679382474323
1679382474246,1679382474341
1679382474399,1679382474418
1679382474407,1679382474427
1679382474461,1679382474468
1679382474433,1679382474507
1679382474480,1679382474531
1679382474537,1679382474551
1679382474524,1679382474590
1679382474435,1679382474666
1679382474493,1679382474672
1679382474462,1679382474795
1679382474540,1679382474821
1679382474502,1679382474857
1679382474551,1679382474869
1679382474411,1679382474878
1679382474488,1679382474884
1679382474461,1679382474906
1679382474444,1679382474921
1679382474519,1679382474945
1679382474459,1679382474992
1679382474416,1679382475061
1679382474476,1679382475070
1679382474520,1679382475085
1679382474506,1679382475169
1679382474508,1679382475170
1679382474515,1679382475252
1679382474460,1679382475333
1679382474523,1679382475336
1679382474536,1679382475340
1679382475317,1679382475346
1679382474423,1679382475374
1679382474483,1679382475379
1679382474501,1679382475403
1679382475373,1679382475415
1679382474486,1679382475515
1679382474528,1679382475523
1679382474438,1679382475532
1679382474744,1679382475546
1679382474489,1679382475570
1679382474506,1679382475577
1679382474438,1679382475582
1679382474546,1679382475582
1679382474411,1679382475596
1679382474423,1679382475606
1679382474929,1679382475628
1679382475061,1679382475655
1679382475485,1679382475656
1679382475201,1679382475668
1679382475649,1679382475720
1679382474451,1679382475737
1679382474426,1679382475764
1679382474435,1679382475782
1679382475705,1679382475791
1679382475814,1679382475921
1679382475925,1679382475944
1679382475877,1679382475986
1679382476009,1679382476013
1679382475922,1679382476072
1679382476092,1679382476111
1679382476161,1679382476174
1679382476141,1679382476186
1679382476293,1679382476321
1679382476392,1679382476422
1679382476346,1679382476446
1679382476409,1679382476465
1679382476407,1679382476465
1679382476425,1679382476478
1679382476576,1679382476593
1679382476569,1679382476598
1679382476589,1679382476636
1679382476617,1679382476694
1679382476601,1679382476697
1679382476708,1679382476717
1679382476732,1679382476737
1679382476561,1679382476743
1679382476770,1679382476788
1679382476866,1679382476880
1679382476931,1679382476936
1679382476918,1679382476938
1679382476956,1679382476989
1679382476961,1679382477015
1679382476989,1679382477026
1679382477136,1679382477141
1679382477121,1679382477157
1679382477145,1679382477217
1679382477256,1679382477262
1679382477185,1679382477280
1679382477292,1679382477297
1679382477278,1679382477367
1679382477235,1679382477393
1679382477381,1679382477502
1679382477330,1679382477512
1679382477467,1679382477535
1679382477329,1679382477543
1679382477332,1679382477588
1679382477595,1679382477623
1679382477665,1679382477693
1679382477641,1679382477695
1679382477707,1679382477717
1679382477709,1679382477745
1679382477730,1679382477769
1679382477637,1679382477799
1679382477706,1679382477808
1679382477816,1679382477831
1679382477798,1679382477893
1679382477798,1679382477900
1679382477957,1679382477970
1679382477941,1679382477975
1679382477988,1679382478005
1679382477981,1679382478056
1679382477820,1679382478059
1679382478045,1679382478116
1679382478117,1679382478142
1679382478135,1679382478198
1679382478177,1679382478211
1679382478212,1679382478217
1679382478043,1679382478268
1679382478264,1679382478276
1679382478338,1679382478347
1679382478278,1679382478351
1679382478346,1679382478410
1679382478435,1679382478440
1679382478264,1679382478460
1679382478368,1679382478465
1679382478343,1679382478489
1679382478459,1679382478525
1679382478253,1679382478549
1679382478559,1679382478569
1679382478484,1679382478605
1679382478660,1679382478675
1679382478567,1679382478678
1679382478591,1679382478705
1679382478703,1679382478760
1679382478766,1679382478774
1679382478659,1679382478782
1679382478755,1679382478862
1679382478665,1679382478866
1679382478899,1679382478910
1679382478899,1679382478917
1679382478958,1679382478963
1679382478962,1679382478977
1679382478978,1679382479021
1679382478942,1679382479023
1679382478981,1679382479048
1679382479022,1679382479054
1679382479094,1679382479157
1679382479102,1679382479167
1679382479087,1679382479193
1679382479102,1679382479249
1679382479209,1679382479296
1679382479183,1679382479335
1679382479198,1679382479411
1679382479342,1679382479449
1679382479401,1679382479472
1679382479175,1679382479487
1679382479465,1679382479488
1679382479398,1679382479488
1679382479490,1679382479546
1679382479396,1679382479588
1679382479327,1679382479613
1679382479311,1679382479641
1679382479635,1679382479644
1679382479531,1679382479660
1679382479595,1679382479796
1679382479698,1679382479807
1679382479819,1679382479822
1679382479798,1679382479833
1679382479728,1679382479846
1679382479849,1679382479857
1679382479830,1679382479884
1679382479898,1679382479911
1679382479915,1679382479932
1679382479959,1679382480051
1679382480015,1679382480052
1679382479954,1679382480087
1679382479941,1679382480110
1679382480127,1679382480264
1679382480155,1679382480265
1679382480257,1679382480274
1679382480139,1679382480284
1679382480230,1679382480287
1679382480334,1679382480348
1679382480228,1679382480375
1679382480306,1679382480397
1679382480342,1679382480413
1679382480408,1679382480418
1679382480443,1679382480452
1679382480422,1679382480464
1679382480497,1679382480588
1679382480653,1679382480669
1679382480719,1679382480799
1679382480786,1679382480808
1679382480751,1679382480829
1679382480753,1679382480857
1679382480564,1679382480861
1679382480767,1679382480944
1679382480983,1679382481008
1679382480950,1679382481047
1679382480870,1679382481141
1679382481090,1679382481142
1679382480947,1679382481154
1679382481056,1679382481161
1679382480928,1679382481222
1679382481163,1679382481272
1679382481283,1679382481314
1679382481302,1679382481328
1679382481212,1679382481347
1679382481268,1679382481357
1679382481290,1679382481358
1679382481361,1679382481380
1679382481039,1679382481382
1679382481393,1679382481405
1679382481415,1679382481453
1679382481420,1679382481459
1679382481454,1679382481471
1679382481459,1679382481487
1679382481486,1679382481523
1679382481501,1679382481608
1679382481623,1679382481629
1679382481550,1679382481652
1679382481677,1679382481685
1679382481697,1679382481752
1679382481651,1679382481803
1679382481477,1679382481818
1679382481719,1679382481862
1679382481531,1679382481925
1679382481641,1679382481931
1679382481714,1679382481948
1679382481780,1679382481955
1679382481923,1679382482052
1679382481959,1679382482056
1679382481620,1679382482057
1679382481958,1679382482058
1679382481440,1679382482065
1679382481667,1679382482126
1679382481963,1679382482137
1679382481985,1679382482138
1679382481688,1679382482152
1679382482106,1679382482155
1679382481995,1679382482175
1679382481950,1679382482194
1679382481867,1679382482226
1679382482201,1679382482254
1679382482297,1679382482370
1679382482320,1679382482371
1679382482332,1679382482378
1679382482397,1679382482432
1679382482348,1679382482447
1679382482245,1679382482468
1679382481748,1679382482508
1679382482504,1679382482539
1679382482482,1679382482593
1679382482564,1679382482597
1679382482376,1679382482610
1679382482559,1679382482622
1679382482552,1679382482675
1679382482468,1679382482717
1679382482754,1679382482762
1679382482628,1679382482770
1679382482625,1679382482793
1679382482223,1679382482821
1679382482811,1679382482826
1679382482637,1679382482853
1679382482646,1679382482878
1679382482754,1679382482909
1679382482536,1679382482910
1679382482904,1679382482919
1679382482893,1679382482936
1679382482708,1679382482966
1679382482979,1679382482983
1679382482948,1679382482997
1679382482995,1679382483018
1679382483008,1679382483024
1679382483119,1679382483205
1679382483191,1679382483241
1679382483245,1679382483267
1679382483355,1679382483377
1679382483373,1679382483387
1679382483358,1679382483412
1679382483391,1679382483442
1679382483524,1679382483528
1679382483721,1679382483760
1679382483746,1679382483763
1679382483709,1679382483797
1679382483911,1679382483923
1679382483924,1679382483960
1679382483956,1679382484058
1679382483956,1679382484059
1679382483904,1679382484106
1679382484111,1679382484156
1679382484086,1679382484194
1679382484085,1679382484199
1679382484243,1679382484261
1679382484171,1679382484292
1679382484175,1679382484376
1679382484066,1679382484402
1679382484358,1679382484422
1679382484411,1679382484480
1679382484579,1679382484618
1679382484624,1679382484646
1679382484635,1679382484654
1679382484759,1679382484762
1679382484787,1679382484863
1679382484767,1679382484881
1679382484871,1679382484909
1679382484922,1679382484934
1679382485063,1679382485088
1679382485018,1679382485112
1679382484983,1679382485130
1679382485135,1679382485158
1679382485111,1679382485171
1679382485363,1679382485369
1679382485351,1679382485373
1679382485297,1679382485387
1679382485393,1679382485397
1679382485351,1679382485413
1679382485378,1679382485420
1679382485393,1679382485458
1679382485492,1679382485497
1679382485494,1679382485535
1679382485500,1679382485553
1679382485526,1679382485557
1679382485515,1679382485560
1679382485563,1679382485576
1679382485471,1679382485583
1679382485727,1679382485734
1679382485807,1679382485812
1679382485776,1679382485833
1679382485854,1679382485863
1679382485882,1679382485925
1679382485870,1679382485937
1679382485922,1679382485974
1679382485962,1679382486016
1679382485878,1679382486032
1679382486051,1679382486063
1679382486079,1679382486119
1679382486270,1679382486291
1679382486363,1679382486372
1679382486378,1679382486409
1679382486399,1679382486484
1679382486527,1679382486560
1679382486522,1679382486560
1679382486566,1679382486581
1679382486563,1679382486625
1679382486607,1679382486712
1679382486755,1679382486785
1679382486790,1679382486831
1679382486686,1679382486833
1679382486726,1679382486878
1679382486558,1679382486879
1679382486924,1679382486927
1679382486555,1679382486942
1679382486947,1679382486968
1679382486662,1679382486970
1679382486947,1679382487035
1679382486776,1679382487041
1679382487045,1679382487143
1679382487106,1679382487173
1679382487115,1679382487194
1679382487031,1679382487207
1679382487168,1679382487256
1679382487079,1679382487298
1679382487250,1679382487319
1679382487173,1679382487324
1679382487343,1679382487363
1679382487103,1679382487383
1679382487342,1679382487446
1679382487394,1679382487449
1679382487292,1679382487454
1679382487264,1679382487486
1679382487481,1679382487498
1679382487479,1679382487499
1679382487473,1679382487547
1679382487386,1679382487548
1679382487159,1679382487550
1679382487349,1679382487595
1679382487590,1679382487639
1679382487496,1679382487649
1679382487760,1679382487775
1679382487803,1679382487816
1679382487762,1679382487842
1679382487810,1679382487844
1679382487906,1679382487910
1679382487909,1679382487928
1679382487948,1679382487973
1679382488032,1679382488108
1679382488032,1679382488136
1679382488115,1679382488187
1679382488099,1679382488252
1679382488247,1679382488261
1679382488147,1679382488267
1679382488122,1679382488364
1679382488320,1679382488364
1679382488407,1679382488494
1679382488466,1679382488575
1679382488527,1679382488596
1679382488614,1679382488636
1679382488563,1679382488652
1679382488706,1679382488716
1679382488747,1679382488771
1679382488822,1679382488836
1679382488868,1679382488936
1679382488871,1679382488936
1679382488935,1679382488943
1679382488991,1679382489019
1679382488963,1679382489046
1679382489023,1679382489105
1679382489043,1679382489125
1679382489134,1679382489141
1679382489075,1679382489155
1679382488887,1679382489174
1679382488895,1679382489188
1679382489108,1679382489194
1679382489077,1679382489235
1679382489239,1679382489266
1679382489342,1679382489348
1679382489363,1679382489414
1679382489412,1679382489416
1679382489415,1679382489443
1679382489431,1679382489471
1679382489439,1679382489524
1679382489526,1679382489545
1679382489501,1679382489564
1679382489460,1679382489597
1679382489427,1679382489639
1679382489613,1679382489670
1679382489575,1679382489677
1679382489496,1679382489697
1679382489601,1679382489732
1679382489567,1679382489735
1679382489620,1679382489752
1679382489584,1679382489782
1679382489807,1679382489822
1679382489848,1679382489865
1679382489933,1679382489944
1679382490008,1679382490023
1679382489979,1679382490047
1679382490072,1679382490087
1679382490124,1679382490135
1679382490164,1679382490244
1679382490251,1679382490267
1679382490348,1679382490364
1679382490444,1679382490473
1679382490484,1679382490546
1679382490491,1679382490565
1679382490552,1679382490578
1679382490603,1679382490608
1679382490575,1679382490630
1679382490622,1679382490637
1679382490631,1679382490658
1679382490669,1679382490720
1679382490740,1679382490752
1679382490796,1679382490809
1679382490816,1679382490909
1679382490888,1679382490912
1679382490932,1679382490945
1679382490951,1679382491039
1679382491052,1679382491055
1679382491061,1679382491064
1679382491074,1679382491212
1679382491241,1679382491258
1679382491259,1679382491297
1679382491304,1679382491319
1679382491304,1679382491355
1679382491368,1679382491381
1679382491387,1679382491408
1679382491343,1679382491455
1679382491452,1679382491505
1679382491468,1679382491534
1679382491560,1679382491564
1679382491544,1679382491619
1679382491620,1679382491761
1679382491760,1679382491774
1679382491697,1679382491800
1679382491830,1679382491868
1679382491872,1679382491921
1679382491784,1679382491940
1679382491980,1679382491994
1679382492004,1679382492017
1679382492020,1679382492023
1679382492027,1679382492076
1679382492052,1679382492076
1679382492052,1679382492080
1679382492069,1679382492089
1679382492084,1679382492143
1679382492116,1679382492169
1679382492184,1679382492198
1679382492124,1679382492283
1679382492221,1679382492286
1679382492275,1679382492310
1679382492131,1679382492316
1679382492217,1679382492333
1679382492326,1679382492336
1679382492331,1679382492498
1679382492471,1679382492505
1679382492469,1679382492543
1679382492422,1679382492553
1679382492493,1679382492558
1679382492523,1679382492648
1679382492641,1679382492680
1679382492687,1679382492697
1679382492728,1679382492802
1679382492835,1679382492843
1679382492797,1679382492846
1679382492845,1679382492850
1679382492800,1679382492921
1679382492925,1679382492953
1679382493001,1679382493069
1679382493048,1679382493078
1679382493125,1679382493137
1679382493117,1679382493144
1679382493153,1679382493266
1679382493208,1679382493278
1679382493096,1679382493331
1679382493321,1679382493385
1679382493375,1679382493425
1679382493348,1679382493438
1679382493352,1679382493442
1679382493421,1679382493460
1679382493369,1679382493505
1679382493512,1679382493529
1679382493549,1679382493571
1679382493534,1679382493612
1679382493649,1679382493667
1679382493716,1679382493796
1679382493693,1679382493823
1679382493790,1679382493847
1679382493865,1679382493887
1679382493881,1679382493929
1679382493845,1679382493992
1679382493969,1679382494009
1679382494037,1679382494050
1679382493981,1679382494062
1679382494137,1679382494158
1679382494201,1679382494205
1679382494205,1679382494222
1679382494212,1679382494247
1679382494269,1679382494288
1679382494049,1679382494310
1679382494304,1679382494333
1679382494381,1679382494397
1679382494397,1679382494406
1679382494428,1679382494484
1679382494397,1679382494485
1679382494529,1679382494535
1679382494494,1679382494540
1679382494614,1679382494651
1679382494649,1679382494706
1679382494878,1679382494896
1679382494917,1679382494938
1679382494954,1679382494958
1679382494973,1679382494986
1679382495046,1679382495090
1679382495129,1679382495261
1679382495318,1679382495324
1679382495335,1679382495367
1679382495414,1679382495418
1679382495322,1679382495435
1679382495285,1679382495456
1679382495273,1679382495571
1679382495567,1679382495594
1679382495613,1679382495632
1679382495614,1679382495694
1679382495706,1679382495733
1679382495586,1679382495769
1679382495782,1679382495798
1679382495618,1679382495850
1679382495590,1679382495943
1679382496102,1679382496151
1679382496190,1679382496209
1679382496242,1679382496256
1679382496317,1679382496366
1679382496330,1679382496382
1679382496333,1679382496399
1679382496450,1679382496539
1679382496526,1679382496554
1679382496549,1679382496597
1679382496733,1679382496762
1679382496748,1679382496768
1679382496670,1679382496817
1679382496774,1679382496894
1679382496901,1679382496908
1679382496753,1679382496947
1679382497005,1679382497032
1679382496961,1679382497035
1679382497049,1679382497134
1679382497189,1679382497200
1679382497221,1679382497241
1679382497269,1679382497296
1679382497269,1679382497298
1679382497435,1679382497486
1679382497477,1679382497504
1679382497477,1679382497558
1679382497572,1679382497585
1679382497509,1679382497590
1679382497753,1679382497781
1679382497845,1679382497865
1679382497845,1679382497879
1679382497876,1679382497885
1679382497915,1679382497920
1679382497903,1679382497924
1679382497799,1679382497939
1679382497924,1679382497939
1679382498004,1679382498058
1679382498197,1679382498216
1679382498265,1679382498271
1679382498212,1679382498282
1679382498257,1679382498291
1679382498620,1679382498687
1679382498641,1679382498688
1679382498684,1679382498691
1679382498684,1679382498699
1679382498618,1679382498711
1679382498624,1679382498729
1679382498676,1679382498781
1679382498873,1679382498878
1679382498853,1679382498918
1679382498969,1679382499032
1679382498945,1679382499063
1679382499125,1679382499138
1679382499069,1679382499192
1679382499181,1679382499210
1679382499120,1679382499238
1679382499269,1679382499277
1679382499297,1679382499321
1679382499289,1679382499351
1679382499249,1679382499364
1679382499380,1679382499414
1679382499420,1679382499491
1679382499578,1679382499621
1679382499760,1679382499802
1679382499777,1679382499820
1679382499889,1679382499963
1679382499929,1679382500037
1679382500061,1679382500071
1679382500284,1679382500296
1679382500304,1679382500317
1679382500305,1679382500329
1679382500333,1679382500342
1679382500370,1679382500445
1679382500408,1679382500447
1679382500379,1679382500511
1679382500615,1679382500625
1679382500477,1679382500637
1679382500609,1679382500715
1679382500585,1679382500757
1679382500660,1679382500777
1679382500773,1679382500851
1679382500692,1679382500859
1679382500783,1679382500881
1679382500873,1679382500899
1679382500804,1679382500901
1679382500929,1679382500967
1679382501100,1679382501112
1679382501080,1679382501187
1679382501187,1679382501203
1679382501113,1679382501236
1679382501386,1679382501401
1679382501400,1679382501412
1679382501289,1679382501427
1679382501449,1679382501494
1679382501416,1679382501514
1679382501455,1679382501647
1679382501696,1679382501702
1679382501652,1679382501744
1679382501700,1679382501749
1679382501740,1679382501780
1679382501696,1679382501782
1679382501785,1679382501826
1679382501885,1679382501968
1679382501996,1679382502004
1679382501992,1679382502010
1679382502053,1679382502162
1679382502164,1679382502173
1679382502224,1679382502235
1679382502312,1679382502367
1679382502396,1679382502467
1679382502525,1679382502538
1679382502553,1679382502568
1679382502633,1679382502638
1679382502621,1679382502645
1679382502645,1679382502675
1679382502705,1679382502723
1679382502709,1679382502723
1679382502782,1679382502808
1679382502796,1679382502831
1679382502885,1679382502889
1679382502922,1679382503025
1679382503049,1679382503062
1679382503096,1679382503103
1679382503266,1679382503306
1679382503315,1679382503328
1679382503293,1679382503372
1679382503388,1679382503400
1679382503406,1679382503451
1679382503285,1679382503484
1679382503513,1679382503519
1679382503365,1679382503544
1679382503546,1679382503608
1679382503560,1679382503658
1679382503777,1679382503791
1679382503769,1679382503809
1679382503560,1679382503845
1679382503882,1679382503933
1679382503821,1679382503937
1679382503974,1679382503988
1679382503897,1679382504007
1679382504126,1679382504138
1679382504214,1679382504228
1679382504249,1679382504338
1679382504290,1679382504449
1679382504449,1679382504452
1679382504449,1679382504471
1679382504460,1679382504646
1679382504570,1679382504654
1679382504429,1679382504660
1679382504564,1679382504665
1679382504537,1679382504703
1679382504729,1679382504735
1679382504792,1679382504858
1679382504769,1679382504873
1679382504920,1679382504925
1679382504916,1679382504941
1679382504941,1679382504970
1679382504939,1679382504991
1679382504920,1679382505019
1679382504953,1679382505048
1679382504932,1679382505108
1679382504944,1679382505108
1679382505148,1679382505153
1679382504949,1679382505244
1679382504928,1679382505263
1679382504961,1679382505300
1679382504922,1679382505301
1679382504957,1679382505302
1679382505316,1679382505346
1679382505161,1679382505395
1679382504930,1679382505423
1679382505493,1679382505509
1679382504921,1679382505538
1679382504939,1679382505574
1679382505280,1679382505601
1679382505604,1679382505610
1679382505465,1679382505626
1679382505668,1679382505675
1679382505676,1679382505688
1679382505489,1679382505714
1679382505721,1679382505770
1679382505668,1679382505799
1679382505832,1679382505836
1679382505692,1679382505896
1679382505697,1679382505932
1679382505697,1679382505957
1679382505676,1679382505961
1679382506015,1679382506037
1679382506005,1679382506094
1679382506008,1679382506120
1679382506189,1679382506202
1679382506380,1679382506390
1679382506297,1679382506393
1679382506376,1679382506394
1679382506419,1679382506449
1679382506564,1679382506579
1679382506557,1679382506685
1679382506704,1679382506709
1679382506727,1679382506738
1679382506790,1679382506798
1679382506796,1679382506903
1679382506936,1679382506940
1679382506948,1679382506987
1679382506956,1679382507074
1679382507016,1679382507158
1679382507113,1679382507191
1679382506925,1679382507197
1679382506969,1679382507201
1679382506892,1679382507286
1679382506868,1679382507307
1679382507044,1679382507348
1679382507266,1679382507404
1679382507294,1679382507415
1679382507377,1679382507429
1679382507022,1679382507437
1679382507020,1679382507449
1679382507425,1679382507470
1679382507321,1679382507599
1679382507617,1679382507623
1679382507557,1679382507624
1679382507324,1679382507649
1679382507477,1679382507659
1679382507653,1679382507665
1679382507486,1679382507782
1679382507859,1679382507882
1679382507731,1679382507907
1679382507735,1679382507918
1679382507391,1679382507935
1679382507937,1679382507949
1679382507951,1679382507959
1679382507030,1679382507992
1679382507518,1679382508001
1679382507966,1679382508016
1679382507949,1679382508037
1679382508086,1679382508124
1679382508060,1679382508177
1679382508181,1679382508213
1679382508332,1679382508358
1679382508425,1679382508473
1679382508299,1679382508503
1679382508615,1679382508639
1679382508640,1679382508652
1679382508650,1679382508686
1679382508584,1679382508719
1679382508709,1679382508729
1679382508950,1679382508972
1679382509020,1679382509045
1679382508966,1679382509061
1679382509110,1679382509113
1679382509078,1679382509147
1679382509035,1679382509166
1679382509003,1679382509201
1679382509192,1679382509210
1679382509120,1679382509222
1679382509208,1679382509239
1679382509216,1679382509251
1679382509106,1679382509258
1679382509253,1679382509292
1679382509285,1679382509319
1679382509309,1679382509319
1679382509164,1679382509341
1679382509357,1679382509389
1679382509422,1679382509436
1679382509430,1679382509469
1679382509341,1679382509477
1679382509472,1679382509502
1679382509498,1679382509518
1679382509611,1679382509662
1679382509382,1679382509669
1679382509570,1679382509685
1679382509658,1679382509839
1679382509707,1679382509839
1679382509839,1679382509864
1679382509908,1679382509916
1679382509869,1679382509926
1679382509853,1679382509932
1679382510111,1679382510116
1679382510073,1679382510135
1679382510075,1679382510142
1679382510011,1679382510206
1679382510157,1679382510283
1679382510319,1679382510354
1679382510373,1679382510402
1679382510265,1679382510405
1679382510418,1679382510447
1679382510481,1679382510485
1679382510541,1679382510550
1679382510507,1679382510565
1679382510567,1679382510570
1679382510564,1679382510574
1679382510562,1679382510599
1679382510601,1679382510644
1679382510591,1679382510652
1679382510612,1679382510664
1679382510575,1679382510673
1679382510565,1679382510754
1679382510810,1679382510825
1679382510804,1679382510875
1679382510852,1679382510879
1679382510953,1679382510965
1679382511024,1679382511036
1679382511024,1679382511068
1679382511108,1679382511140
1679382511056,1679382511146
1679382511180,1679382511191
1679382511088,1679382511212
1679382511164,1679382511225
1679382511286,1679382511289
1679382511254,1679382511321
1679382511261,1679382511329
1679382511198,1679382511344
1679382511349,1679382511363
1679382511428,1679382511481
1679382511419,1679382511493
1679382511495,1679382511529
1679382511629,1679382511707
1679382511603,1679382511726
1679382511706,1679382511727
1679382511715,1679382511737
1679382511773,1679382511794
1679382511715,1679382511826
1679382511739,1679382511828
1679382511768,1679382511850
1679382511728,1679382511853
1679382511886,1679382511900
1679382511991,1679382512007
1679382512143,1679382512160
1679382512142,1679382512197
1679382512166,1679382512201
1679382512167,1679382512217
1679382512255,1679382512275
1679382512256,1679382512283
1679382512325,1679382512346
1679382512293,1679382512357
1679382512360,1679382512393
1679382512334,1679382512437
1679382512359,1679382512477
1679382512312,1679382512524
1679382512405,1679382512568
1679382512435,1679382512662
1679382512679,1679382512691
1679382512606,1679382512695
1679382512695,1679382512702
1679382512540,1679382512743
1679382512416,1679382512761
1679382512618,1679382512790
1679382512834,1679382512858
1679382512899,1679382512921
1679382513026,1679382513047
1679382512983,1679382513052
1679382513054,1679382513189
1679382513261,1679382513309
1679382513214,1679382513331
1679382513243,1679382513355
1679382513362,1679382513366
1679382513218,1679382513419
1679382513455,1679382513496
1679382513666,1679382513669
1679382513639,1679382513708
1679382513703,1679382513772
1679382513711,1679382513792
1679382513789,1679382513807
1679382513797,1679382513824
1679382513810,1679382513861
1679382513835,1679382513878
1679382513818,1679382513881
1679382513934,1679382513969
1679382513858,1679382514001
1679382513865,1679382514035
1679382514023,1679382514070
1679382514085,1679382514089
1679382513918,1679382514109
1679382514062,1679382514111
1679382513863,1679382514116
1679382514137,1679382514188
1679382514183,1679382514197
1679382514197,1679382514246
1679382514208,1679382514248
1679382514234,1679382514311
1679382514411,1679382514429
1679382514411,1679382514525
1679382514455,1679382514575
1679382514619,1679382514630
1679382514587,1679382514689
1679382514655,1679382514691
1679382514682,1679382514695
1679382514562,1679382514735
1679382514739,1679382514792
1679382514948,1679382514967
1679382514582,1679382515011
1679382514843,1679382515045
1679382515029,1679382515085
1679382515046,1679382515095
1679382515037,1679382515106
1679382515016,1679382515139
1679382515032,1679382515140
1679382515042,1679382515144
1679382514996,1679382515197
1679382515025,1679382515223
1679382515020,1679382515234
1679382515029,1679382515272
1679382515022,1679382515277
1679382515006,1679382515357
1679382515252,1679382515370
1679382515064,1679382515400
1679382515013,1679382515402
1679382515224,1679382515415
1679382515043,1679382515425
1679382515014,1679382515426
1679382515239,1679382515438
1679382514956,1679382515469
1679382515434,1679382515546
1679382515404,1679382515579
1679382515435,1679382515585
1679382514926,1679382515610
1679382515437,1679382515633
1679382515410,1679382515635
1679382515646,1679382515651
1679382515626,1679382515657
1679382515627,1679382515659
1679382515657,1679382515663
1679382515722,1679382515747
1679382515724,1679382515768
1679382515742,1679382515835
1679382515787,1679382515856
1679382515873,1679382515886
1679382515960,1679382515964
1679382515953,1679382515985
1679382516082,1679382516150
1679382516210,1679382516222
1679382516213,1679382516223
1679382516113,1679382516230
1679382516185,1679382516242
1679382516134,1679382516279
1679382516045,1679382516316
1679382516231,1679382516317
1679382516298,1679382516375
1679382516491,1679382516497
1679382516511,1679382516552
1679382516569,1679382516615
1679382516544,1679382516620
1679382516621,1679382516644
1679382516537,1679382516652
1679382516446,1679382516678
1679382516698,1679382516746
1679382516743,1679382516756
1679382516730,1679382516859
1679382516717,1679382516888
1679382516669,1679382516896
1679382516898,1679382516987
1679382516935,1679382517004
1679382516979,1679382517013
1679382516900,1679382517028
1679382516994,1679382517071
1679382517029,1679382517097
1679382516865,1679382517119
1679382517031,1679382517142
1679382517153,1679382517159
1679382516704,1679382517208
1679382517159,1679382517262
1679382517089,1679382517268
1679382517195,1679382517281
1679382517286,1679382517292
1679382516687,1679382517313
1679382517283,1679382517330
1679382517426,1679382517460
1679382517102,1679382517472
1679382517392,1679382517491
1679382517427,1679382517528
1679382517313,1679382517583
1679382517274,1679382517594
1679382517439,1679382517664
1679382517291,1679382517673
1679382517673,1679382517684
1679382517427,1679382517690
1679382517657,1679382517726
1679382517514,1679382517726
1679382517820,1679382517861
1679382517739,1679382517887
1679382517876,1679382517923
1679382517207,1679382517933
1679382517775,1679382518025
1679382517868,1679382518043
1679382517911,1679382518045
1679382517859,1679382518068
1679382518039,1679382518081
1679382518091,1679382518128
1679382518035,1679382518152
1679382518124,1679382518204
1679382518114,1679382518211
1679382518122,1679382518229
1679382518139,1679382518261
1679382518195,1679382518279
1679382518263,1679382518341
1679382518362,1679382518370
1679382518361,1679382518385
1679382518415,1679382518426
1679382518387,1679382518451
1679382518418,1679382518508
1679382518536,1679382518541
1679382518587,1679382518595
1679382518579,1679382518645
1679382518587,1679382518692
1679382518673,1679382518694
1679382518703,1679382518727
1679382518758,1679382518764
1679382518828,1679382518839
1679382518869,1679382518894
1679382518861,1679382518909
1679382518904,1679382518923
1679382518886,1679382518924
1679382518792,1679382518926
1679382518897,1679382518944
1679382518874,1679382518974
1679382518975,1679382519021
1679382519042,1679382519078
1679382519096,1679382519106
1679382519027,1679382519171
1679382519168,1679382519177
1679382519101,1679382519202
1679382519203,1679382519220
1679382519221,1679382519311
1679382519357,1679382519361
1679382519312,1679382519366
1679382519396,1679382519421
1679382519351,1679382519469
1679382519481,1679382519504
1679382519372,1679382519518
1679382519472,1679382519523
1679382519451,1679382519543
1679382519524,1679382519561
1679382519591,1679382519634
1679382519631,1679382519654
1679382519639,1679382519664
1679382519703,1679382519725
1679382519761,1679382519777
1679382519747,1679382519795
1679382519759,1679382519833
1679382519767,1679382519848
1679382519669,1679382519887
1679382519866,1679382519893
1679382519952,1679382519966
1679382519915,1679382520009
1679382519822,1679382520059
1679382519970,1679382520153
1679382520139,1679382520163
1679382519676,1679382520177
1679382520087,1679382520189
1679382520034,1679382520200
1679382519968,1679382520226
1679382520124,1679382520249
1679382520170,1679382520257
1679382520279,1679382520416
1679382520391,1679382520426
1679382520451,1679382520475
1679382520087,1679382520480
1679382520454,1679382520489
1679382520499,1679382520510
1679382520211,1679382520521
1679382520031,1679382520557
1679382520450,1679382520590
1679382520034,1679382520625
1679382520553,1679382520662
1679382520698,1679382520717
1679382520690,1679382520745
1679382520774,1679382520900
1679382520820,1679382520932
1679382520855,1679382521010
1679382521056,1679382521082
1679382521084,1679382521092
1679382521079,1679382521101
1679382521035,1679382521121
1679382521122,1679382521140
1679382521113,1679382521145
1679382521138,1679382521148
1679382521147,1679382521165
1679382521175,1679382521216
1679382521176,1679382521224
1679382521252,1679382521287
1679382521275,1679382521317
1679382521176,1679382521338
1679382521336,1679382521370
1679382521304,1679382521444
1679382521344,1679382521453
1679382521382,1679382521491
1679382521208,1679382521495
1679382521505,1679382521525
1679382521367,1679382521559
1679382521556,1679382521637
1679382521685,1679382521710
1679382521717,1679382521797
1679382521801,1679382521804
1679382521853,1679382521862
1679382521694,1679382521901
1679382521856,1679382521903
1679382521924,1679382521930
1679382521940,1679382521998
1679382521924,1679382522031
1679382522013,1679382522031
1679382522003,1679382522043
1679382521632,1679382522056
1679382522060,1679382522068
1679382522024,1679382522079
1679382521589,1679382522159
1679382522065,1679382522164
1679382522075,1679382522165
1679382522101,1679382522167
1679382521587,1679382522185
1679382522133,1679382522192
1679382522061,1679382522193
1679382522163,1679382522202
1679382522205,1679382522210
1679382522229,1679382522247
1679382522236,1679382522264
1679382522245,1679382522273
1679382522300,1679382522324
1679382522312,1679382522417
1679382522442,1679382522498
1679382522496,1679382522507
1679382522470,1679382522547
1679382522430,1679382522575
1679382522551,1679382522621
1679382522628,1679382522677
1679382522651,1679382522685
1679382522639,1679382522696
1679382522613,1679382522725
1679382522571,1679382522767
1679382522801,1679382522822
1679382522862,1679382522867
1679382522853,1679382522874
1679382522933,1679382522964
1679382522968,1679382523003
1679382522925,1679382523039
1679382523050,1679382523095
1679382523117,1679382523169
1679382523217,1679382523231
1679382523226,1679382523236
1679382523197,1679382523257
1679382523207,1679382523259
1679382523240,1679382523283
1679382523301,1679382523349
1679382523188,1679382523395
1679382523318,1679382523427
1679382523289,1679382523475
1679382523414,1679382523530
1679382523075,1679382523593
1679382523410,1679382523611
1679382523515,1679382523616
1679382523592,1679382523660
1679382523592,1679382523767
1679382523649,1679382523783
1679382523673,1679382523810
1679382523735,1679382523838
1679382523699,1679382523858
1679382523691,1679382523888
1679382523760,1679382523908
1679382523831,1679382523954
1679382523911,1679382523973
1679382523971,1679382523989
1679382523269,1679382524013
1679382524035,1679382524055
1679382524005,1679382524062
1679382523834,1679382524072
1679382523907,1679382524076
1679382523942,1679382524088
1679382524008,1679382524104
1679382524043,1679382524111
1679382524187,1679382524230
1679382524367,1679382524381
1679382524297,1679382524415
1679382524467,1679382524497
1679382524455,1679382524529
1679382524418,1679382524533
1679382524593,1679382524606
1679382524570,1679382524656
1679382524625,1679382524757
1679382524734,1679382524860
1679382524581,1679382524863
1679382524702,1679382524873
1679382524569,1679382524884
1679382524913,1679382525038
1679382524821,1679382525099
1679382524663,1679382525134
1679382525034,1679382525177
1679382525242,1679382525261
1679382524405,1679382525381
1679382524850,1679382525388
1679382525237,1679382525449
1679382525522,1679382525538
1679382525565,1679382525573
1679382525521,1679382525602
1679382525022,1679382525626
1679382525438,1679382525648
1679382524963,1679382525680
1679382525258,1679382525690
1679382525713,1679382525736
1679382525678,1679382525736
1679382525698,1679382525746
1679382525758,1679382525790
1679382525612,1679382525814
1679382525748,1679382525845
1679382525879,1679382525891
1679382525922,1679382525984
1679382525855,1679382526001
1679382525974,1679382526028
1679382526019,1679382526029
1679382526021,1679382526055
1679382525209,1679382526107
1679382526078,1679382526158
1679382526158,1679382526170
1679382525829,1679382526214
1679382526183,1679382526287
1679382526184,1679382526289
1679382526310,1679382526347
1679382526314,1679382526454
1679382526478,1679382526509
1679382526490,1679382526548
1679382526610,1679382526614
1679382526578,1679382526634
1679382526505,1679382526640
1679382526629,1679382526679
1679382526662,1679382526700
1679382526704,1679382526717
1679382526675,1679382526724
1679382526757,1679382526788
1679382526831,1679382526842
1679382526906,1679382526921
1679382526978,1679382526985
1679382526978,1679382527029
1679382526978,1679382527115
1679382527074,1679382527133
1679382527129,1679382527169
1679382527146,1679382527185
1679382527189,1679382527196
1679382527059,1679382527211
1679382527208,1679382527211
1679382527298,1679382527314
1679382527287,1679382527333
1679382527359,1679382527401
1679382527348,1679382527441
1679382527441,1679382527505
1679382527669,1679382527680
1679382527900,1679382527904
1679382527834,1679382527920
1679382527925,1679382527975
1679382527827,1679382528009
1679382527996,1679382528012
1679382528033,1679382528049
1679382528036,1679382528061
1679382527873,1679382528098
1679382528073,1679382528113
1679382528023,1679382528149
1679382528132,1679382528157
1679382528097,1679382528180
1679382528122,1679382528202
1679382528179,1679382528209
1679382528346,1679382528363
1679382528340,1679382528364
1679382528354,1679382528389
1679382528364,1679382528412
1679382528344,1679382528462
1679382528441,1679382528504
1679382528456,1679382528535
1679382528448,1679382528564
1679382528518,1679382528573
1679382528530,1679382528618
1679382528647,1679382528662
1679382528676,1679382528681
1679382528645,1679382528741
1679382528619,1679382528759
1679382528696,1679382528773
1679382528639,1679382528784
1679382528732,1679382528790
1679382528840,1679382528874
1679382528860,1679382528899
1679382528840,1679382528925
1679382528891,1679382528930
1679382528887,1679382528952
1679382528931,1679382528956
1679382529044,1679382529069
1679382529117,1679382529143
1679382529041,1679382529162
1679382529323,1679382529338
1679382529485,1679382529546
1679382529524,1679382529594
1679382529592,1679382529601
1679382529688,1679382529741
1679382529692,1679382529790
1679382529727,1679382529793
1679382529785,1679382529811
1679382529842,1679382529851
1679382529837,1679382529868
1679382529869,1679382529877
1679382529817,1679382529888
1679382529885,1679382529987
1679382530133,1679382530136
1679382530056,1679382530136
1679382530209,1679382530217
1679382530275,1679382530290
1679382530236,1679382530308
1679382530288,1679382530315
1679382530300,1679382530377
1679382530256,1679382530407
1679382530460,1679382530484
1679382530551,1679382530620
1679382530596,1679382530620
1679382530619,1679382530645
1679382530433,1679382530649
1679382530654,1679382530669
1679382530636,1679382530673
1679382530573,1679382530688
1679382530671,1679382530688
1679382530748,1679382530790
1679382530831,1679382530852
1679382530884,1679382530887
1679382530812,1679382530915
1679382530876,1679382530933
1679382530872,1679382531020
1679382530888,1679382531023
1679382530841,1679382531048
1679382531053,1679382531062
1679382530976,1679382531086
1679382531056,1679382531093
1679382530840,1679382531151
1679382531121,1679382531159
1679382531148,1679382531199
1679382531200,1679382531238
1679382531165,1679382531313
1679382531344,1679382531347
1679382531196,1679382531401
1679382531453,1679382531476
1679382531460,1679382531477
1679382531409,1679382531506
1679382531496,1679382531513
1679382531505,1679382531602
1679382531648,1679382531660
1679382531568,1679382531682
1679382531648,1679382531741
1679382531801,1679382531834
1679382531870,1679382531878
1679382531869,1679382531894
1679382531904,1679382532008
1679382531884,1679382532048
1679382532104,1679382532108
1679382531899,1679382532160
1679382532162,1679382532211
1679382532201,1679382532211
1679382532193,1679382532218
1679382532242,1679382532257
1679382532285,1679382532337
1679382532333,1679382532369
1679382532396,1679382532400
1679382532257,1679382532405
1679382532288,1679382532435
1679382532416,1679382532444
1679382532477,1679382532539
1679382532620,1679382532638
1679382532673,1679382532686
1679382532609,1679382532690
1679382532689,1679382532698
1679382532673,1679382532724
1679382532682,1679382532737
1679382532781,1679382532796
1679382532829,1679382532833
1679382532785,1679382532883
1679382532810,1679382532924
1679382532928,1679382532934
1679382532828,1679382532939
1679382532828,1679382532982
1679382532793,1679382532986
1679382533021,1679382533061
1679382533049,1679382533082
1679382532977,1679382533085
1679382533228,1679382533259
1679382533356,1679382533427
1679382533433,1679382533462
1679382533473,1679382533478
1679382533467,1679382533573
1679382533617,1679382533630
1679382533611,1679382533671
1679382533612,1679382533685
1679382533581,1679382533700
1679382533765,1679382533792
1679382533809,1679382533853
1679382533855,1679382533871
1679382533837,1679382533903
1679382533961,1679382533976
1679382533957,1679382533988
1679382533893,1679382534006
1679382533973,1679382534038
1679382534041,1679382534047
1679382534037,1679382534056
1679382534077,1679382534090
1679382534049,1679382534109
1679382534085,1679382534110
1679382534125,1679382534151
1679382534137,1679382534214
1679382534197,1679382534300
1679382534302,1679382534305
1679382534369,1679382534399
1679382534414,1679382534418
1679382534422,1679382534425
1679382534361,1679382534465
1679382534416,1679382534482
1679382534457,1679382534488
1679382534520,1679382534529
1679382534508,1679382534562
1679382534429,1679382534615
1679382534500,1679382534623
1679382534457,1679382534625
1679382534646,1679382534799
1679382534518,1679382534805
1679382534813,1679382534821
1679382534924,1679382534954
1679382534965,1679382535015
1679382534887,1679382535019
1679382535017,1679382535021
1679382535096,1679382535165
1679382535126,1679382535171
1679382535142,1679382535189
1679382535220,1679382535256
1679382535188,1679382535374
1679382535268,1679382535402
1679382535265,1679382535407
1679382535441,1679382535460
1679382535450,1679382535463
1679382535381,1679382535470
1679382535382,1679382535477
1679382535302,1679382535499
1679382535267,1679382535540
1679382535631,1679382535686
1679382535385,1679382535732
1679382535253,1679382535752
1679382535770,1679382535799
1679382535769,1679382535817
1679382535797,1679382535827
1679382535699,1679382535860
1679382535575,1679382535913
1679382535809,1679382535934
1679382535949,1679382535970
1679382535956,1679382536009
1679382535865,1679382536041
1679382536033,1679382536042
1679382536037,1679382536094
1679382536114,1679382536121
1679382536185,1679382536232
1679382536216,1679382536253
1679382536133,1679382536257
1679382536296,1679382536324
1679382536370,1679382536386
1679382536377,1679382536400
1679382536139,1679382536417
1679382536445,1679382536457
1679382536465,1679382536494
1679382536488,1679382536505
1679382536525,1679382536543
1679382536468,1679382536556
1679382536652,1679382536684
1679382536752,1679382536757
1679382536736,1679382536809
1679382536784,1679382536912
1679382536931,1679382537002
1679382536948,1679382537023
1679382536882,1679382537031
1679382537045,1679382537135
1679382537135,1679382537155
1679382537125,1679382537173
1679382537168,1679382537214
1679382537284,1679382537289
1679382537204,1679382537300
1679382537249,1679382537346
1679382537363,1679382537368
1679382537228,1679382537383
1679382537364,1679382537385
1679382537412,1679382537458
1679382537469,1679382537476
1679382537445,1679382537550
1679382537403,1679382537569
1679382537540,1679382537581
1679382537532,1679382537590
1679382537589,1679382537595
1679382537461,1679382537664
1679382537636,1679382537716
1679382537653,1679382537742
1679382537756,1679382537765
1679382537792,1679382537825
1679382537789,1679382537863
1679382537822,1679382537892
1679382537856,1679382537896
1679382537857,1679382537924
1679382537869,1679382537945
1679382538020,1679382538033
1679382537989,1679382538048
1679382538068,1679382538106
1679382537877,1679382538111
1679382538058,1679382538117
1679382538183,1679382538200
1679382538213,1679382538221
1679382538231,1679382538247
1679382538052,1679382538257
1679382538264,1679382538268
1679382538232,1679382538325
1679382538401,1679382538415
1679382538301,1679382538475
1679382538473,1679382538481
1679382538567,1679382538609
1679382538577,1679382538672
1679382538680,1679382538686
1679382538691,1679382538727
1679382538756,1679382538763
1679382538774,1679382538783
1679382538767,1679382538819
1679382538811,1679382538858
1679382538860,1679382538897
1679382538913,1679382538979
1679382539049,1679382539054
1679382539005,1679382539063
1679382539122,1679382539171
1679382539204,1679382539235
1679382539248,1679382539260
1679382539198,1679382539293
1679382539207,1679382539296
1679382539295,1679382539324
1679382539333,1679382539336
1679382539433,1679382539445
1679382539420,1679382539467
1679382539498,1679382539501
1679382539465,1679382539525
1679382539496,1679382539527
1679382539519,1679382539554
1679382539482,1679382539642
1679382539561,1679382539655
1679382539537,1679382539657
1679382539526,1679382539730
1679382539576,1679382539760
1679382539656,1679382539773
1679382539717,1679382539774
1679382539639,1679382539829
1679382539857,1679382539867
1679382539876,1679382539881
1679382539875,1679382539972
1679382540007,1679382540016
1679382540006,1679382540026
1679382540109,1679382540125
1679382540096,1679382540143
1679382540143,1679382540185
1679382540119,1679382540191
1679382540256,1679382540274
1679382540332,1679382540339
1679382540351,1679382540390
1679382540359,1679382540405
1679382540407,1679382540416
1679382540379,1679382540418
1679382540402,1679382540481
1679382540404,1679382540555
1679382540531,1679382540555
1679382540477,1679382540565
1679382540562,1679382540576
1679382540432,1679382540580
1679382540537,1679382540600
1679382540605,1679382540626
1679382540640,1679382540669
1679382540753,1679382540757
1679382540730,1679382540784
1679382540824,1679382540907
1679382540965,1679382540985
1679382540929,1679382541032
1679382541088,1679382541107
1679382541052,1679382541172
1679382541148,1679382541190
1679382540953,1679382541200
1679382541192,1679382541225
1679382541042,1679382541269
1679382541369,1679382541406
1679382541360,1679382541430
1679382541433,1679382541451
1679382541484,1679382541497
1679382541508,1679382541523
1679382541388,1679382541533
1679382541459,1679382541535
1679382541560,1679382541581
1679382541581,1679382541679
1679382541526,1679382541683
1679382541572,1679382541688
1679382541732,1679382541772
1679382541616,1679382541792
1679382541795,1679382541847
1679382541828,1679382541848
1679382541674,1679382541858
1679382541869,1679382541878
1679382541856,1679382541889
1679382541925,1679382541941
1679382541978,1679382541995
1679382541958,1679382541998
1679382541993,1679382542032
1679382542036,1679382542114
1679382541998,1679382542136
1679382542238,1679382542242
1679382542317,1679382542378
1679382542479,1679382542496
1679382542383,1679382542504
1679382542572,1679382542631
1679382542612,1679382542642
1679382542617,1679382542649
1679382542664,1679382542683
1679382542567,1679382542714
1679382542753,1679382542767
1679382542841,1679382542850
1679382542870,1679382542874
1679382542895,1679382542912
1679382542781,1679382542915
1679382542916,1679382542934
1679382542915,1679382542976
1679382542901,1679382542977
1679382543032,1679382543037
1679382542804,1679382543072
1679382543005,1679382543143
1679382543167,1679382543231
1679382543233,1679382543243
1679382543288,1679382543310
1679382543317,1679382543346
1679382543368,1679382543382
1679382543371,1679382543405
1679382543411,1679382543424
1679382543430,1679382543464
1679382543444,1679382543476
1679382543490,1679382543534
1679382543448,1679382543576
1679382543601,1679382543636
1679382543537,1679382543669
1679382543637,1679382543685
1679382543698,1679382543713
1679382543702,1679382543739
1679382543616,1679382543809
1679382543841,1679382543857
1679382543792,1679382543881
1679382543945,1679382543986
1679382544099,1679382544171
1679382543953,1679382544175
1679382544085,1679382544204
1679382544171,1679382544210
1679382544190,1679382544217
1679382544167,1679382544246
1679382544275,1679382544280
1679382544286,1679382544290
1679382544180,1679382544294
1679382544363,1679382544380
1679382544305,1679382544382
1679382544373,1679382544417
1679382544465,1679382544493
1679382544477,1679382544526
1679382544442,1679382544562
1679382544565,1679382544604
1679382544677,1679382544699
1679382544550,1679382544703
1679382544698,1679382544720
1679382544721,1679382544735
1679382544732,1679382544771
1679382544912,1679382544951
1679382544886,1679382544990
1679382544984,1679382545020
1679382544928,1679382545038
1679382544849,1679382545110
1679382544879,1679382545181
1679382544818,1679382545236
1679382545133,1679382545238
1679382545255,1679382545264
1679382545239,1679382545279
1679382545265,1679382545296
1679382545287,1679382545298
1679382545270,1679382545305
1679382545277,1679382545333
1679382545282,1679382545341
1679382545269,1679382545364
1679382545292,1679382545381
1679382545297,1679382545398
1679382545387,1679382545403
1679382545302,1679382545520
1679382545421,1679382545551
1679382545354,1679382545557
1679382545255,1679382545559
1679382545297,1679382545561
1679382545294,1679382545586
1679382545413,1679382545615
1679382545267,1679382545621
1679382545537,1679382545625
1679382545269,1679382545676
1679382545533,1679382545680
1679382545564,1679382545682
1679382545274,1679382545793
1679382545762,1679382545806
1679382545292,1679382545820
1679382545309,1679382545823
1679382545746,1679382545837
1679382545636,1679382545845
1679382545557,1679382545875
1679382545881,1679382545891
1679382545299,1679382545935
1679382545824,1679382545977
1679382545992,1679382546005
1679382546022,1679382546028
1679382545966,1679382546054
1679382546000,1679382546064
1679382545958,1679382546079
1679382546133,1679382546181
1679382546101,1679382546200
1679382546225,1679382546234
1679382546209,1679382546238
1679382546252,1679382546261
1679382546303,1679382546317
1679382546447,1679382546454
1679382546484,1679382546536
1679382546384,1679382546546
1679382546535,1679382546552
1679382546545,1679382546734
1679382546671,1679382546751
1679382546517,1679382546765
1679382546753,1679382546768
1679382546777,1679382546794
1679382546796,1679382546811
1679382546558,1679382546832
1679382546869,1679382546891
1679382546796,1679382546909
1679382546631,1679382546949
1679382546782,1679382546950
1679382546884,1679382546952
1679382547054,1679382547061
1679382547069,1679382547077
1679382546942,1679382547079
1679382547096,1679382547166
1679382547165,1679382547187
1679382547229,1679382547235
1679382547176,1679382547248
1679382547193,1679382547294
1679382547292,1679382547335
1679382547376,1679382547402
1679382547405,1679382547430
1679382547441,1679382547447
1679382547435,1679382547452
1679382547444,1679382547457
1679382547420,1679382547480
1679382547592,1679382547603
1679382547647,1679382547673
1679382547587,1679382547716
1679382547576,1679382547730
1679382547736,1679382547741
1679382547759,1679382547764
1679382547782,1679382547803
1679382547786,1679382547823
1679382547939,1679382547944
1679382547878,1679382547973
1679382547942,1679382547975
1679382547868,1679382548023
1679382547846,1679382548037
1679382547877,1679382548053
1679382547977,1679382548113
1679382548043,1679382548165
1679382547973,1679382548190
1679382548075,1679382548216
1679382548190,1679382548245
1679382548131,1679382548257
1679382548240,1679382548320
1679382548162,1679382548327
1679382547984,1679382548360
1679382548067,1679382548377
1679382548117,1679382548377
1679382548386,1679382548390
1679382548361,1679382548408
1679382548379,1679382548454
1679382548189,1679382548465
1679382548424,1679382548487
1679382548546,1679382548599
1679382548595,1679382548605
1679382548623,1679382548648
1679382548604,1679382548675
1679382548581,1679382548698
1679382548733,1679382548786
1679382548822,1679382548834
1679382548831,1679382548882
1679382548879,1679382548898
1679382548890,1679382548907
1679382548869,1679382548911
1679382548896,1679382548914
1679382548930,1679382548935
1679382548960,1679382548986
1679382548972,1679382548990
1679382549041,1679382549050
1679382549031,1679382549070
1679382549105,1679382549120
1679382549136,1679382549184
1679382549166,1679382549188
1679382548985,1679382549198
1679382549070,1679382549204
1679382549154,1679382549225
1679382549193,1679382549238
1679382549270,1679382549285
1679382549338,1679382549376
1679382549363,1679382549428
1679382549504,1679382549533
1679382549428,1679382549542
1679382549325,1679382549544
1679382549389,1679382549554
1679382549485,1679382549556
1679382549550,1679382549573
1679382549554,1679382549591
1679382549446,1679382549633
1679382549570,1679382549649
1679382549643,1679382549650
1679382549657,1679382549683
1679382549644,1679382549700
1679382549835,1679382549842
1679382549803,1679382549851
1679382549709,1679382549860
1679382549865,1679382549915
1679382549911,1679382549941
1679382549915,1679382549957
1679382549993,1679382549999
1679382550001,1679382550015
1679382550020,1679382550026
1679382550029,1679382550034
1679382549979,1679382550041
1679382550010,1679382550120
1679382550107,1679382550146
1679382550178,1679382550185
1679382550143,1679382550187
1679382550207,1679382550226
1679382550154,1679382550237
1679382550292,1679382550303
1679382550178,1679382550305
1679382550257,1679382550326
1679382550206,1679382550342
1679382550373,1679382550377
1679382550357,1679382550438
1679382550449,1679382550453
1679382550507,1679382550541
1679382550480,1679382550596
1679382550554,1679382550599
1679382550607,1679382550693
1679382550575,1679382550748
1679382550797,1679382550887
1679382550861,1679382550888
1679382550700,1679382550906
1679382550853,1679382550924
1679382550719,1679382550924
1679382550941,1679382550956
1679382550670,1679382550975
1679382550803,1679382551021
1679382550783,1679382551028
1679382551009,1679382551051
1679382550966,1679382551064
1679382551108,1679382551130
1679382551130,1679382551159
1679382550622,1679382551172
1679382551082,1679382551172
1679382551184,1679382551196
1679382551175,1679382551197
1679382551047,1679382551217
1679382551214,1679382551240
1679382551246,1679382551265
1679382551306,1679382551353
1679382551275,1679382551363
1679382551310,1679382551367
1679382551367,1679382551407
1679382551378,1679382551410
1679382551380,1679382551422
1679382551408,1679382551433
1679382551533,1679382551584
1679382551576,1679382551654
1679382551627,1679382551708
1679382551599,1679382551738
1679382551666,1679382551756
1679382551521,1679382551758
1679382551593,1679382551762
1679382551727,1679382551791
1679382551787,1679382551793
1679382551771,1679382551804
1679382551805,1679382551832
1679382551831,1679382551879
1679382551960,1679382551965
1679382551976,1679382551994
1679382552097,1679382552109
1679382552102,1679382552177
1679382552237,1679382552273
1679382552179,1679382552330
1679382552369,1679382552377
1679382552326,1679382552402
1679382552410,1679382552449
1679382552419,1679382552491
1679382552454,1679382552519
1679382552542,1679382552545
1679382552542,1679382552547
1679382552642,1679382552655
1679382552648,1679382552673
1679382552568,1679382552728
1679382552739,1679382552748
1679382552758,1679382552761
1679382552765,1679382552787
1679382552820,1679382552850
1679382552857,1679382552916
1679382552778,1679382552921
1679382552958,1679382552971
1679382552821,1679382552995
1679382552875,1679382553003
1679382552893,1679382553028
1679382553004,1679382553082
1679382553089,1679382553102
1679382553134,1679382553148
1679382553093,1679382553162
1679382553205,1679382553243
1679382553196,1679382553245
1679382553274,1679382553303
1679382553229,1679382553346
1679382553334,1679382553430
1679382553441,1679382553452
1679382553420,1679382553468
1679382553413,1679382553519
1679382553369,1679382553543
1679382553561,1679382553593
1679382553556,1679382553602
1679382553530,1679382553613
1679382553464,1679382553633
1679382553624,1679382553677
1679382553536,1679382553700
1679382553663,1679382553702
1679382553582,1679382553705
1679382553744,1679382553755
1679382553715,1679382553766
1679382553897,1679382553916
1679382553935,1679382553946
1679382553984,1679382553996
1679382554018,1679382554023
1679382554001,1679382554027
1679382554026,1679382554066
1679382554095,1679382554105
1679382554130,1679382554151
1679382554130,1679382554156
1679382554136,1679382554164
1679382554164,1679382554174
1679382554174,1679382554185
1679382554257,1679382554298
1679382554255,1679382554299
1679382554277,1679382554342
1679382554256,1679382554342
1679382554255,1679382554394
1679382554342,1679382554453
1679382554210,1679382554472
1679382554363,1679382554478
1679382554399,1679382554501
1679382554515,1679382554527
1679382554364,1679382554529
1679382554475,1679382554572
1679382554583,1679382554606
1679382554577,1679382554615
1679382554506,1679382554641
1679382554646,1679382554663
1679382554662,1679382554695
1679382554639,1679382554735
1679382554694,1679382554748
1679382554703,1679382554765
1679382554778,1679382554794
1679382554778,1679382554817
1679382554898,1679382554916
1679382554910,1679382555042
1679382555032,1679382555055
1679382555038,1679382555111
1679382555058,1679382555132
1679382555114,1679382555140
1679382555203,1679382555217
1679382555203,1679382555231
1679382555327,1679382555434
1679382555355,1679382555461
1679382555432,1679382555473
1679382555737,1679382555757
1679382555806,1679382555851
1679382555871,1679382555884
1679382555750,1679382555937
1679382555911,1679382555960
1679382555882,1679382555978
1679382555941,1679382555999
1679382556026,1679382556129
1679382556083,1679382556163
1679382556334,1679382556364
1679382556310,1679382556372
1679382556422,1679382556481
1679382556458,1679382556490
1679382556454,1679382556493
1679382556559,1679382556574
1679382556551,1679382556697
1679382556823,1679382556961
1679382557001,1679382557003
1679382556866,1679382557041
1679382556999,1679382557084
1679382557099,1679382557105
1679382557219,1679382557289
1679382557230,1679382557308
1679382557306,1679382557336
1679382557301,1679382557338
1679382557333,1679382557366
1679382557397,1679382557424
1679382557460,1679382557498
1679382557426,1679382557503
1679382557542,1679382557552
1679382557559,1679382557598
1679382557634,1679382557642
1679382557634,1679382557671
1679382557643,1679382557673
1679382557749,1679382557753
1679382557797,1679382557806
1679382557781,1679382557880
1679382558153,1679382558187
1679382558080,1679382558193
1679382558127,1679382558209
1679382558358,1679382558362
1679382558415,1679382558430
1679382558401,1679382558441
1679382558429,1679382558491
1679382558598,1679382558611
1679382558578,1679382558611
1679382558590,1679382558618
1679382558611,1679382558626
1679382558612,1679382558658
1679382558659,1679382558665
1679382558637,1679382558689
1679382558793,1679382558818
1679382558859,1679382558879
1679382558799,1679382558913
1679382558871,1679382558927
1679382559051,1679382559064
1679382559079,1679382559117
1679382559156,1679382559160
1679382559223,1679382559259
1679382559235,1679382559404
1679382559363,1679382559452
1679382559427,1679382559474
1679382559471,1679382559493
1679382559478,1679382559525
1679382559619,1679382559655
1679382559709,1679382559715
1679382559829,1679382559843
1679382559896,1679382559905
1679382559911,1679382559942
1679382559856,1679382559943
1679382560163,1679382560166
1679382560160,1679382560216
1679382560160,1679382560223
1679382560208,1679382560273
1679382560296,1679382560315
1679382560416,1679382560438
1679382560292,1679382560439
1679382560468,1679382560477
1679382560508,1679382560537
1679382560545,1679382560576
1679382560587,1679382560613
1679382560584,1679382560625
1679382560741,1679382560746
1679382560640,1679382560768
1679382560776,1679382560848
1679382560827,1679382560855
1679382560788,1679382560889
1679382560760,1679382560942
1679382560902,1679382560961
1679382561201,1679382561395
1679382561432,1679382561456
1679382561468,1679382561580
1679382561579,1679382561591
1679382561585,1679382561645
1679382561491,1679382561647
1679382561652,1679382561676
1679382561580,1679382561685
1679382561661,1679382561694
1679382561733,1679382561782
1679382561784,1679382561809
1679382561729,1679382561810
1679382561809,1679382561847
1679382561833,1679382561927
1679382562049,1679382562067
1679382561871,1679382562084
1679382562165,1679382562251
1679382562358,1679382562424
1679382562418,1679382562425
1679382562428,1679382562452
1679382562517,1679382562570
1679382562512,1679382562605
1679382562616,1679382562660
1679382562696,1679382562711
1679382562737,1679382562817
1679382562814,1679382562832
1679382562913,1679382562920
1679382562937,1679382562974
1679382562976,1679382563080
1679382563156,1679382563203
1679382563179,1679382563242
1679382563209,1679382563251
1679382563263,1679382563281
1679382563232,1679382563302
1679382563224,1679382563336
1679382563353,1679382563455
1679382563586,1679382563590
1679382563537,1679382563644
1679382563729,1679382563798
1679382563854,1679382563921
1679382563883,1679382563988
1679382563969,1679382563989
1679382564046,1679382564090
1679382564119,1679382564148
1679382564078,1679382564167
1679382564189,1679382564200
1679382564281,1679382564327
1679382564355,1679382564367
1679382564319,1679382564461
1679382564442,1679382564498
1679382564474,1679382564590
1679382564692,1679382564706
1679382564640,1679382564727
1679382564799,1679382564806
1679382564798,1679382564816
1679382564769,1679382564825
1679382564869,1679382564876
1679382564850,1679382564921
1679382564957,1679382564962
1679382564906,1679382564963
1679382565217,1679382565243
1679382565246,1679382565250
1679382565461,1679382565487
1679382565538,1679382565552
1679382565577,1679382565581
1679382565460,1679382565595
1679382565615,1679382565636
1679382565661,1679382565674
1679382565661,1679382565677
1679382565641,1679382565750
1679382565648,1679382565780
1679382565650,1679382565847
1679382565660,1679382565852
1679382565690,1679382565869
1679382565685,1679382565932
1679382565673,1679382565935
1679382565661,1679382565940
1679382565712,1679382565982
1679382565631,1679382566058
1679382565682,1679382566074
1679382565680,1679382566110
1679382565636,1679382566132
1679382566132,1679382566150
1679382565672,1679382566265
1679382565668,1679382566321
1679382566149,1679382566364
1679382566157,1679382566409
1679382565790,1679382566457
1679382565642,1679382566502
1679382565937,1679382566539
1679382566273,1679382566606
1679382566190,1679382566654
1679382565814,1679382566655
1679382566649,1679382566678
1679382566100,1679382566693
1679382566625,1679382566708
1679382566061,1679382566774
1679382565856,1679382566817
1679382565664,1679382566889
1679382566880,1679382566906
1679382566889,1679382566922
1679382566932,1679382566967
1679382566948,1679382567036
1679382566865,1679382567064
1679382567053,1679382567108
1679382566916,1679382567145
1679382567140,1679382567157
1679382567089,1679382567170
1679382567088,1679382567218
1679382567173,1679382567241
1679382567194,1679382567273
1679382567280,1679382567296
1679382567335,1679382567341
1679382567425,1679382567456
1679382567439,1679382567461
1679382567473,1679382567481
1679382567572,1679382567582
1679382567577,1679382567634
1679382567613,1679382567635
1679382567630,1679382567649
1679382567709,1679382567744
1679382567698,1679382567770
1679382567761,1679382567771
1679382567796,1679382567812
1679382567818,1679382567859
1679382567796,1679382567911
1679382567856,1679382568014
1679382568012,1679382568038
1679382568008,1679382568046
1679382567825,1679382568067
1679382567909,1679382568102
1679382567992,1679382568108
1679382567980,1679382568128
1679382567768,1679382568148
1679382567964,1679382568216
1679382568160,1679382568220
1679382568284,1679382568304
1679382568336,1679382568367
1679382568245,1679382568370
1679382568060,1679382568372
1679382568289,1679382568408
1679382568461,1679382568472
1679382568549,1679382568576
1679382568631,1679382568645
1679382568609,1679382568667
1679382568651,1679382568673
1679382568716,1679382568723
1679382568860,1679382568869
1679382568904,1679382568912
1679382568855,1679382568931
1679382568910,1679382568975
1679382568946,1679382569007
1679382569055,1679382569068
1679382569060,1679382569104
1679382569147,1679382569197
1679382569115,1679382569204
1679382569205,1679382569225
1679382569211,1679382569235
1679382569204,1679382569244
1679382569243,1679382569287
1679382569271,1679382569394
1679382569360,1679382569399
1679382569491,1679382569555
1679382569484,1679382569572
1679382569540,1679382569603
1679382569619,1679382569659
1679382569617,1679382569672
1679382569643,1679382569691
1679382569594,1679382569693
1679382569680,1679382569701
1679382569707,1679382569715
1679382569643,1679382569786
1679382569777,1679382569798
1679382569821,1679382569838
1679382569707,1679382569861
1679382569850,1679382569889
1679382569871,1679382569927
1679382569722,1679382569927
1679382569969,1679382570026
1679382570011,1679382570037
1679382570054,1679382570088
1679382570136,1679382570153
1679382570052,1679382570180
1679382570134,1679382570195
1679382570179,1679382570195
1679382570199,1679382570213
1679382570117,1679382570260
1679382570240,1679382570365
1679382570415,1679382570420
1679382570291,1679382570424
1679382570428,1679382570439
1679382570537,1679382570544
1679382570451,1679382570575
1679382570551,1679382570609
1679382570635,1679382570651
1679382570673,1679382570725
1679382570678,1679382570725
1679382570715,1679382570744
1679382570788,1679382570799
1679382570819,1679382570823
1679382570761,1679382570838
1679382570822,1679382570859
1679382570939,1679382570996
1679382571036,1679382571141
1679382571080,1679382571152
1679382571123,1679382571168
1679382571144,1679382571198
1679382571236,1679382571259
1679382571288,1679382571295
1679382571193,1679382571298
1679382571235,1679382571328
1679382571289,1679382571424
1679382571447,1679382571463
1679382571396,1679382571554
1679382571525,1679382571605
1679382571528,1679382571608
1679382571620,1679382571642
1679382571640,1679382571648
1679382571597,1679382571670
1679382571827,1679382571856
1679382571884,1679382571887
1679382571854,1679382571891
1679382571900,1679382571914
1679382571768,1679382571930
1679382571900,1679382571992
1679382571698,1679382572010
1679382571792,1679382572018
1679382572035,1679382572049
1679382571824,1679382572053
1679382572015,1679382572059
1679382571928,1679382572079
1679382571850,1679382572097
1679382571842,1679382572121
1679382572094,1679382572135
1679382572128,1679382572149
1679382571793,1679382572154
1679382571911,1679382572184
1679382572056,1679382572207
1679382572086,1679382572220
1679382572213,1679382572240
1679382572240,1679382572301
1679382572381,1679382572386
1679382572305,1679382572427
1679382572417,1679382572493
1679382572417,1679382572533
1679382572408,1679382572571
1679382572572,1679382572588
1679382572541,1679382572651
1679382572631,1679382572671
1679382572680,1679382572687
1679382572735,1679382572753
1679382572735,1679382572774
1679382572724,1679382572803
1679382572769,1679382572820
1679382572948,1679382573046
1679382573050,1679382573059
1679382573054,1679382573093
1679382573176,1679382573234
1679382573200,1679382573300
1679382573188,1679382573301
1679382573161,1679382573310
1679382573335,1679382573343
1679382573238,1679382573411
1679382573165,1679382573433
1679382573440,1679382573463
1679382573393,1679382573527
1679382573648,1679382573682
1679382573512,1679382573699
1679382573728,1679382573744
1679382573683,1679382573825
1679382573795,1679382573862
1679382573794,1679382573866
1679382573858,1679382573867
1679382573620,1679382573869
1679382573898,1679382573913
1679382573840,1679382573920
1679382573903,1679382573929
1679382573898,1679382573961
1679382573989,1679382574032
1679382574009,1679382574037
1679382574040,1679382574082
1679382573840,1679382574096
1679382574115,1679382574127
1679382574141,1679382574184
1679382574032,1679382574211
1679382574189,1679382574214
1679382574231,1679382574252
1679382574023,1679382574279
1679382574265,1679382574301
1679382574373,1679382574438
1679382574529,1679382574554
1679382574549,1679382574560
1679382574559,1679382574572
1679382574527,1679382574593
1679382574603,1679382574610
1679382574587,1679382574623
1679382574674,1679382574693
1679382574736,1679382574743
1679382574716,1679382574786
1679382574783,1679382574789
1679382574684,1679382574791
1679382574789,1679382574817
1679382574784,1679382574855
1679382574862,1679382574917
1679382575043,1679382575050
1679382575115,1679382575123
1679382575103,1679382575145
1679382575129,1679382575164
1679382575140,1679382575220
1679382575169,1679382575248
1679382575165,1679382575253
1679382575269,1679382575326
1679382575439,1679382575463
1679382575475,1679382575655
1679382575599,1679382575668
1679382575591,1679382575701
1679382575879,1679382575884
1679382575910,1679382575960
1679382575935,1679382576027
1679382576036,1679382576045
1679382575900,1679382576128
1679382576125,1679382576129
1679382576086,1679382576166
1679382575979,1679382576174
1679382576107,1679382576211
1679382576220,1679382576232
1679382575858,1679382576255
1679382576307,1679382576375
1679382576267,1679382576417
1679382576298,1679382576457
1679382576425,1679382576506
1679382576505,1679382576645
1679382576683,1679382576712
1679382576553,1679382576745
1679382576694,1679382576821
1679382576828,1679382576850
1679382576734,1679382577036
1679382577031,1679382577061
1679382577119,1679382577129
1679382577121,1679382577159
1679382577132,1679382577177
1679382577086,1679382577253
1679382577259,1679382577265
1679382577331,1679382577359
1679382577314,1679382577367
1679382577392,1679382577440
1679382577420,1679382577456
1679382577397,1679382577494
1679382577386,1679382577536
1679382577555,1679382577617
1679382577600,1679382577622
1679382577690,1679382577722
1679382577740,1679382577775
1679382577784,1679382577817
1679382577810,1679382577819
1679382577800,1679382577834
1679382577692,1679382577951
1679382577964,1679382578000
1679382578047,1679382578093
1679382578168,1679382578182
1679382578136,1679382578221
1679382578071,1679382578233
1679382578338,1679382578394
1679382578340,1679382578451
1679382578439,1679382578509
1679382578511,1679382578519
1679382578498,1679382578578
1679382578511,1679382578579
1679382578531,1679382578609
1679382578511,1679382578626
1679382578621,1679382578652
1679382578739,1679382578818
1679382578821,1679382578839
1679382578777,1679382578851
1679382578831,1679382578869
1679382578914,1679382578921
1679382578753,1679382578928
1679382579075,1679382579095
1679382579116,1679382579145
1679382579174,1679382579181
1679382579140,1679382579234
1679382579199,1679382579245
1679382579080,1679382579309
1679382579115,1679382579385
1679382579415,1679382579424
1679382579278,1679382579426
1679382579488,1679382579576
1679382579540,1679382579645
1679382579669,1679382579676
1679382579680,1679382579715
1679382579722,1679382579788
1679382579788,1679382579828
1679382579805,1679382579870
1679382579859,1679382579875
1679382579865,1679382579894
1679382579940,1679382580034
1679382580048,1679382580050
1679382580048,1679382580087
1679382580078,1679382580127
1679382580166,1679382580251
1679382580314,1679382580336
1679382580307,1679382580363
1679382580367,1679382580441
1679382580426,1679382580467
1679382580409,1679382580497
1679382580240,1679382580527
1679382580676,1679382580742
1679382580652,1679382580747
1679382580723,1679382580786
1679382580748,1679382580809
1679382580748,1679382580819
1679382580774,1679382580848
1679382580884,1679382580908
1679382581038,1679382581087
1679382581084,1679382581111
1679382580985,1679382581111
1679382581080,1679382581209
1679382581153,1679382581213
1679382581205,1679382581230
1679382581268,1679382581277
1679382581444,1679382581459
1679382581332,1679382581559
1679382581540,1679382581565
1679382581551,1679382581592
1679382581589,1679382581599
1679382581716,1679382581720
1679382581715,1679382581727
1679382581814,1679382581849
1679382581893,1679382581956
1679382581996,1679382582032
1679382581926,1679382582044
1679382581980,1679382582070
1679382582128,1679382582181
1679382582145,1679382582198
1679382582212,1679382582325
1679382582294,1679382582354
1679382582305,1679382582405
1679382582481,1679382582534
1679382582461,1679382582539
1679382582363,1679382582604
1679382582553,1679382582609
1679382582432,1679382582623
1679382582689,1679382582693
1679382582634,1679382582698
1679382582748,1679382582754
1679382582765,1679382582789
1679382582579,1679382582796
1679382582925,1679382582933
1679382582860,1679382582983
1679382582952,1679382582998
1679382582968,1679382583103
1679382583166,1679382583177
1679382583274,1679382583323
1679382583173,1679382583325
1679382583322,1679382583482
1679382583505,1679382583529
1679382583656,1679382583668
1679382583654,1679382583683
1679382583713,1679382583719
1679382583652,1679382583738
1679382583741,1679382583755
1679382583694,1679382583826
1679382583897,1679382583911
1679382583890,1679382583916
1679382584053,1679382584064
1679382584047,1679382584069
1679382584057,1679382584071
1679382584045,1679382584127
1679382584185,1679382584251
1679382584205,1679382584299
1679382584261,1679382584316
1679382584180,1679382584341
1679382584386,1679382584522
1679382584457,1679382584548
1679382584455,1679382584590
1679382584386,1679382584591
1679382584597,1679382584643
1679382584629,1679382584667
1679382584769,1679382584802
1679382584813,1679382584817
1679382584803,1679382584830
1679382584870,1679382584913
1679382584939,1679382584972
1679382584897,1679382585038
1679382585097,1679382585122
1679382585148,1679382585159
1679382585153,1679382585251
1679382585269,1679382585296
1679382585336,1679382585372
1679382585372,1679382585382
1679382585374,1679382585384
1679382585309,1679382585401
1679382585452,1679382585465
1679382585305,1679382585489
1679382585505,1679382585529
1679382585589,1679382585606
1679382585598,1679382585622
1679382585628,1679382585672
1679382585757,1679382585787
1679382585756,1679382585800
1679382585879,1679382585883
1679382585893,1679382585902
1679382585873,1679382585915
1679382585924,1679382585932
1679382585906,1679382585946
1679382585936,1679382585951
1679382585895,1679382585958
1679382585900,1679382585961
1679382585932,1679382585989
1679382585996,1679382586008
1679382585993,1679382586035
1679382585892,1679382586050
1679382585959,1679382586076
1679382586032,1679382586099
1679382585984,1679382586143
1679382586033,1679382586160
1679382585942,1679382586160
1679382585912,1679382586162
1679382585980,1679382586266
1679382585966,1679382586268
1679382585991,1679382586313
1679382585942,1679382586337
1679382585969,1679382586414
1679382585882,1679382586429
1679382585875,1679382586435
1679382586057,1679382586444
1679382586065,1679382586479
1679382585954,1679382586523
1679382585963,1679382586545
1679382586273,1679382586550
1679382585905,1679382586647
1679382586185,1679382586704
1679382586196,1679382586710
1679382586612,1679382586775
1679382585944,1679382586781
1679382585917,1679382586848
1679382586472,1679382586903
1679382585967,1679382586907
1679382585904,1679382586907
1679382586753,1679382586924
1679382586693,1679382586941
1679382585840,1679382586957
1679382586257,1679382586978
1679382585918,1679382586980
1679382585993,1679382587002
1679382586949,1679382587020
1679382586647,1679382587041
1679382586808,1679382587067
1679382586971,1679382587117
1679382587101,1679382587125
1679382585937,1679382587174
1679382587115,1679382587176
1679382585968,1679382587182
1679382586590,1679382587182
1679382587163,1679382587224
1679382586425,1679382587308
1679382587176,1679382587323
1679382587218,1679382587343
1679382587117,1679382587369
1679382587377,1679382587448
1679382586957,1679382587466
1679382587577,1679382587590
1679382587589,1679382587611
1679382587513,1679382587614
1679382587712,1679382587787
1679382587777,1679382587801
1679382587709,1679382587817
1679382587713,1679382587822
1679382587874,1679382587893
1679382587881,1679382587928
1679382587896,1679382587947
1679382587793,1679382587977
1679382587980,1679382587993
1679382588012,1679382588016
1679382588052,1679382588057
1679382588025,1679382588059
1679382588044,1679382588069
1679382588112,1679382588206
1679382588132,1679382588228
1679382588289,1679382588296
1679382588296,1679382588300
1679382588284,1679382588310
1679382588112,1679382588331
1679382588097,1679382588345
1679382588157,1679382588345
1679382588345,1679382588383
1679382588409,1679382588433
1679382588425,1679382588450
1679382588376,1679382588461
1679382588239,1679382588480
1679382588487,1679382588509
1679382588504,1679382588544
1679382588557,1679382588568
1679382588660,1679382588675
1679382588657,1679382588687
1679382588684,1679382588701
1679382588689,1679382588709
1679382588749,1679382588778
1679382588841,1679382588902
1679382588811,1679382588937
1679382588851,1679382588939
1679382588968,1679382589030
1679382589001,1679382589058
1679382589015,1679382589063
1679382589055,1679382589083
1679382588976,1679382589107
1679382589110,1679382589124
1679382589109,1679382589161
1679382589169,1679382589192
1679382589181,1679382589196
1679382589171,1679382589203
1679382589227,1679382589259
1679382589164,1679382589278
1679382589292,1679382589310
1679382589177,1679382589313
1679382589348,1679382589370
1679382589282,1679382589397
1679382589339,1679382589406
1679382589335,1679382589441
1679382589135,1679382589475
1679382589507,1679382589515
1679382589332,1679382589534
1679382589531,1679382589553
1679382589359,1679382589561
1679382589558,1679382589617
1679382589410,1679382589621
1679382589548,1679382589647
1679382589631,1679382589682
1679382589562,1679382589713
1679382589731,1679382589741
1679382589747,1679382589758
1679382589389,1679382589777
1679382589788,1679382589799
1679382589687,1679382589801
1679382589763,1679382589812
1679382589741,1679382589865
1679382589874,1679382589881
1679382589910,1679382589921
1679382589875,1679382589945
1679382589833,1679382589954
1679382589885,1679382589961
1679382589903,1679382589964
1679382590008,1679382590029
1679382589971,1679382590041
1679382589993,1679382590059
1679382590063,1679382590112
1679382590063,1679382590112
1679382590083,1679382590144
1679382590193,1679382590197
1679382590193,1679382590230
1679382590174,1679382590242
1679382590241,1679382590259
1679382590333,1679382590462
1679382590460,1679382590465
1679382590432,1679382590496
1679382590463,1679382590516
1679382590282,1679382590564
1679382590623,1679382590642
1679382590715,1679382590745
1679382590689,1679382590753
1679382590496,1679382590792
1679382590699,1679382590807
1679382590812,1679382590819
1679382590814,1679382590907
1679382590598,1679382590912
1679382590850,1679382590916
1679382590719,1679382590921
1679382590788,1679382590928
1679382590929,1679382590933
1679382590889,1679382590979
1679382590912,1679382590993
1679382590932,1679382590996
1679382590823,1679382591019
1679382590751,1679382591020
1679382591048,1679382591107
1679382590980,1679382591146
1679382590695,1679382591154
1679382590708,1679382591174
1679382591189,1679382591212
1679382591182,1679382591271
1679382591217,1679382591288
1679382591147,1679382591291
1679382591151,1679382591334
1679382591193,1679382591340
1679382591138,1679382591350
1679382591185,1679382591383
1679382591166,1679382591406
1679382591348,1679382591423
1679382591260,1679382591438
1679382591269,1679382591504
1679382591450,1679382591533
1679382591041,1679382591537
1679382591491,1679382591563
1679382591052,1679382591588
1679382591572,1679382591610
1679382591421,1679382591675
1679382591344,1679382591687
1679382591343,1679382591739
1679382591784,1679382591797
1679382591553,1679382591840
1679382590909,1679382591847
1679382591638,1679382591862
1679382591453,1679382591863
1679382590583,1679382591896
1679382591594,1679382591911
1679382590758,1679382591920
1679382591746,1679382591996
1679382591981,1679382592008
1679382591948,1679382592020
1679382591474,1679382592031
1679382592075,1679382592079
1679382591765,1679382592080
1679382592018,1679382592103
1679382592156,1679382592167
1679382592070,1679382592176
1679382592161,1679382592186
1679382592134,1679382592207
1679382592162,1679382592226
1679382592213,1679382592253
1679382592271,1679382592289
1679382592285,1679382592319
1679382592233,1679382592322
1679382592244,1679382592342
1679382592210,1679382592365
1679382592349,1679382592411
1679382592384,1679382592452
1679382592407,1679382592472
1679382592371,1679382592492
1679382592486,1679382592493
1679382592485,1679382592537
1679382592419,1679382592539
1679382592480,1679382592539
1679382592570,1679382592591
1679382592475,1679382592598
1679382592606,1679382592618
1679382592529,1679382592653
1679382592596,1679382592664
1679382592530,1679382592675
1679382592670,1679382592686
1679382592683,1679382592693
1679382592736,1679382592743
1679382592776,1679382592849
1679382592845,1679382592875
1679382592932,1679382592954
1679382593000,1679382593015
1679382593075,1679382593108
1679382593100,1679382593113
1679382593100,1679382593153
1679382593216,1679382593225
1679382593248,1679382593265
1679382593204,1679382593269
1679382593296,1679382593313
1679382593341,1679382593357
1679382593519,1679382593549
1679382593548,1679382593587
1679382593412,1679382593588
1679382593564,1679382593606
1679382593388,1679382593611
1679382593587,1679382593639
1679382593637,1679382593658
1679382593480,1679382593670
1679382593361,1679382593681
1679382593670,1679382593681
1679382593412,1679382593714
1679382593438,1679382593795
1679382593800,1679382593810
1679382593800,1679382593850
1679382593828,1679382593875
1679382593573,1679382593909
1679382593749,1679382593968
1679382593740,1679382594014
1679382593728,1679382594018
1679382594012,1679382594049
1679382593900,1679382594064
1679382593868,1679382594095
1679382594112,1679382594127
1679382594109,1679382594146
1679382594151,1679382594185
1679382594181,1679382594226
1679382594224,1679382594243
1679382594213,1679382594247
1679382594234,1679382594261
1679382594272,1679382594277
1679382594373,1679382594388
1679382594324,1679382594422
1679382594344,1679382594433
1679382594364,1679382594442
1679382594422,1679382594446
1679382594407,1679382594464
1679382594463,1679382594469
1679382594468,1679382594478
1679382594272,1679382594479
1679382594298,1679382594490
1679382594485,1679382594511
1679382594467,1679382594582
1679382594637,1679382594642
1679382594636,1679382594653
1679382594698,1679382594701
1679382594732,1679382594744
1679382594729,1679382594749
1679382594730,1679382594757
1679382594751,1679382594798
1679382594746,1679382594829
1679382594878,1679382594900
1679382594899,1679382594906
1679382594957,1679382594960
1679382594999,1679382595013
1679382594759,1679382595048
1679382595028,1679382595049
1679382595051,1679382595082
1679382594972,1679382595091
1679382595117,1679382595120
1679382595107,1679382595162
1679382595154,1679382595270
1679382595153,1679382595283
1679382595002,1679382595299
1679382595148,1679382595328
1679382595241,1679382595331
1679382595319,1679382595344
1679382595371,1679382595444
1679382595443,1679382595449
1679382595465,1679382595479
1679382595307,1679382595525
1679382595527,1679382595547
1679382595536,1679382595565
1679382595530,1679382595569
1679382595605,1679382595612
1679382595620,1679382595639
1679382595445,1679382595659
1679382595635,1679382595719
1679382595688,1679382595771
1679382595803,1679382595808
1679382595857,1679382595870
1679382595925,1679382595968
1679382595965,1679382595979
1679382596003,1679382596025
1679382596105,1679382596129
1679382596161,1679382596187
1679382596167,1679382596223
1679382596155,1679382596223
1679382596235,1679382596256
1679382596331,1679382596348
1679382596425,1679382596453
1679382596475,1679382596508
1679382596553,1679382596557
1679382596509,1679382596600
1679382596668,1679382596678
1679382596594,1679382596735
1679382596434,1679382596813
1679382596742,1679382596824
1679382596643,1679382596880
1679382596590,1679382596953
1679382596841,1679382596955
1679382596968,1679382596984
1679382596966,1679382597006
1679382597034,1679382597074
1679382596634,1679382597098
1679382596765,1679382597114
1679382596425,1679382597115
1679382597074,1679382597160
1679382596955,1679382597174
1679382597038,1679382597175
1679382596964,1679382597192
1679382597179,1679382597206
1679382597218,1679382597244
1679382597226,1679382597247
1679382597290,1679382597293
1679382597278,1679382597301
1679382597302,1679382597327
1679382597266,1679382597334
1679382597391,1679382597436
1679382597441,1679382597452
1679382597458,1679382597491
1679382597467,1679382597494
1679382597516,1679382597524
1679382597494,1679382597539
1679382597603,1679382597628
1679382597760,1679382597777
1679382597735,1679382597864
1679382597818,1679382597886
1679382597894,1679382597905
1679382597913,1679382597917
1679382598011,1679382598025
1679382598064,1679382598122
1679382598068,1679382598140
1679382598048,1679382598190
1679382598202,1679382598219
1679382598190,1679382598255
1679382598350,1679382598406
1679382598478,1679382598532
1679382598528,1679382598574
1679382598448,1679382598580
1679382598506,1679382598596
1679382598442,1679382598660
1679382598645,1679382598669
1679382598645,1679382598680
1679382598686,1679382598695
1679382598675,1679382598713
1679382598703,1679382598713
1679382598696,1679382598720
1679382598749,1679382598760
1679382598698,1679382598794
1679382598799,1679382598826
1679382598846,1679382598866
1679382598818,1679382598897
1679382598893,1679382598921
1679382598938,1679382598953
1679382598943,1679382598956
1679382598943,1679382598972
1679382599016,1679382599061
1679382598903,1679382599072
1679382598961,1679382599079
1679382599120,1679382599130
1679382598989,1679382599149
1679382598964,1679382599154
1679382598953,1679382599169
1679382599195,1679382599209
1679382599006,1679382599217
1679382599248,1679382599261
1679382599067,1679382599272
1679382599153,1679382599305
1679382599169,1679382599354
1679382599130,1679382599361
1679382599120,1679382599375
1679382599325,1679382599381
1679382599369,1679382599387
1679382599356,1679382599426
1679382599417,1679382599445
1679382599290,1679382599453
1679382599449,1679382599458
1679382599436,1679382599462
1679382599513,1679382599522
1679382599496,1679382599556
1679382599515,1679382599581
1679382599582,1679382599605
1679382599588,1679382599611
1679382599621,1679382599635
1679382599651,1679382599666
1679382599651,1679382599697
1679382599713,1679382599727
1679382599727,1679382599743
1679382599753,1679382599768
1679382599761,1679382599823
1679382599719,1679382599835
1679382599842,1679382599873
1679382599840,1679382599886
1679382599781,1679382599905
1679382599622,1679382599997
1679382599858,1679382600016
1679382599885,1679382600018
1679382600022,1679382600025
1679382600191,1679382600206
1679382600195,1679382600207
1679382600199,1679382600226
1679382600227,1679382600230
1679382600198,1679382600266
1679382600202,1679382600270
1679382600249,1679382600274
1679382600330,1679382600362
1679382600378,1679382600409
1679382600439,1679382600451
1679382600455,1679382600497
1679382600460,1679382600509
1679382600499,1679382600554
1679382600564,1679382600588
1679382600473,1679382600598
1679382600579,1679382600614
1679382600628,1679382600650
1679382600570,1679382600654
1679382600753,1679382600781
1679382600729,1679382600783
1679382600785,1679382600793
1679382600740,1679382600823
1679382600923,1679382600942
1679382601007,1679382601059
1679382600994,1679382601063
1679382601015,1679382601064
1679382601091,1679382601115
1679382601031,1679382601123
1679382601045,1679382601138
1679382601171,1679382601190
1679382601247,1679382601255
1679382601264,1679382601271
1679382601291,1679382601325
1679382601320,1679382601338
1679382601335,1679382601382
1679382601367,1679382601392
1679382601385,1679382601430
1679382601381,1679382601431
1679382601395,1679382601441
1679382601442,1679382601479
1679382601441,1679382601488
1679382601458,1679382601517
1679382601520,1679382601529
1679382601373,1679382601538
1679382601532,1679382601591
1679382601614,1679382601621
1679382601587,1679382601661
1679382601588,1679382601675
1679382601715,1679382601731
1679382601741,1679382601758
1679382601716,1679382601852
1679382601839,1679382601918
1679382601843,1679382601931
1679382601914,1679382601980
1679382601956,1679382602011
1679382601928,1679382602017
1679382602024,1679382602038
1679382602021,1679382602043
1679382602043,1679382602080
1679382602040,1679382602100
1679382602082,1679382602143
1679382602043,1679382602161
1679382602240,1679382602243
1679382602030,1679382602262
1679382602255,1679382602272
1679382602302,1679382602390
1679382602060,1679382602412
1679382602244,1679382602419
1679382602279,1679382602465
1679382602428,1679382602490
1679382602444,1679382602552
1679382602282,1679382602554
1679382602485,1679382602603
1679382602556,1679382602636
1679382602185,1679382602693
1679382602473,1679382602733
1679382602700,1679382602738
1679382602535,1679382602741
1679382602579,1679382602781
1679382602660,1679382602809
1679382602810,1679382602816
1679382602864,1679382602867
1679382602332,1679382602878
1679382602848,1679382602894
1679382602856,1679382602901
1679382602808,1679382602950
1679382602885,1679382602956
1679382602914,1679382602959
1679382602943,1679382602966
1679382602100,1679382602977
1679382602969,1679382602995
1679382602974,1679382603052
1679382603043,1679382603064
1679382603005,1679382603098
1679382603000,1679382603113
1679382603053,1679382603199
1679382603128,1679382603219
1679382603212,1679382603244
1679382603321,1679382603348
1679382603354,1679382603413
1679382603381,1679382603420
1679382603453,1679382603480
1679382603427,1679382603493
1679382603463,1679382603557
1679382603546,1679382603558
1679382603584,1679382603611
1679382603563,1679382603633
1679382603506,1679382603662
1679382603620,1679382603685
1679382603700,1679382603718
1679382603596,1679382603746
1679382603788,1679382603797
1679382603829,1679382603834
1679382603740,1679382603863
1679382603848,1679382603869
1679382604010,1679382604017
1679382603883,1679382604017
1679382603974,1679382604038
1679382603978,1679382604065
1679382604081,1679382604084
1679382604092,1679382604097
1679382604160,1679382604167
1679382604167,1679382604188
1679382604072,1679382604202
1679382604175,1679382604204
1679382604211,1679382604223
1679382604245,1679382604249
1679382604199,1679382604256
1679382604237,1679382604263
1679382604326,1679382604331
1679382604312,1679382604385
1679382604411,1679382604417
1679382604328,1679382604419
1679382604419,1679382604496
1679382604509,1679382604515
1679382604460,1679382604539
1679382604690,1679382604718
1679382604763,1679382604787
1679382604841,1679382604871
1679382604876,1679382604888
1679382604857,1679382604919
1679382604936,1679382604943
1679382604872,1679382604944
1679382604905,1679382605000
1679382604825,1679382605046
1679382605036,1679382605055
1679382605244,1679382605248
1679382605325,1679382605342
1679382605365,1679382605400
1679382605398,1679382605402
1679382605368,1679382605405
1679382605532,1679382605551
1679382605585,1679382605620
1679382605637,1679382605643
1679382605664,1679382605674
1679382605664,1679382605683
1679382605558,1679382605687
1679382605701,1679382605711
1679382605741,1679382605761
1679382605646,1679382605768
1679382605751,1679382605777
1679382605777,1679382605828
1679382605865,1679382605873
1679382605841,1679382605874
1679382605742,1679382605888
1679382605914,1679382605974
1679382606001,1679382606007
1679382605956,1679382606032
1679382606024,1679382606060
1679382606005,1679382606082
1679382606127,1679382606152
1679382606132,1679382606163
1679382606147,1679382606185
1679382606139,1679382606225
1679382606140,1679382606251
1679382606157,1679382606297
1679382606132,1679382606298
1679382606170,1679382606314
1679382606356,1679382606391
1679382606136,1679382606417
1679382606352,1679382606428
1679382606261,1679382606467
1679382606356,1679382606467
1679382606141,1679382606494
1679382606416,1679382606533
1679382606437,1679382606544
1679382606530,1679382606629
1679382606285,1679382606658
1679382606180,1679382606664
1679382606125,1679382606667
1679382606621,1679382606749
1679382606541,1679382606750
1679382606713,1679382606792
1679382606645,1679382606802
1679382606645,1679382606816
1679382606260,1679382606845
1679382606248,1679382606904
1679382606888,1679382606905
1679382606853,1679382606914
1679382606871,1679382606952
1679382606856,1679382607001
1679382606613,1679382607013
1679382606845,1679382607014
1679382606913,1679382607067
1679382607025,1679382607084
1679382607069,1679382607117
1679382607045,1679382607117
1679382607026,1679382607175
1679382607114,1679382607204
1679382607090,1679382607213
1679382607269,1679382607286
1679382607251,1679382607310
1679382607229,1679382607332
1679382607313,1679382607335
1679382607382,1679382607387
1679382607390,1679382607424
1679382607405,1679382607442
1679382607409,1679382607476
1679382607489,1679382607531
1679382607390,1679382607599
1679382607669,1679382607675
1679382607658,1679382607704
1679382607721,1679382607796
1679382607812,1679382607817
1679382607805,1679382607818
1679382607849,1679382607859
1679382607724,1679382607893
1679382607949,1679382607968
1679382607973,1679382607991
1679382608001,1679382608040
1679382608052,1679382608062
1679382608012,1679382608072
1679382608057,1679382608074
1679382608146,1679382608160
1679382608135,1679382608167
1679382608077,1679382608181
1679382608171,1679382608185
1679382608125,1679382608195
1679382608121,1679382608265
1679382608218,1679382608276
1679382608113,1679382608340
1679382608265,1679382608341
1679382608213,1679382608364
1679382608125,1679382608387
1679382608174,1679382608420
1679382608273,1679382608447
1679382608406,1679382608477
1679382608309,1679382608498
1679382608352,1679382608531
1679382608545,1679382608548
1679382608566,1679382608576
1679382608533,1679382608577
1679382608332,1679382608607
1679382608637,1679382608641
1679382608652,1679382608669
1679382608225,1679382608694
1679382608745,1679382608785
1679382608793,1679382608798
1679382608769,1679382608849
1679382608885,1679382608926
1679382608929,1679382608935
1679382608885,1679382608949
1679382608943,1679382608952
1679382608970,1679382609075
1679382609041,1679382609110
1679382609115,1679382609125
1679382609108,1679382609130
1679382609009,1679382609156
1679382609144,1679382609169
1679382609082,1679382609174
1679382609105,1679382609200
1679382609163,1679382609228
1679382609238,1679382609249
1679382609152,1679382609255
1679382609093,1679382609286
1679382609223,1679382609287
1679382609181,1679382609305
1679382609318,1679382609339
1679382609382,1679382609416
1679382609378,1679382609427
1679382609393,1679382609443
1679382609425,1679382609490
1679382609478,1679382609502
1679382609454,1679382609519
1679382609545,1679382609582
1679382609527,1679382609632
1679382609597,1679382609637
1679382609660,1679382609664
1679382609545,1679382609674
1679382609690,1679382609721
1679382609799,1679382609822
1679382609798,1679382609832
1679382609885,1679382609909
1679382609921,1679382609933
1679382609933,1679382609942
1679382609943,1679382609963
1679382609970,1679382609993
1679382609918,1679382610024
1679382610041,1679382610049
1679382610071,1679382610195
1679382610205,1679382610220
1679382610276,1679382610302
1679382610284,1679382610316
1679382610288,1679382610340
1679382610341,1679382610355
1679382610374,1679382610429
1679382610351,1679382610433
1679382610381,1679382610440
1679382610425,1679382610478
1679382610380,1679382610487
1679382610305,1679382610488
1679382610323,1679382610535
1679382610547,1679382610555
1679382610517,1679382610606
1679382610470,1679382610613
1679382610521,1679382610700
1679382610612,1679382610717
1679382610701,1679382610728
1679382610561,1679382610731
1679382610604,1679382610753
1679382610513,1679382610782
1679382610779,1679382610783
1679382610693,1679382610790
1679382610749,1679382610792
1679382610718,1679382610806
1679382610628,1679382610817
1679382610624,1679382610818
1679382610824,1679382610830
1679382610845,1679382610881
1679382610813,1679382610984
1679382611012,1679382611024
1679382611007,1679382611039
1679382610920,1679382611122
1679382611128,1679382611144
1679382611117,1679382611200
1679382611264,1679382611338
1679382611273,1679382611341
1679382611282,1679382611345
1679382611345,1679382611358
1679382611232,1679382611396
1679382611393,1679382611448
1679382611427,1679382611465
1679382611480,1679382611525
1679382611524,1679382611593
1679382611503,1679382611595
1679382611512,1679382611602
1679382611542,1679382611642
1679382611617,1679382611676
1679382611728,1679382611741
1679382611669,1679382611783
1679382611749,1679382611799
1679382611785,1679382611812
1679382611856,1679382611867
1679382611532,1679382611876
1679382611811,1679382611881
1679382611925,1679382611932
1679382611845,1679382611935
1679382611600,1679382611936
1679382611725,1679382611948
1679382611936,1679382611971
1679382611594,1679382612075
1679382611820,1679382612092
1679382612202,1679382612213
1679382612080,1679382612222
1679382612073,1679382612266
1679382612054,1679382612281
1679382611892,1679382612283
1679382611964,1679382612311
1679382612289,1679382612313
1679382612177,1679382612360
1679382612345,1679382612373
1679382612365,1679382612386
1679382612061,1679382612418
1679382611525,1679382612418
1679382612369,1679382612458
1679382612314,1679382612469
1679382611804,1679382612492
1679382612472,1679382612523
1679382611873,1679382612543
1679382612511,1679382612578
1679382612369,1679382612580
1679382612612,1679382612641
1679382612541,1679382612695
1679382612436,1679382612735
1679382612631,1679382612744
1679382612672,1679382612768
1679382612724,1679382612768
1679382612604,1679382612790
1679382612596,1679382612823
1679382612547,1679382612827
1679382612812,1679382612834
1679382612613,1679382612836
1679382612652,1679382612839
1679382612317,1679382612871
1679382612390,1679382612871
1679382612117,1679382612886
1679382612863,1679382612909
1679382612900,1679382612913
1679382612543,1679382612958
1679382612936,1679382612959
1679382612964,1679382612969
1679382613001,1679382613017
1679382613028,1679382613035
1679382613083,1679382613116
1679382613097,1679382613165
1679382613016,1679382613189
1679382613163,1679382613197
1679382613308,1679382613315
1679382613298,1679382613317
1679382613331,1679382613352
1679382613357,1679382613371
1679382613295,1679382613399
1679382613480,1679382613543
1679382613528,1679382613558
1679382613516,1679382613565
1679382613620,1679382613626
1679382613552,1679382613644
1679382613656,1679382613675
1679382613622,1679382613710
1679382613732,1679382613759
1679382613800,1679382613802
1679382613748,1679382613808
1679382613846,1679382613878
1679382613888,1679382613922
1679382613896,1679382613996
1679382614074,1679382614078
1679382614101,1679382614109
1679382614128,1679382614151
1679382614164,1679382614203
1679382614248,1679382614290
1679382614291,1679382614312
1679382614371,1679382614400
1679382614368,1679382614405
1679382614392,1679382614432
1679382614397,1679382614509
1679382614495,1679382614523
1679382614484,1679382614550
1679382614552,1679382614565
1679382614634,1679382614649
1679382614632,1679382614716
1679382614539,1679382614718
1679382614654,1679382614723
1679382614740,1679382614747
1679382614758,1679382614765
1679382614843,1679382614846
1679382614848,1679382614868
1679382614872,1679382614897
1679382614876,1679382614949
1679382614943,1679382614953
1679382614881,1679382614981
1679382614846,1679382615009
1679382614979,1679382615021
1679382615060,1679382615113
1679382615169,1679382615171
1679382615197,1679382615200
1679382615199,1679382615206
1679382615205,1679382615237
1679382615231,1679382615257
1679382615240,1679382615312
1679382615279,1679382615332
1679382615296,1679382615337
1679382615301,1679382615364
1679382615347,1679382615406
1679382615375,1679382615444
1679382615308,1679382615447
1679382615294,1679382615455
1679382615477,1679382615517
1679382615494,1679382615541
1679382615252,1679382615558
1679382615436,1679382615569
1679382615566,1679382615618
1679382615507,1679382615625
1679382615463,1679382615686
1679382615594,1679382615739
1679382615682,1679382615739
1679382615754,1679382615775
1679382615473,1679382615796
1679382615838,1679382615847
1679382615717,1679382615867
1679382615656,1679382615887
1679382615795,1679382615902
1679382615779,1679382615907
1679382615632,1679382615930
1679382615564,1679382615979
1679382615620,1679382615989
1679382615632,1679382615998
1679382615692,1679382616003
1679382615983,1679382616029
1679382615463,1679382616035
1679382615937,1679382616071
1679382615920,1679382616124
1679382616059,1679382616127
1679382616099,1679382616151
1679382616100,1679382616164
1679382616174,1679382616219
1679382616148,1679382616249
1679382616220,1679382616261
1679382616231,1679382616283
1679382616183,1679382616320
1679382616100,1679382616323
1679382616024,1679382616348
1679382616190,1679382616357
1679382616351,1679382616398
1679382616233,1679382616417
1679382616184,1679382616430
1679382616243,1679382616445
1679382616215,1679382616458
1679382616462,1679382616482
1679382616485,1679382616532
1679382616516,1679382616603
1679382616548,1679382616629
1679382616651,1679382616711
1679382616709,1679382616730
1679382616728,1679382616735
1679382616666,1679382616736
1679382616763,1679382616766
1679382616902,1679382616941
1679382616988,1679382617004
1679382617004,1679382617013
1679382617047,1679382617088
1679382617189,1679382617232
1679382617244,1679382617249
1679382617325,1679382617334
1679382617250,1679382617369
1679382617404,1679382617407
1679382617501,1679382617537
1679382617644,1679382617676
1679382617725,1679382617758
1679382617758,1679382617839
1679382617840,1679382617851
1679382617805,1679382617881
1679382617943,1679382617955
1679382617994,1679382618037
1679382617967,1679382618111
1679382618101,1679382618118
1679382617944,1679382618148
1679382618156,1679382618159
1679382618167,1679382618170
1679382618011,1679382618236
1679382618256,1679382618268
1679382618198,1679382618277
1679382618277,1679382618315
1679382618392,1679382618409
1679382618399,1679382618449
1679382618404,1679382618455
1679382618456,1679382618495
1679382618534,1679382618591
1679382618584,1679382618617
1679382618653,1679382618677
1679382618652,1679382618680
1679382618691,1679382618696
1679382618512,1679382618710
1679382618700,1679382618722
1679382618820,1679382618850
1679382618722,1679382618935
1679382618800,1679382618935
1679382618964,1679382619004
1679382618746,1679382619060
1679382619029,1679382619073
1679382618741,1679382619096
1679382619084,1679382619115
1679382618776,1679382619148
1679382618933,1679382619155
1679382618998,1679382619158
1679382618899,1679382619184
1679382619185,1679382619193
1679382619204,1679382619213
1679382619047,1679382619229
1679382618870,1679382619238
1679382619236,1679382619272
1679382619313,1679382619331
1679382619253,1679382619331
1679382619378,1679382619399
1679382619457,1679382619507
1679382619642,1679382619680
1679382619652,1679382619695
1679382619677,1679382619711
1679382619753,1679382619757
1679382619795,1679382619806
1679382619777,1679382619834
1679382619822,1679382619840
1679382619807,1679382619908
1679382619888,1679382619994
1679382619825,1679382620103
1679382619865,1679382620104
1679382619959,1679382620120
1679382620045,1679382620121
1679382619943,1679382620151
1679382620029,1679382620155
1679382620103,1679382620155
1679382620205,1679382620276
1679382620349,1679382620374
1679382620324,1679382620414
1679382620419,1679382620424
1679382620416,1679382620432
1679382620413,1679382620441
1679382620475,1679382620520
1679382620515,1679382620533
1679382620533,1679382620546
1679382620525,1679382620563
1679382620602,1679382620604
1679382620596,1679382620638
1679382620581,1679382620655
1679382620497,1679382620661
1679382620585,1679382620681
1679382620655,1679382620690
1679382620489,1679382620704
1679382620688,1679382620738
1679382620621,1679382620749
1679382620767,1679382620774
1679382620805,1679382620841
1679382620909,1679382620965
1679382620993,1679382621009
1679382620997,1679382621037
1679382621066,1679382621076
1679382621033,1679382621156
1679382621145,1679382621196
1679382621277,1679382621283
1679382621250,1679382621309
1679382621285,1679382621354
1679382621305,1679382621375
1679382621362,1679382621387
1679382621405,1679382621416
1679382621324,1679382621425
1679382621557,1679382621575
1679382621612,1679382621637
1679382621645,1679382621712
1679382621805,1679382621816
1679382621897,1679382621905
1679382621929,1679382621942
1679382621920,1679382621979
1679382621941,1679382621987
1679382622039,1679382622043
1679382622056,1679382622062
1679382622029,1679382622077
1679382622039,1679382622082
1679382622036,1679382622085
1679382622078,1679382622098
1679382622089,1679382622139
1679382622089,1679382622148
1679382622137,1679382622177
1679382622144,1679382622203
1679382622158,1679382622234
1679382622229,1679382622243
1679382622211,1679382622285
1679382622301,1679382622343
1679382622207,1679382622354
1679382622284,1679382622390
1679382622192,1679382622400
1679382622161,1679382622408
1679382622441,1679382622460
1679382622473,1679382622584
1679382622537,1679382622587
1679382622536,1679382622611
1679382622596,1679382622666
1679382622590,1679382622692
1679382622724,1679382622733
1679382622692,1679382622739
1679382622706,1679382622752
1679382622581,1679382622780
1679382622852,1679382622869
1679382622473,1679382622881
1679382623037,1679382623055
1679382623051,1679382623069
1679382623051,1679382623088
1679382623192,1679382623205
1679382623131,1679382623227
1679382623248,1679382623299
1679382623265,1679382623306
1679382623168,1679382623334
1679382623376,1679382623385
1679382623377,1679382623397
1679382623360,1679382623417
1679382623424,1679382623428
1679382623493,1679382623512
1679382623632,1679382623656
1679382623503,1679382623659
1679382623609,1679382623683
1679382623665,1679382623699
1679382623704,1679382623745
1679382623752,1679382623776
1679382623755,1679382623821
1679382623709,1679382623829
1679382623888,1679382623922
1679382623948,1679382623963
1679382623925,1679382623964
1679382623948,1679382623979
1679382624080,1679382624112
1679382624113,1679382624159
1679382624180,1679382624189
1679382624189,1679382624227
1679382624116,1679382624324
1679382624193,1679382624410
1679382624168,1679382624426
1679382623988,1679382624459
1679382624225,1679382624462
1679382624215,1679382624498
1679382624485,1679382624511
1679382624445,1679382624566
1679382624582,1679382624609
1679382624298,1679382624642
1679382623900,1679382624644
1679382624625,1679382624671
1679382624688,1679382624770
1679382624564,1679382624815
1679382624229,1679382624850
1679382624838,1679382624859
1679382624857,1679382624873
1679382624860,1679382624981
1679382624889,1679382624985
1679382624673,1679382625007
1679382624990,1679382625020
1679382624195,1679382625053
1679382625100,1679382625110
1679382625152,1679382625201
1679382625137,1679382625201
1679382625179,1679382625205
1679382625202,1679382625317
1679382625225,1679382625385
1679382625285,1679382625388
1679382625231,1679382625411
1679382625351,1679382625435
1679382625273,1679382625448
1679382625337,1679382625453
1679382625449,1679382625504
1679382625548,1679382625595
1679382625705,1679382625714
1679382625810,1679382625816
1679382625820,1679382625828
1679382625828,1679382625833
1679382625789,1679382625868
1679382625950,1679382625961
1679382625920,1679382625994
1679382626066,1679382626096
1679382625990,1679382626112
1679382626110,1679382626125
1679382626026,1679382626146
1679382626282,1679382626369
1679382626217,1679382626373
1679382626362,1679382626416
1679382626295,1679382626443
1679382626448,1679382626463
1679382626312,1679382626488
1679382626562,1679382626592
1679382626449,1679382626633
1679382626507,1679382626633
1679382626328,1679382626638
1679382626344,1679382626657
1679382626602,1679382626693
1679382626685,1679382626698
1679382626769,1679382626779
1679382626777,1679382626809
1679382626817,1679382626825
1679382626829,1679382626842
1679382626905,1679382626926
1679382626881,1679382626955
1679382626950,1679382626986
1679382626901,1679382626990
1679382626994,1679382627006
1679382627045,1679382627062
1679382627065,1679382627070
1679382627010,1679382627097
1679382627065,1679382627193
1679382627025,1679382627209
1679382627236,1679382627278
1679382627429,1679382627543
1679382627649,1679382627700
1679382627721,1679382627800
1679382627772,1679382627870
1679382627790,1679382627906
1679382627813,1679382627914
1679382627889,1679382627950
1679382628190,1679382628266
1679382628258,1679382628283
1679382628301,1679382628377
1679382628185,1679382628407
1679382628373,1679382628443
1679382628287,1679382628466
1679382628797,1679382628859
1679382628812,1679382628882
1679382628877,1679382628915
1679382628978,1679382628987
1679382629064,1679382629110
1679382629085,1679382629163
1679382629209,1679382629279
1679382629362,1679382629366
1679382629359,1679382629370
1679382629444,1679382629474
1679382629394,1679382629475
1679382629703,1679382629760
1679382629834,1679382629917
1679382629891,1679382630063
1679382629757,1679382630071
1679382630052,1679382630085
1679382629914,1679382630151
1679382630168,1679382630217
1679382630233,1679382630272
1679382630369,1679382630376
1679382630336,1679382630457
1679382630465,1679382630520
1679382630521,1679382630668
1679382630696,1679382630701
1679382630742,1679382630746
1679382630778,1679382630796
1679382631054,1679382631145
1679382631100,1679382631165
1679382631093,1679382631225
1679382631234,1679382631250
1679382631275,1679382631300
1679382631264,1679382631323
1679382631448,1679382631485
1679382631499,1679382631615
1679382631679,1679382631730
1679382631702,1679382631745
1679382631786,1679382631832
1679382631764,1679382631849
1679382632048,1679382632096
1679382632100,1679382632190
1679382632224,1679382632242
1679382632335,1679382632378
1679382632253,1679382632379
1679382632458,1679382632504
1679382632501,1679382632543
1679382632558,1679382632565
1679382632580,1679382632609
1679382632657,1679382632834
1679382632820,1679382632922
1679382633076,1679382633102
1679382633168,1679382633182
1679382633130,1679382633191
1679382633265,1679382633269
1679382633184,1679382633297
1679382633479,1679382633531
1679382633459,1679382633551
1679382633519,1679382633640
1679382633579,1679382633655
1679382633741,1679382633746
1679382633816,1679382633826
1679382633871,1679382633876
1679382633912,1679382633922
1679382634044,1679382634076
1679382634089,1679382634111
1679382634228,1679382634262
1679382634282,1679382634324
1679382634323,1679382634381
1679382634320,1679382634434
1679382634440,1679382634526
1679382634477,1679382634608
1679382634800,1679382634909
1679382634903,1679382634983
1679382634989,1679382634999
1679382635045,1679382635129
1679382635152,1679382635157
1679382635173,1679382635218
1679382635249,1679382635311
1679382635289,1679382635353
1679382635215,1679382635381
1679382635404,1679382635422
1679382635477,1679382635488
1679382635590,1679382635650
1679382635609,1679382635660
1679382635634,1679382635680
1679382635884,1679382635906
1679382635914,1679382635956
1679382635930,1679382636003
1679382636239,1679382636303
1679382636308,1679382636328
1679382636369,1679382636397
1679382636387,1679382636400
1679382636432,1679382636435
1679382636556,1679382636578
1679382636488,1679382636582
1679382636633,1679382636717
1679382636597,1679382636740
1679382636765,1679382636799
1679382636801,1679382636840
1679382636824,1679382636897
1679382636854,1679382636955
1679382637052,1679382637089
1679382637277,1679382637302
1679382637522,1679382637591
1679382637601,1679382637617
1679382637593,1679382637624
1679382637563,1679382637653
1679382637773,1679382637776
1679382637784,1679382637804
1679382637796,1679382637810
1679382637863,1679382637871
1679382637805,1679382637880
1679382637924,1679382638022
1679382637927,1679382638039
1679382637964,1679382638045
1679382638105,1679382638188
1679382638160,1679382638210
1679382638472,1679382638481
1679382638493,1679382638545
1679382638679,1679382638787
1679382638791,1679382638819
1679382638869,1679382638958
1679382639013,1679382639043
1679382639200,1679382639212
1679382639260,1679382639270
1679382639210,1679382639276
1679382639291,1679382639345
1679382639028,1679382639381
1679382639335,1679382639388
1679382639324,1679382639423
1679382639273,1679382639469
1679382639569,1679382639633
1679382639689,1679382639711
1679382639724,1679382639754
1679382639872,1679382639920
1679382639955,1679382639959
1679382640056,1679382640066
1679382640377,1679382640484
1679382640482,1679382640521
1679382640575,1679382640594
1679382640622,1679382640641
1679382640631,1679382640670
1679382640601,1679382640728
1679382640672,1679382640729
1679382640661,1679382640738
1679382640883,1679382640900
1679382640926,1679382640980
1679382641063,1679382641086
1679382641176,1679382641193
1679382641125,1679382641214
1679382641111,1679382641218
1679382641181,1679382641273
1679382641341,1679382641363
1679382641347,1679382641389
1679382641533,1679382641550
1679382641892,1679382641912
1679382641971,1679382641994
1679382641975,1679382642003
1679382642096,1679382642108
1679382642155,1679382642172
1679382642214,1679382642231
1679382642243,1679382642257
1679382642253,1679382642268
1679382642434,1679382642522
1679382642508,1679382642559
1679382642548,1679382642560
1679382642590,1679382642596
1679382642611,1679382642619
1679382642695,1679382642718
1679382642817,1679382642833
1679382642745,1679382642843
1679382642910,1679382642920
1679382643237,1679382643259
1679382643265,1679382643274
1679382643260,1679382643293
1679382643292,1679382643311
1679382643497,1679382643502
1679382643709,1679382643793
1679382643710,1679382643806
1679382643757,1679382643895
1679382643882,1679382643987
1679382643889,1679382643995
1679382644011,1679382644020
1679382644031,1679382644085
1679382644030,1679382644109
1679382644147,1679382644207
1679382644398,1679382644419
1679382644497,1679382644553
1679382644593,1679382644598
1679382644561,1679382644616
1679382644657,1679382644676
1679382644651,1679382644734
1679382644881,1679382644928
1679382644957,1679382644967
1679382645039,1679382645063
1679382645105,1679382645118
1679382645104,1679382645119
1679382645169,1679382645173
1679382645238,1679382645247
1679382645311,1679382645339
1679382645685,1679382645690
1679382645665,1679382645697
1679382645672,1679382645772
1679382645797,1679382645864
1679382645971,1679382645979
1679382645841,1679382646032
1679382645947,1679382646033
1679382646140,1679382646151
1679382646391,1679382646430
1679382646451,1679382646461
1679382646445,1679382646491
1679382646549,1679382646553
1679382646517,1679382646646
1679382646709,1679382646762
1679382646767,1679382646771
1679382646801,1679382646810
1679382646844,1679382646900
1679382646820,1679382646952
1679382646732,1679382646960
1679382647056,1679382647093
1679382647060,1679382647096
1679382647063,1679382647137
1679382647138,1679382647224
1679382647477,1679382647480
1679382647468,1679382647482
1679382647403,1679382647515
1679382647651,1679382647658
1679382647638,1679382647681
1679382647657,1679382647695
1679382647696,1679382647708
1679382647677,1679382647723
1679382647728,1679382647780
1679382647705,1679382647812
1679382647713,1679382647843
1679382647721,1679382647888
1679382647649,1679382647929
1679382647683,1679382647933
1679382647668,1679382647947
1679382647664,1679382647950
1679382647708,1679382647961
1679382647669,1679382647966
1679382647673,1679382647994
1679382647714,1679382648008
1679382647899,1679382648104
1679382647664,1679382648123
1679382648091,1679382648152
1679382647691,1679382648159
1679382648022,1679382648258
1679382647934,1679382648268
1679382647645,1679382648277
1679382647714,1679382648284
1679382647685,1679382648290
1679382647966,1679382648300
1679382647724,1679382648326
1679382647984,1679382648340
1679382647698,1679382648354
1679382647732,1679382648361
1679382647690,1679382648404
1679382648348,1679382648427
1679382648327,1679382648484
1679382647690,1679382648484
1679382648281,1679382648485
1679382647691,1679382648495
1679382647917,1679382648525
1679382648521,1679382648576
1679382648617,1679382648620
1679382648577,1679382648646
1679382648390,1679382648728
1679382648384,1679382648729
1679382648812,1679382648818
1679382648913,1679382648974
1679382649301,1679382649315
1679382649370,1679382649408
1679382649400,1679382649412
1679382649472,1679382649492
1679382649512,1679382649542
1679382649513,1679382649544
1679382649586,1679382649597
1679382649573,1679382649610
1679382649633,1679382649669
1679382649677,1679382649757
1679382649786,1679382649820
1679382649740,1679382649838
1679382649817,1679382649859
1679382649811,1679382649910
1679382649882,1679382649966
1679382650015,1679382650042
1679382650038,1679382650063
1679382650061,1679382650076
1679382650076,1679382650167
1679382650144,1679382650206
1679382650077,1679382650243
1679382650067,1679382650283
1679382650287,1679382650364
1679382650305,1679382650400
1679382650298,1679382650430
1679382650185,1679382650457
1679382650202,1679382650460
1679382650028,1679382650508
1679382650116,1679382650513
1679382650265,1679382650566
1679382650310,1679382650587
1679382650509,1679382650609
1679382650571,1679382650613
1679382650359,1679382650626
1679382650552,1679382650634
1679382650493,1679382650699
1679382650664,1679382650714
1679382650670,1679382650722
1679382650617,1679382650725
1679382650526,1679382650735
1679382650735,1679382650751
1679382650420,1679382650834
1679382650865,1679382650878
1679382650869,1679382650902
1679382650901,1679382650906
1679382650890,1679382650930
1679382650956,1679382650981
1679382650951,1679382650993
1679382650991,1679382651017
1679382651052,1679382651060
1679382651104,1679382651111
1679382651145,1679382651177
1679382651192,1679382651198
1679382651211,1679382651250
1679382651270,1679382651288
1679382651266,1679382651292
1679382651310,1679382651328
1679382651348,1679382651354
1679382651488,1679382651505
1679382651333,1679382651528
1679382651531,1679382651544
1679382651319,1679382651621
1679382651350,1679382651679
1679382651691,1679382651703
1679382651587,1679382651714
1679382651711,1679382651770
1679382651672,1679382651776
1679382651732,1679382651789
1679382651843,1679382651866
1679382651876,1679382651920
1679382651951,1679382652047
1679382651939,1679382652048
1679382652094,1679382652102
1679382652017,1679382652132
1679382652215,1679382652290
1679382652267,1679382652309
1679382651918,1679382652369
1679382652021,1679382652387
1679382651906,1679382652446
1679382652439,1679382652462
1679382652390,1679382652463
1679382652027,1679382652469
1679382652242,1679382652484
1679382652422,1679382652512
1679382652230,1679382652516
1679382652531,1679382652537
1679382652185,1679382652573
1679382652564,1679382652601
1679382652567,1679382652625
1679382652591,1679382652632
1679382652606,1679382652644
1679382652670,1679382652677
1679382652676,1679382652689
1679382652694,1679382652751
1679382652714,1679382652760
1679382652766,1679382652770
1679382652776,1679382652803
1679382652734,1679382652846
1679382652884,1679382652927
1679382652916,1679382652941
1679382652938,1679382652959
1679382652990,1679382653046
1679382653034,1679382653079
1679382653026,1679382653099
1679382653106,1679382653115
1679382652960,1679382653139
1679382653050,1679382653148
1679382653088,1679382653156
1679382653236,1679382653242
1679382653174,1679382653252
1679382653255,1679382653295
1679382653325,1679382653335
1679382653360,1679382653446
1679382653431,1679382653451
1679382653370,1679382653502
1679382653462,1679382653503
1679382653403,1679382653512
1679382653520,1679382653588
1679382653614,1679382653643
1679382653623,1679382653661
1679382653607,1679382653684
1679382653708,1679382653755
1679382653728,1679382653764
1679382653847,1679382653851
1679382653854,1679382653865
1679382653880,1679382653900
1679382653711,1679382653925
1679382653731,1679382653929
1679382653905,1679382653973
1679382653932,1679382654030
1679382653955,1679382654072
1679382653959,1679382654095
1679382653947,1679382654096
1679382654110,1679382654119
1679382654146,1679382654150
1679382653912,1679382654179
1679382654080,1679382654207
1679382654210,1679382654222
1679382654052,1679382654223
1679382654245,1679382654255
1679382654230,1679382654300
1679382654242,1679382654310
1679382654246,1679382654380
1679382654348,1679382654410
1679382654441,1679382654454
1679382654452,1679382654585
1679382654592,1679382654631
1679382654569,1679382654656
1679382654614,1679382654672
1679382654496,1679382654673
1679382654592,1679382654689
1679382654584,1679382654726
1679382654595,1679382654767
1679382654762,1679382654767
1679382654710,1679382654790
1679382654688,1679382654806
1679382654739,1679382654825
1679382654788,1679382654825
1679382654857,1679382654861
1679382654884,1679382654896
1679382654924,1679382655062
1679382655055,1679382655097
1679382655068,1679382655142
1679382654925,1679382655146
1679382655144,1679382655165
1679382654832,1679382655172
1679382655103,1679382655176
1679382655195,1679382655249
1679382655306,1679382655346
1679382655394,1679382655443
1679382655423,1679382655472
1679382655352,1679382655476
1679382655471,1679382655511
1679382655540,1679382655544
1679382655471,1679382655581
1679382655598,1679382655645
1679382655649,1679382655660
1679382655651,1679382655689
1679382655551,1679382655742
1679382655751,1679382655782
1679382655787,1679382655799
1679382655782,1679382655804
1679382655649,1679382655819
1679382655768,1679382655843
1679382655763,1679382655848
1679382655864,1679382655880
1679382655867,1679382655914
1679382655930,1679382655944
1679382655819,1679382655957
1679382655951,1679382655986
1679382655927,1679382656014
1679382655989,1679382656035
1679382655870,1679382656053
1679382655987,1679382656124
1679382656126,1679382656130
1679382656112,1679382656139
1679382656178,1679382656270
1679382656219,1679382656283
1679382656334,1679382656391
1679382656189,1679382656406
1679382656335,1679382656415
1679382656227,1679382656470
1679382656449,1679382656487
1679382656471,1679382656492
1679382656322,1679382656530
1679382656568,1679382656600
1679382656538,1679382656643
1679382656567,1679382656739
1679382656698,1679382656778
1679382656759,1679382656801
1679382656655,1679382656810
1679382656860,1679382656868
1679382656999,1679382657006
1679382656863,1679382657020
1679382657099,1679382657142
1679382657223,1679382657236
1679382657188,1679382657257
1679382657243,1679382657298
1679382657286,1679382657316
1679382657353,1679382657400
1679382657371,1679382657485
1679382657486,1679382657492
1679382657505,1679382657517
1679382657453,1679382657527
1679382657457,1679382657528
1679382657510,1679382657540
1679382657559,1679382657564
1679382657695,1679382657766
1679382657761,1679382657851
1679382657859,1679382657865
1679382657826,1679382657867
1679382657866,1679382657879
1679382657803,1679382657929
1679382657909,1679382657978
1679382657986,1679382658042
1679382657978,1679382658062
1679382658020,1679382658077
1679382657885,1679382658092
1679382657924,1679382658114
1679382657890,1679382658124
1679382658011,1679382658160
1679382658072,1679382658222
1679382658123,1679382658228
1679382658230,1679382658242
1679382658255,1679382658276
1679382657904,1679382658276
1679382658119,1679382658329
1679382658290,1679382658370
1679382658278,1679382658370
1679382658331,1679382658478
1679382658472,1679382658482
1679382658397,1679382658504
1679382658538,1679382658549
1679382658518,1679382658556
1679382658446,1679382658591
1679382658622,1679382658629
1679382658625,1679382658645
1679382658590,1679382658673
1679382658698,1679382658782
1679382658802,1679382658820
1679382658889,1679382658907
1679382658902,1679382658933
1679382658911,1679382658940
1679382658876,1679382658944
1679382658965,1679382658977
1679382658918,1679382659061
1679382659057,1679382659148
1679382659163,1679382659179
1679382659174,1679382659207
1679382659241,1679382659246
1679382659306,1679382659332
1679382659344,1679382659353
1679382659438,1679382659508
1679382659448,1679382659518
1679382659402,1679382659525
1679382659349,1679382659589
1679382659446,1679382659597
1679382659572,1679382659607
1679382659563,1679382659612
1679382659652,1679382659740
1679382659630,1679382659754
1679382659694,1679382659776
1679382659694,1679382659816
1679382659770,1679382659840
1679382659762,1679382659899
1679382659664,1679382659954
1679382659894,1679382659954
1679382659866,1679382660007
1679382659983,1679382660010
1679382659630,1679382660020
1679382659794,1679382660064
1679382660061,1679382660117
1679382660118,1679382660148
1679382660122,1679382660169
1679382659997,1679382660212
1679382660194,1679382660254
1679382660080,1679382660283
1679382660280,1679382660299
1679382660336,1679382660359
1679382660272,1679382660387
1679382660369,1679382660410
1679382659848,1679382660416
1679382660268,1679382660448
1679382660082,1679382660476
1679382660401,1679382660559
1679382660057,1679382660585
1679382660452,1679382660594
1679382660363,1679382660616
1679382660439,1679382660653
1679382660530,1679382660719
1679382660669,1679382660726
1679382660735,1679382660800
1679382660527,1679382660838
1679382660735,1679382660841
1679382660847,1679382660866
1679382660827,1679382660886
1679382660879,1679382660894
1679382660983,1679382661000
1679382661065,1679382661076
1679382661099,1679382661107
1679382661073,1679382661130
1679382661043,1679382661136
1679382661038,1679382661139
1679382661190,1679382661232
1679382661202,1679382661313
1679382661156,1679382661342
1679382661320,1679382661347
1679382661327,1679382661373
1679382661402,1679382661416
1679382661411,1679382661436
1679382661408,1679382661495
1679382661439,1679382661520
1679382661511,1679382661573
1679382661570,1679382661580
1679382661609,1679382661635
1679382661663,1679382661681
1679382661918,1679382661970
1679382662012,1679382662092
1679382662123,1679382662175
1679382662045,1679382662177
1679382661972,1679382662201
1679382662145,1679382662221
1679382662125,1679382662221
1679382662315,1679382662330
1679382661968,1679382662377
1679382662375,1679382662396
1679382662318,1679382662396
1679382662391,1679382662430
1679382662355,1679382662444
1679382662396,1679382662468
1679382662464,1679382662481
1679382662547,1679382662554
1679382662532,1679382662569
1679382662568,1679382662614
1679382662527,1679382662624
1679382662659,1679382662676
1679382662515,1679382662678
1679382662672,1679382662720
1679382662448,1679382662738
1679382662690,1679382662739
1679382662463,1679382662750
1679382662460,1679382662767
1679382662767,1679382662778
1679382662761,1679382662849
1679382662896,1679382662902
1679382662924,1679382662938
1679382663008,1679382663028
1679382663035,1679382663080
1679382663031,1679382663103
1679382663026,1679382663125
1679382663148,1679382663167
1679382663166,1679382663193
1679382663042,1679382663214
1679382663204,1679382663242
1679382662982,1679382663330
1679382663156,1679382663333
1679382663284,1679382663335
1679382663223,1679382663348
1679382662805,1679382663356
1679382663544,1679382663552
1679382663556,1679382663566
1679382663449,1679382663581
1679382663471,1679382663608
1679382663639,1679382663646
1679382663696,1679382663794
1679382663788,1679382663837
1679382663828,1679382663840
1679382663852,1679382663897
1679382664064,1679382664070
1679382664056,1679382664081
1679382664016,1679382664147
1679382664134,1679382664160
1679382664200,1679382664273
1679382664167,1679382664299
1679382664144,1679382664347
1679382664348,1679382664353
1679382664292,1679382664370
1679382664353,1679382664374
1679382664372,1679382664424
1679382664448,1679382664464
1679382664345,1679382664487
1679382664420,1679382664509
1679382664508,1679382664541
1679382664589,1679382664600
1679382664644,1679382664661
1679382664620,1679382664689
1679382664671,1679382664698
1679382664732,1679382664749
1679382664744,1679382664784
1679382664784,1679382664823
1679382664827,1679382664886
1679382664888,1679382664893
1679382664944,1679382664964
1679382664924,1679382665026
1679382664993,1679382665041
1679382664992,1679382665093
1679382664960,1679382665105
1679382665084,1679382665105
1679382665109,1679382665116
1679382665136,1679382665142
1679382665164,1679382665185
1679382665192,1679382665196
1679382665216,1679382665241
1679382665225,1679382665275
1679382665275,1679382665285
1679382665317,1679382665352
1679382665269,1679382665366
1679382665380,1679382665387
1679382665442,1679382665554
1679382665469,1679382665555
1679382665569,1679382665583
1679382665569,1679382665598
1679382665681,1679382665691
1679382665688,1679382665747
1679382665780,1679382665824
1679382665653,1679382665833
1679382665816,1679382665834
1679382665813,1679382665841
1679382665826,1679382665844
1679382665824,1679382665898
1679382665741,1679382665902
1679382665923,1679382665927
1679382665941,1679382665966
1679382665961,1679382665990
1679382666038,1679382666097
1679382666079,1679382666107
1679382666053,1679382666114
1679382666165,1679382666188
1679382666169,1679382666207
1679382666155,1679382666276
1679382666165,1679382666296
1679382666443,1679382666449
1679382666366,1679382666479
1679382666488,1679382666522
1679382666511,1679382666594
1679382666482,1679382666607
1679382666657,1679382666702
1679382666644,1679382666713
1679382666668,1679382666774
1679382666778,1679382666826
1679382666798,1679382666828
1679382666835,1679382666856
1679382666882,1679382666888
1679382666905,1679382666921
1679382666849,1679382666935
1679382666989,1679382667003
1679382667006,1679382667027
1679382667069,1679382667094
1679382667082,1679382667150
1679382666865,1679382667168
1679382667221,1679382667225
1679382667185,1679382667237
1679382667173,1679382667260
1679382667273,1679382667294
1679382667286,1679382667335
1679382667280,1679382667396
1679382667382,1679382667397
1679382667375,1679382667417
1679382667280,1679382667418
1679382667241,1679382667434
1679382667430,1679382667444
1679382667526,1679382667546
1679382667501,1679382667624
1679382667583,1679382667655
1679382667597,1679382667718
1679382667709,1679382667731
1679382667761,1679382667771
1679382667794,1679382667833
1679382667822,1679382667857
1679382667737,1679382667888
1679382667845,1679382667918
1679382667901,1679382667930
1679382667965,1679382667970
1679382667968,1679382667990
1679382668007,1679382668035
1679382668010,1679382668063
1679382668097,1679382668123
1679382668069,1679382668127
1679382668145,1679382668296
1679382667999,1679382668352
1679382668365,1679382668371
1679382668393,1679382668398
1679382668293,1679382668414
1679382668469,1679382668477
1679382668562,1679382668567
1679382668509,1679382668605
1679382668605,1679382668701
1679382668757,1679382668768
1679382668769,1679382668805
1679382668810,1679382668886
1679382668914,1679382668953
1679382669042,1679382669081
1679382669141,1679382669178
1679382669158,1679382669195
1679382669038,1679382669221
1679382669197,1679382669223
1679382669120,1679382669226
1679382669094,1679382669263
1679382669281,1679382669289
1679382669237,1679382669331
1679382669328,1679382669348
1679382669353,1679382669355
1679382669380,1679382669386
1679382669324,1679382669444
1679382669428,1679382669464
1679382669404,1679382669466
1679382669364,1679382669487
1679382669522,1679382669536
1679382669584,1679382669593
1679382669562,1679382669593
1679382669758,1679382669822
1679382669856,1679382669959
1679382669872,1679382669961
1679382669841,1679382669983
1679382669949,1679382670007
1679382670045,1679382670083
1679382669904,1679382670087
1679382669824,1679382670103
1679382670117,1679382670124
1679382670148,1679382670158
1679382670157,1679382670165
1679382670248,1679382670257
1679382670265,1679382670269
1679382670365,1679382670466
1679382670292,1679382670487
1679382670498,1679382670507
1679382670469,1679382670546
1679382670505,1679382670549
1679382670501,1679382670578
1679382670656,1679382670696
1679382670653,1679382670710
1679382670656,1679382670735
1679382670761,1679382670789
1679382670704,1679382670830
1679382670740,1679382670838
1679382670883,1679382670896
1679382670880,1679382670917
1679382670860,1679382670932
1679382670880,1679382670955
1679382671113,1679382671172
1679382671173,1679382671183
1679382671184,1679382671194
1679382671265,1679382671321
1679382671246,1679382671368
1679382671281,1679382671375
1679382671394,1679382671492
1679382671353,1679382671563
1679382671488,1679382671571
1679382671488,1679382671596
1679382671696,1679382671702
1679382671609,1679382671784
1679382671734,1679382671790
1679382671754,1679382671814
1679382671793,1679382671826
1679382671803,1679382671846
1679382671823,1679382671894
1679382671846,1679382671938
1679382671940,1679382672021
1679382671936,1679382672072
1679382671992,1679382672122
1679382671936,1679382672136
1679382672072,1679382672151
1679382672184,1679382672227
1679382672173,1679382672243
1679382672197,1679382672267
1679382672235,1679382672271
1679382672213,1679382672305
1679382672201,1679382672330
1679382672336,1679382672375
1679382672446,1679382672484
1679382672397,1679382672494
1679382672509,1679382672522
1679382672429,1679382672540
1679382672479,1679382672556
1679382672600,1679382672619
1679382672671,1679382672697
1679382672752,1679382672761
1679382672637,1679382672797
1679382672792,1679382672841
1679382672860,1679382672885
1679382672874,1679382672936
1679382672845,1679382672945
1679382672843,1679382672992
1679382672862,1679382672997
1679382672933,1679382673028
1679382673021,1679382673081
1679382673137,1679382673146
1679382673191,1679382673204
1679382673260,1679382673327
1679382673270,1679382673366
1679382673368,1679382673393
1679382673353,1679382673437
1679382673428,1679382673439
1679382673608,1679382673674
1679382673704,1679382673716
1679382673699,1679382673734
1679382673707,1679382673741
1679382673776,1679382673811
1679382673776,1679382673846
1679382673764,1679382673849
1679382673872,1679382673878
1679382673860,1679382673945
1679382673808,1679382673946
1679382673974,1679382674036
1679382673961,1679382674062
1679382673916,1679382674069
1679382674084,1679382674093
1679382673991,1679382674147
1679382674123,1679382674165
1679382674100,1679382674183
1679382674161,1679382674183
1679382674171,1679382674216
1679382674216,1679382674227
1679382674191,1679382674232
1679382674220,1679382674245
1679382674280,1679382674328
1679382674263,1679382674340
1679382674468,1679382674479
1679382674412,1679382674500
1679382674500,1679382674512
1679382674475,1679382674560
1679382674608,1679382674621
1679382674636,1679382674650
1679382674713,1679382674730
1679382674704,1679382674749
1679382674729,1679382674766
1679382674707,1679382674784
1679382674761,1679382674795
1679382674909,1679382674951
1679382675076,1679382675098
1679382675156,1679382675163
1679382675176,1679382675182
1679382675116,1679382675185
1679382675156,1679382675192
1679382675268,1679382675309
1679382675291,1679382675343
1679382675252,1679382675345
1679382675381,1679382675387
1679382675477,1679382675543
1679382675580,1679382675617
1679382675588,1679382675619
1679382675656,1679382675661
1679382675715,1679382675736
1679382675696,1679382675904
1679382675717,1679382675916
1679382675864,1679382675944
1679382675929,1679382675983
1679382675840,1679382675986
1679382675760,1679382676008
1679382675983,1679382676027
1679382675921,1679382676035
1679382676030,1679382676096
1679382676093,1679382676097
1679382675878,1679382676105
1679382676023,1679382676114
1679382676121,1679382676137
1679382675907,1679382676143
1679382676108,1679382676168
1679382676096,1679382676184
1679382676171,1679382676226
1679382676047,1679382676232
1679382676253,1679382676317
1679382676386,1679382676427
1679382676461,1679382676467
1679382676449,1679382676476
1679382676517,1679382676614
1679382676613,1679382676640
1679382676613,1679382676717
1679382676697,1679382676729
1679382676697,1679382676768
1679382676769,1679382676784
1679382676821,1679382676827
1679382676765,1679382676837
1679382676948,1679382676964
1679382676873,1679382677028
1679382677025,1679382677032
1679382676874,1679382677048
1679382677011,1679382677158
1679382677238,1679382677277
1679382677286,1679382677302
1679382677336,1679382677346
1679382677344,1679382677365
1679382677420,1679382677446
1679382677482,1679382677503
1679382677509,1679382677528
1679382677589,1679382677596
1679382677611,1679382677630
1679382677677,1679382677691
1679382677761,1679382677808
1679382677804,1679382677900
1679382677961,1679382677966
1679382677789,1679382677978
1679382677982,1679382678070
1679382678222,1679382678246
1679382678232,1679382678271
1679382678257,1679382678272
1679382678310,1679382678361
1679382678329,1679382678487
1679382678489,1679382678499
1679382678373,1679382678499
1679382678381,1679382678552
1679382678497,1679382678592
1679382678485,1679382678616
1679382678319,1679382678623
1679382678740,1679382678751
1679382678814,1679382678840
1679382678861,1679382678867
1679382678837,1679382678931
1679382678893,1679382678997
1679382679023,1679382679043
1679382679017,1679382679122
1679382679134,1679382679159
1679382679149,1679382679203
1679382679229,1679382679242
1679382679240,1679382679260
1679382679361,1679382679384
1679382679365,1679382679385
1679382679457,1679382679472
1679382679545,1679382679562
1679382679589,1679382679622
1679382679553,1679382679688
1679382679680,1679382679700
1679382679797,1679382679992
1679382679932,1679382680006
1679382679857,1679382680065
1679382679749,1679382680078
1679382679745,1679382680085
1679382680037,1679382680100
1679382680080,1679382680188
1679382680230,1679382680261
1679382680277,1679382680314
1679382680284,1679382680342
1679382680368,1679382680390
1679382680389,1679382680465
1679382680430,1679382680465
1679382680563,1679382680578
1679382680648,1679382680655
1679382680556,1679382680657
1679382680588,1679382680681
1679382680652,1679382680765
1679382680788,1679382680795
1679382680925,1679382680972
1679382681004,1679382681025
1679382681073,1679382681102
1679382681109,1679382681129
1679382681145,1679382681179
1679382681172,1679382681187
1679382681193,1679382681231
1679382681222,1679382681287
1679382681236,1679382681300
1679382681286,1679382681304
1679382681449,1679382681459
1679382681349,1679382681488
1679382681496,1679382681503
1679382681574,1679382681579
1679382681569,1679382681596
1679382681710,1679382681719
1679382681724,1679382681757
1679382681721,1679382681860
1679382681881,1679382681919
1679382681865,1679382681926
1679382681969,1679382681975
1679382682125,1679382682159
1679382682172,1679382682229
1679382682186,1679382682232
1679382682253,1679382682257
1679382682142,1679382682328
1679382682245,1679382682359
1679382682504,1679382682528
1679382682534,1679382682542
1679382682496,1679382682551
1679382682661,1679382682716
1679382682741,1679382682755
1679382682814,1679382682832
1679382682833,1679382682842
1679382682918,1679382682959
1679382682890,1679382683006
1679382682866,1679382683037
1679382682898,1679382683040
1679382683034,1679382683054
1679382682857,1679382683061
1679382683086,1679382683256
1679382683254,1679382683282
1679382683229,1679382683295
1679382683390,1679382683461
1679382683583,1679382683593
1679382683643,1679382683658
1679382683645,1679382683661
1679382683761,1679382683766
1679382683770,1679382683778
1679382683794,1679382683803
1679382683809,1679382683828
1679382683861,1679382683897
1679382683901,1679382683912
1679382683910,1679382683942
1679382683978,1679382683983
1679382684029,1679382684034
1679382684049,1679382684164
1679382684185,1679382684233
1679382684087,1679382684286
1679382684371,1679382684388
1679382684627,1679382684651
1679382684905,1679382684908
1679382684899,1679382684930
1679382684941,1679382684946
1679382684961,1679382685012
1679382684973,1679382685018
1679382684997,1679382685102
1679382685045,1679382685102
1679382685009,1679382685110
1679382685230,1679382685236
1679382685217,1679382685246
1679382685330,1679382685479
1679382685491,1679382685564
1679382685581,1679382685603
1679382685567,1679382685643
1679382685635,1679382685658
1679382685502,1679382685666
1679382685689,1679382685695
1679382685598,1679382685701
1679382685866,1679382685905
1679382685898,1679382685905
1679382685916,1679382685923
1679382685851,1679382685945
1679382686250,1679382686256
1679382686322,1679382686333
1679382686507,1679382686527
1679382686603,1679382686652
1679382686657,1679382686738
1679382686678,1679382686781
1679382686738,1679382686793
1679382686849,1679382686871
1679382686792,1679382686941
1679382686844,1679382686956
1679382686778,1679382687047
1679382687084,1679382687125
1679382686894,1679382687177
1679382687170,1679382687244
1679382687182,1679382687248
1679382687043,1679382687275
1679382687413,1679382687456
1679382687368,1679382687486
1679382687003,1679382687499
1679382687299,1679382687587
1679382687677,1679382687690
1679382687699,1679382687704
1679382687786,1679382687790
1679382687650,1679382687813
1679382687867,1679382687920
1679382687968,1679382687996
1679382687995,1679382688011
1679382688085,1679382688090
1679382688104,1679382688110
1679382688099,1679382688112
1679382688097,1679382688118
1679382688110,1679382688133
1679382688120,1679382688141
1679382688114,1679382688173
1679382688160,1679382688252
1679382688180,1679382688283
1679382688132,1679382688293
1679382688124,1679382688301
1679382688178,1679382688355
1679382688140,1679382688503
1679382688169,1679382688509
1679382688446,1679382688528
1679382688187,1679382688566
1679382688169,1679382688569
1679382688316,1679382688609
1679382688149,1679382688634
1679382688120,1679382688687
1679382688622,1679382688730
1679382688696,1679382688778
1679382688444,1679382688790
1679382688143,1679382688813
1679382688501,1679382688835
1679382688523,1679382688847
1679382688101,1679382688865
1679382688185,1679382688866
1679382688170,1679382688909
1679382688129,1679382688941
1679382688196,1679382688996
1679382688156,1679382688997
1679382688151,1679382688998
1679382688795,1679382689044
1679382688175,1679382689049
1679382688128,1679382689053
1679382688880,1679382689095
1679382688704,1679382689124
1679382688296,1679382689137
1679382688148,1679382689179
1679382688138,1679382689193
1679382689080,1679382689213
1679382689217,1679382689231
1679382688958,1679382689278
1679382688217,1679382689278
1679382689265,1679382689288
1679382689157,1679382689400
1679382689359,1679382689416
1679382689356,1679382689433
1679382689382,1679382689467
1679382689457,1679382689551
1679382689511,1679382689588
1679382689608,1679382689643
1679382689721,1679382689767
1679382689772,1679382689778
1679382689745,1679382689778
1679382689765,1679382689790
1679382689768,1679382689838
1679382689821,1679382689839
1679382689757,1679382689841
1679382690004,1679382690023
1679382690049,1679382690077
1679382690126,1679382690128
1679382690113,1679382690210
1679382690209,1679382690217
1679382690297,1679382690369
1679382690385,1679382690483
1679382690502,1679382690522
1679382690567,1679382690576
1679382690578,1679382690647
1679382690643,1679382690675
1679382690668,1679382690679
1679382690606,1679382690734
1679382690752,1679382690774
1679382690765,1679382690875
1679382690891,1679382690907
1679382690905,1679382690934
1679382691000,1679382691022
1679382690865,1679382691036
1679382690986,1679382691039
1679382690855,1679382691059
1679382691058,1679382691110
1679382691152,1679382691191
1679382691061,1679382691191
1679382691016,1679382691242
1679382691079,1679382691252
1679382691190,1679382691254
1679382690942,1679382691267
1679382690795,1679382691272
1679382691176,1679382691290
1679382691191,1679382691292
1679382691287,1679382691332
1679382691332,1679382691349
1679382691070,1679382691357
1679382690923,1679382691381
1679382691380,1679382691440
1679382691484,1679382691492
1679382691502,1679382691523
1679382691517,1679382691548
1679382691137,1679382691582
1679382691576,1679382691613
1679382691598,1679382691613
1679382691167,1679382691631
1679382691541,1679382691686
1679382691622,1679382691717
1679382691698,1679382691741
1679382691289,1679382691741
1679382691706,1679382691833
1679382691614,1679382691840
1679382691605,1679382691852
1679382691606,1679382691869
1679382691620,1679382691872
1679382691639,1679382691896
1679382691667,1679382691896
1679382691920,1679382691922
1679382691782,1679382691949
1679382691946,1679382691958
1679382691933,1679382692030
1679382691903,1679382692056
1679382692087,1679382692094
1679382692301,1679382692335
1679382692302,1679382692345
1679382692276,1679382692351
1679382692419,1679382692454
1679382692358,1679382692474
1679382692441,1679382692528
1679382692440,1679382692543
1679382692622,1679382692649
1679382692662,1679382692716
1679382692630,1679382692747
1679382692692,1679382692797
1679382692785,1679382692806
1679382692841,1679382692858
1679382692792,1679382692864
1679382692802,1679382692868
1679382692875,1679382692891
1679382692744,1679382692925
1679382692882,1679382692987
1679382692994,1679382693013
1679382693022,1679382693055
1679382692918,1679382693067
1679382693007,1679382693108
1679382693067,1679382693114
1679382693183,1679382693242
1679382693237,1679382693268
1679382693266,1679382693321
1679382693162,1679382693323
1679382693163,1679382693373
1679382693269,1679382693377
1679382693351,1679382693387
1679382693103,1679382693404
1679382693402,1679382693445
1679382693418,1679382693448
1679382693438,1679382693466
1679382693511,1679382693550
1679382693555,1679382693583
1679382693474,1679382693604
1679382693577,1679382693604
1679382693679,1679382693685
1679382693010,1679382693712
1679382693698,1679382693712
1679382693690,1679382693759
1679382693632,1679382693775
1679382693642,1679382693775
1679382693731,1679382693779
1679382693813,1679382693825
1679382693899,1679382693911
1679382693714,1679382693952
1679382693582,1679382693985
1679382693753,1679382694036
1679382693930,1679382694042
1679382694032,1679382694071
1679382693798,1679382694087
1679382693800,1679382694102
1679382693782,1679382694145
1679382694168,1679382694180
1679382694087,1679382694189
1679382694104,1679382694200
1679382694086,1679382694216
1679382693883,1679382694226
1679382693911,1679382694314
1679382694134,1679382694375
1679382694321,1679382694376
1679382694137,1679382694430
1679382694429,1679382694480
1679382694149,1679382694511
1679382694254,1679382694515
1679382694390,1679382694558
1679382694312,1679382694566
1679382694409,1679382694612
1679382694520,1679382694623
1679382694290,1679382694838
1679382694852,1679382694871
1679382694605,1679382694896
1679382694550,1679382694904
1679382694732,1679382694920
1679382694904,1679382694941
1679382694640,1679382694970
1679382694889,1679382694970
1679382694260,1679382694970
1679382694722,1679382695046
1679382694994,1679382695050
1679382694592,1679382695092
1679382694954,1679382695122
1679382695157,1679382695187
1679382695088,1679382695192
1679382695036,1679382695201
1679382694970,1679382695203
1679382695240,1679382695271
1679382695253,1679382695303
1679382694728,1679382695332
1679382695222,1679382695370
1679382695337,1679382695409
1679382695364,1679382695437
1679382695220,1679382695469
1679382695402,1679382695486
1679382695317,1679382695491
1679382695512,1679382695535
1679382695450,1679382695549
1679382695543,1679382695592
1679382695644,1679382695669
1679382695736,1679382695759
1679382695684,1679382695770
1679382695819,1679382695824
1679382695837,1679382695890
1679382695842,1679382695954
1679382695896,1679382695994
1679382695972,1679382695999
1679382695935,1679382696016
1679382695844,1679382696030
1679382696031,1679382696046
1679382695981,1679382696048
1679382696073,1679382696092
1679382696077,1679382696099
1679382696129,1679382696168
1679382696188,1679382696236
1679382696139,1679382696243
1679382696243,1679382696351
1679382696308,1679382696363
1679382696330,1679382696375
1679382696316,1679382696385
1679382696410,1679382696426
1679382696430,1679382696439
1679382696419,1679382696476
1679382696467,1679382696477
1679382696459,1679382696534
1679382696332,1679382696550
1679382696458,1679382696568
1679382696443,1679382696630
1679382696475,1679382696632
1679382696619,1679382696678
1679382696702,1679382696706
1679382696688,1679382696723
1679382696810,1679382696850
1679382696867,1679382696885
1679382696805,1679382696916
1679382696844,1679382696946
1679382696919,1679382696963
1679382696846,1679382696986
1679382696944,1679382697006
1679382697086,1679382697117
1679382697118,1679382697132
1679382697047,1679382697155
1679382697116,1679382697186
1679382697142,1679382697207
1679382697079,1679382697249
1679382697201,1679382697253
1679382697207,1679382697265
1679382697102,1679382697289
1679382697251,1679382697314
1679382697315,1679382697341
1679382697373,1679382697375
1679382697356,1679382697390
1679382697166,1679382697413
1679382697282,1679382697444
1679382697419,1679382697448
1679382697454,1679382697504
1679382697479,1679382697507
1679382697548,1679382697553
1679382697579,1679382697603
1679382697619,1679382697645
1679382697655,1679382697714
1679382697811,1679382697824
1679382697817,1679382697835
1679382697851,1679382697885
1679382697919,1679382697959
1679382697827,1679382697960
1679382697935,1679382697974
1679382697961,1679382698021
1679382698014,1679382698050
1679382698027,1679382698063
1679382698050,1679382698105
1679382698038,1679382698121
1679382698124,1679382698139
1679382698232,1679382698253
1679382698227,1679382698326
1679382698240,1679382698381
1679382698358,1679382698388
1679382698232,1679382698493
1679382698322,1679382698494
1679382698318,1679382698551
1679382698543,1679382698587
1679382698385,1679382698609
1679382698349,1679382698644
1679382698720,1679382698736
1679382698776,1679382698784
1679382698919,1679382698941
1679382699003,1679382699018
1679382698995,1679382699026
1679382699192,1679382699215
1679382699150,1679382699231
1679382699243,1679382699267
1679382699271,1679382699285
1679382699291,1679382699328
1679382699338,1679382699348
1679382699356,1679382699401
1679382699243,1679382699402
1679382699370,1679382699433
1679382699379,1679382699471
1679382699338,1679382699473
1679382699319,1679382699508
1679382699566,1679382699577
1679382699563,1679382699588
1679382699602,1679382699611
1679382699539,1679382699625
1679382699609,1679382699642
1679382699331,1679382699644
1679382699651,1679382699660
1679382699654,1679382699663
1679382699414,1679382699666
1679382699656,1679382699699
1679382699694,1679382699722
1679382699639,1679382699764
1679382699727,1679382699864
1679382699758,1679382699892
1679382699895,1679382699943
1679382699762,1679382699953
1679382699751,1679382699955
1679382699764,1679382700048
1679382699926,1679382700075
1679382699760,1679382700088
1679382699739,1679382700100
1679382700029,1679382700105
1679382699768,1679382700129
1679382700127,1679382700151
1679382700118,1679382700174
1679382700051,1679382700187
1679382700154,1679382700191
1679382699915,1679382700241
1679382700232,1679382700261
1679382700075,1679382700324
1679382700122,1679382700346
1679382700318,1679382700348
1679382700400,1679382700403
1679382700291,1679382700411
1679382700189,1679382700417
1679382700332,1679382700417
1679382700329,1679382700430
1679382700421,1679382700469
1679382700335,1679382700518
1679382700374,1679382700526
1679382700218,1679382700626
1679382700626,1679382700632
1679382700574,1679382700656
1679382700649,1679382700665
1679382700633,1679382700697
1679382700724,1679382700756
1679382700750,1679382700816
1679382700778,1679382700871
1679382700840,1679382700890
1679382700715,1679382700937
1679382700970,1679382701015
1679382700855,1679382701018
1679382701098,1679382701125
1679382701022,1679382701131
1679382701130,1679382701146
1679382701174,1679382701233
1679382701250,1679382701281
1679382701286,1679382701295
1679382701182,1679382701334
1679382701300,1679382701337
1679382701330,1679382701341
1679382701351,1679382701373
1679382701381,1679382701447
1679382701450,1679382701463
1679382701381,1679382701500
1679382701503,1679382701593
1679382701610,1679382701653
1679382701667,1679382701702
1679382701741,1679382701757
1679382701763,1679382701776
1679382701682,1679382701776
1679382701792,1679382701821
1679382701805,1679382701843
1679382701863,1679382701908
1679382701877,1679382701911
1679382701773,1679382701927
1679382701830,1679382701956
1679382701959,1679382701974
1679382702004,1679382702026
1679382702096,1679382702128
1679382702214,1679382702284
1679382702126,1679382702297
1679382702131,1679382702317
1679382702328,1679382702350
1679382702193,1679382702355
1679382702397,1679382702406
1679382702427,1679382702444
1679382702387,1679382702445
1679382702446,1679382702459
1679382702367,1679382702553
1679382702509,1679382702580
1679382702611,1679382702623
1679382702474,1679382702647
1679382702631,1679382702653
1679382702577,1679382702660
1679382702652,1679382702663
1679382702652,1679382702687
1679382702709,1679382702718
1679382702642,1679382702741
1679382702791,1679382702820
1679382702730,1679382702820
1679382702815,1679382702913
1679382702856,1679382702922
1679382702927,1679382702948
1679382702802,1679382703025
1679382703019,1679382703044
1679382702966,1679382703067
1679382702841,1679382703093
1679382703060,1679382703099
1679382703138,1679382703186
1679382703189,1679382703257
1679382703283,1679382703297
1679382703202,1679382703314
1679382703203,1679382703318
1679382703288,1679382703335
1679382703274,1679382703357
1679382703297,1679382703364
1679382703376,1679382703392
1679382703316,1679382703400
1679382703260,1679382703404
1679382703441,1679382703491
1679382703481,1679382703494
1679382703432,1679382703543
1679382703547,1679382703569
1679382703513,1679382703612
1679382703313,1679382703621
1679382703393,1679382703633
1679382703563,1679382703723
1679382703716,1679382703724
1679382703669,1679382703726
1679382703372,1679382703752
1679382703713,1679382703766
1679382703754,1679382703770
1679382703634,1679382703808
1679382703771,1679382703838
1679382703830,1679382703863
1679382703738,1679382703868
1679382703087,1679382703928
1679382703923,1679382704023
1679382703943,1679382704051
1679382703958,1679382704055
1679382703896,1679382704070
1679382703953,1679382704083
1679382704006,1679382704108
1679382703905,1679382704177
1679382704229,1679382704235
1679382704031,1679382704250
1679382704079,1679382704273
1679382704227,1679382704290
1679382704260,1679382704302
1679382704031,1679382704304
1679382704302,1679382704321
1679382704310,1679382704350
1679382704372,1679382704388
1679382704489,1679382704564
1679382704509,1679382704564
1679382704392,1679382704565
1679382704565,1679382704600
1679382704368,1679382704622
1679382704688,1679382704698
1679382704664,1679382704732
1679382704723,1679382704751
1679382704721,1679382704754
1679382704741,1679382704781
1679382704747,1679382704835
1679382704772,1679382704855
1679382704596,1679382704895
1679382704869,1679382704896
1679382704892,1679382704914
1679382704884,1679382704933
1679382705017,1679382705035
1679382705091,1679382705101
1679382704982,1679382705198
1679382705156,1679382705210
1679382705036,1679382705245
1679382705136,1679382705246
1679382705052,1679382705275
1679382705257,1679382705307
1679382705213,1679382705328
1679382705048,1679382705396
1679382705335,1679382705437
1679382705340,1679382705442
1679382705385,1679382705479
1679382705328,1679382705505
1679382705539,1679382705543
1679382705520,1679382705546
1679382705580,1679382705601
1679382705539,1679382705619
1679382705489,1679382705623
1679382705572,1679382705636
1679382705611,1679382705653
1679382705551,1679382705654
1679382705640,1679382705670
1679382705671,1679382705703
1679382705664,1679382705756
1679382705610,1679382705773
1679382705767,1679382705815
1679382705892,1679382705932
1679382706003,1679382706026
1679382706032,1679382706043
1679382705757,1679382706112
1679382706031,1679382706127
1679382705775,1679382706130
1679382706072,1679382706163
1679382706039,1679382706175
1679382706164,1679382706215
1679382705893,1679382706222
1679382705973,1679382706223
1679382705992,1679382706276
1679382706302,1679382706309
1679382706256,1679382706315
1679382705983,1679382706343
1679382706304,1679382706356
1679382706409,1679382706418
1679382706421,1679382706461
1679382706456,1679382706487
1679382706344,1679382706491
1679382706483,1679382706525
1679382706445,1679382706532
1679382706452,1679382706569
1679382706712,1679382706716
1679382706709,1679382706723
1679382706708,1679382706778
1679382706797,1679382706870
1679382706837,1679382706907
1679382706961,1679382706970
1679382706816,1679382706981
1679382706893,1679382706983
1679382706919,1679382707003
1679382706861,1679382707029
1679382706851,1679382707038
1679382707006,1679382707048
1679382707033,1679382707064
1679382707056,1679382707082
1679382707094,1679382707104
1679382707117,1679382707133
1679382707080,1679382707157
1679382707194,1679382707269
1679382707209,1679382707288
1679382707049,1679382707310
1679382707293,1679382707335
1679382707303,1679382707398
1679382707360,1679382707457
1679382707316,1679382707458
1679382707203,1679382707491
1679382707445,1679382707503
1679382707444,1679382707527
1679382707498,1679382707575
1679382707562,1679382707578
1679382707561,1679382707640
1679382707552,1679382707642
1679382707665,1679382707710
1679382707665,1679382707717
1679382707776,1679382707786
1679382707781,1679382707789
1679382707799,1679382707808
1679382707748,1679382707824
1679382707761,1679382707825
1679382707685,1679382707850
1679382707828,1679382707852
1679382707785,1679382707895
1679382707905,1679382707920
1679382707808,1679382707977
1679382707752,1679382708038
1679382707995,1679382708071
1679382708005,1679382708075
1679382707971,1679382708106
1679382708101,1679382708146
1679382708109,1679382708152
1679382707988,1679382708194
1679382708145,1679382708219
1679382708332,1679382708350
1679382708329,1679382708358
1679382708249,1679382708398
1679382708545,1679382708588
1679382708593,1679382708610
1679382708610,1679382708633
1679382708665,1679382708713
1679382708717,1679382708788
1679382708886,1679382708911
1679382708905,1679382708912
1679382708997,1679382709004
1679382708965,1679382709009
1679382709006,1679382709019
1679382709064,1679382709070
1679382709121,1679382709129
1679382709173,1679382709199
1679382709137,1679382709203
1679382709277,1679382709292
1679382709293,1679382709303
1679382709377,1679382709390
1679382709352,1679382709423
1679382709478,1679382709488
1679382709532,1679382709590
1679382709703,1679382709708
1679382709711,1679382709749
1679382709773,1679382709777
1679382709789,1679382709814
1679382709765,1679382709931
1679382709909,1679382709968
1679382709953,1679382709973
1679382709981,1679382709998
1679382710018,1679382710064
1679382710089,1679382710097
1679382710104,1679382710201
1679382710209,1679382710219
1679382710293,1679382710303
1679382710341,1679382710367
1679382710389,1679382710448
1679382710477,1679382710483
1679382710396,1679382710496
1679382710461,1679382710498
1679382710517,1679382710527
1679382710537,1679382710546
1679382710490,1679382710628
1679382710685,1679382710707
1679382710685,1679382710767
1679382710776,1679382710812
1679382710803,1679382710928
1679382710937,1679382710948
1679382711025,1679382711142
1679382711096,1679382711161
1679382711193,1679382711199
1679382711208,1679382711222
1679382711235,1679382711244
1679382711264,1679382711312
1679382711288,1679382711337
1679382711409,1679382711434
1679382711436,1679382711492
1679382711272,1679382711505
1679382711513,1679382711556
1679382711605,1679382711704
1679382711633,1679382711808
1679382711815,1679382711822
1679382711800,1679382711870
1679382711679,1679382711876
1679382711744,1679382711917
1679382711722,1679382711958
1679382711952,1679382711967
1679382711928,1679382712001
1679382712007,1679382712032
1679382711930,1679382712059
1679382711929,1679382712065
1679382711992,1679382712099
1679382712088,1679382712163
1679382712240,1679382712305
1679382712300,1679382712343
1679382712268,1679382712363
1679382712349,1679382712371
1679382712381,1679382712414
1679382712479,1679382712504
1679382712557,1679382712564
1679382712536,1679382712591
1679382712689,1679382712696
1679382712852,1679382712897
1679382712962,1679382712972
1679382712981,1679382712989
1679382712909,1679382713046
1679382713025,1679382713064
1679382713048,1679382713082
1679382713040,1679382713107
1679382713092,1679382713160
1679382713160,1679382713220
1679382713233,1679382713262
1679382713164,1679382713281
1679382713264,1679382713307
1679382713317,1679382713334
1679382713274,1679382713390
1679382713485,1679382713516
1679382713563,1679382713600
1679382713669,1679382713736
1679382713731,1679382713741
1679382713693,1679382713768
1679382713720,1679382713780
1679382713756,1679382713826
1679382713892,1679382713900
1679382713885,1679382713927
1679382713997,1679382714024
1679382714037,1679382714066
1679382714172,1679382714190
1679382714149,1679382714277
1679382714217,1679382714286
1679382714332,1679382714341
1679382714289,1679382714342
1679382714387,1679382714399
1679382714352,1679382714481
1679382714469,1679382714488
1679382714480,1679382714504
1679382714521,1679382714581
1679382714572,1679382714583
1679382714648,1679382714655
1679382714756,1679382714762
1679382714764,1679382714767
1679382714768,1679382714795
1679382714868,1679382714945
1679382714883,1679382714960
1679382714778,1679382714965
1679382714844,1679382714993
1679382715016,1679382715025
1679382715088,1679382715115
1679382715072,1679382715121
1679382715079,1679382715140
1679382715074,1679382715193
1679382715237,1679382715249
1679382715399,1679382715426
1679382715391,1679382715435
1679382715479,1679382715512
1679382715424,1679382715525
1679382715536,1679382715553
1679382715535,1679382715625
1679382715713,1679382715760
1679382715754,1679382715790
1679382715832,1679382715842
1679382715907,1679382715913
1679382715961,1679382716026
1679382716012,1679382716042
1679382716045,1679382716060
1679382716068,1679382716143
1679382716081,1679382716186
1679382716201,1679382716214
1679382716269,1679382716304
1679382716240,1679382716334
1679382716332,1679382716353
1679382716365,1679382716378
1679382716413,1679382716438
1679382716437,1679382716456
1679382716428,1679382716505
1679382716481,1679382716521
1679382716521,1679382716555
1679382716579,1679382716597
1679382716461,1679382716614
1679382716606,1679382716631
1679382716660,1679382716680
1679382716684,1679382716702
1679382716841,1679382716907
1679382716881,1679382716925
1679382716924,1679382716931
1679382716909,1679382716991
1679382717061,1679382717097
1679382717094,1679382717124
1679382717017,1679382717157
1679382717161,1679382717323
1679382717393,1679382717415
1679382717473,1679382717486
1679382717261,1679382717524
1679382717570,1679382717591
1679382717651,1679382717669
1679382717685,1679382717702
1679382717754,1679382717777
1679382717857,1679382717933
1679382717861,1679382717959
1679382717849,1679382718020
1679382717927,1679382718121
1679382718133,1679382718143
1679382717966,1679382718160
1679382718137,1679382718187
1679382718197,1679382718227
1679382717972,1679382718236
1679382718307,1679382718326
1679382718220,1679382718349
1679382718212,1679382718352
1679382718389,1679382718437
1679382718279,1679382718467
1679382718465,1679382718532
1679382718501,1679382718532
1679382718540,1679382718562
1679382718557,1679382718595
1679382718548,1679382718608
1679382718543,1679382718614
1679382718590,1679382718631
1679382718583,1679382718638
1679382718633,1679382718639
1679382718652,1679382718738
1679382718563,1679382718779
1679382718665,1679382718782
1679382718633,1679382718786
1679382718583,1679382718843
1679382718655,1679382718916
1679382718540,1679382718919
1679382718809,1679382718986
1679382718861,1679382719026
1679382718582,1679382719150
1679382719016,1679382719204
1679382718556,1679382719225
1679382718749,1679382719240
1679382718621,1679382719242
1679382718577,1679382719256
1679382718622,1679382719285
1679382719133,1679382719294
1679382718569,1679382719300
1679382718646,1679382719342
1679382718633,1679382719356
1679382718673,1679382719372
1679382718795,1679382719376
1679382719273,1679382719377
1679382718600,1679382719461
1679382718590,1679382719501
1679382718544,1679382719547
1679382718665,1679382719560
1679382718929,1679382719599
1679382719538,1679382719600
1679382718601,1679382719608
1679382719243,1679382719617
1679382718569,1679382719637
1679382718626,1679382719685
1679382718602,1679382719695
1679382719658,1679382719707
1679382719545,1679382719716
1679382718651,1679382719746
1679382718665,1679382719783
1679382718654,1679382719817
1679382719808,1679382719826
1679382719812,1679382719867
1679382718629,1679382719884
1679382719882,1679382719951
1679382719779,1679382720013
1679382719981,1679382720019
1679382719669,1679382720037
1679382720011,1679382720068
1679382720076,1679382720086
1679382719881,1679382720139
1679382719278,1679382720144
1679382720162,1679382720181
1679382719818,1679382720197
1679382720132,1679382720235
1679382720183,1679382720254
1679382720257,1679382720281
1679382720281,1679382720320
1679382720317,1679382720346
1679382718925,1679382720383
1679382720364,1679382720393
1679382720341,1679382720441
1679382720445,1679382720489
1679382720496,1679382720510
1679382720500,1679382720532
1679382720461,1679382720556
1679382720680,1679382720691
1679382720739,1679382720763
1679382720749,1679382720796
1679382720856,1679382720863
1679382720845,1679382720913
1679382720864,1679382720939
1679382720812,1679382720986
1679382720847,1679382721003
1679382720916,1679382721042
1679382720941,1679382721059
1679382720944,1679382721064
1679382721092,1679382721113
1679382721185,1679382721197
1679382721208,1679382721225
1679382721323,1679382721343
1679382721328,1679382721370
1679382721317,1679382721383
1679382721352,1679382721400
1679382721400,1679382721407
1679382721408,1679382721410
1679382721400,1679382721422
1679382721420,1679382721437
1679382721400,1679382721439
1679382721577,1679382721591
1679382721580,1679382721667
1679382721696,1679382721746
1679382721661,1679382721746
1679382721781,1679382721803
1679382721888,1679382721933
1679382721901,1679382721956
1679382721936,1679382721981
1679382721920,1679382722019
1679382722040,1679382722057
1679382721696,1679382722113
1679382722097,1679382722125
1679382722057,1679382722142
1679382721919,1679382722150
1679382721922,1679382722157
1679382722110,1679382722163
1679382722145,1679382722169
1679382722113,1679382722184
1679382721996,1679382722263
1679382722248,1679382722313
1679382722248,1679382722359
1679382722281,1679382722379
1679382722202,1679382722423
1679382722337,1679382722434
1679382722381,1679382722447
1679382722343,1679382722473
1679382722350,1679382722477
1679382722469,1679382722478
1679382722448,1679382722486
1679382722322,1679382722486
1679382722331,1679382722514
1679382722473,1679382722528
1679382722646,1679382722655
1679382722620,1679382722666
1679382722664,1679382722669
1679382722694,1679382722715
1679382722749,1679382722779
1679382722720,1679382722833
1679382722759,1679382722834
1679382722800,1679382722848
1679382722832,1679382722856
1679382722692,1679382722861
1679382722786,1679382722897
1679382722867,1679382722957
1679382722708,1679382723068
1679382723058,1679382723117
1679382723006,1679382723158
1679382723076,1679382723178
1679382722922,1679382723233
1679382723248,1679382723261
1679382723134,1679382723293
1679382723297,1679382723324
1679382723170,1679382723329
1679382723224,1679382723374
1679382723276,1679382723420
1679382722947,1679382723460
1679382723258,1679382723511
1679382723039,1679382723521
1679382723586,1679382723625
1679382723532,1679382723646
1679382723590,1679382723649
1679382722995,1679382723706
1679382723691,1679382723718
1679382723430,1679382723733
1679382722885,1679382723808
1679382723622,1679382723815
1679382723520,1679382723829
1679382723331,1679382723857
1679382723811,1679382723864
1679382723843,1679382723891
1679382723596,1679382723905
1679382723559,1679382723931
1679382723903,1679382723938
1679382723923,1679382723978
1679382723946,1679382723982
1679382724039,1679382724045
1679382724174,1679382724199
1679382724011,1679382724211
1679382724163,1679382724283
1679382724230,1679382724284
1679382723945,1679382724291
1679382724026,1679382724305
1679382724285,1679382724367
1679382724018,1679382724394
1679382724305,1679382724416
1679382724380,1679382724421
1679382724420,1679382724479
1679382724253,1679382724504
1679382724368,1679382724505
1679382724464,1679382724509
1679382724257,1679382724530
1679382724495,1679382724540
1679382724318,1679382724547
1679382724327,1679382724557
1679382724401,1679382724573
1679382724294,1679382724626
1679382724244,1679382724653
1679382724589,1679382724667
1679382724635,1679382724674
1679382724611,1679382724693
1679382724583,1679382724709
1679382724674,1679382724743
1679382724722,1679382724751
1679382724781,1679382724790
1679382724874,1679382724991
1679382724972,1679382724997
1679382724942,1679382725016
1679382724962,1679382725045
1679382724662,1679382725053
1679382724962,1679382725074
1679382725005,1679382725093
1679382724792,1679382725112
1679382724842,1679382725120
1679382724862,1679382725133
1679382724908,1679382725143
1679382725111,1679382725155
1679382725125,1679382725157
1679382725190,1679382725219
1679382725248,1679382725287
1679382725286,1679382725329
1679382725282,1679382725331
1679382725351,1679382725360
1679382725370,1679382725381
1679382725345,1679382725386
1679382725398,1679382725440
1679382725390,1679382725461
1679382725440,1679382725473
1679382725449,1679382725497
1679382725400,1679382725499
1679382725427,1679382725541
1679382725526,1679382725589
1679382725608,1679382725615
1679382725628,1679382725667
1679382725590,1679382725700
1679382725642,1679382725702
1679382725652,1679382725756
1679382725642,1679382725765
1679382725717,1679382725828
1679382725812,1679382725834
1679382725850,1679382725859
1679382725931,1679382725955
1679382725824,1679382725982
1679382725969,1679382726015
1679382726031,1679382726046
1679382725973,1679382726051
1679382726065,1679382726078
1679382726073,1679382726093
1679382726147,1679382726153
1679382726147,1679382726206
1679382726180,1679382726232
1679382726196,1679382726246
1679382726189,1679382726270
1679382726261,1679382726338
1679382726343,1679382726348
1679382726345,1679382726354
1679382726400,1679382726421
1679382726356,1679382726423
1679382726406,1679382726433
1679382726411,1679382726444
1679382726425,1679382726459
1679382726462,1679382726471
1679382726474,1679382726482
1679382726472,1679382726504
1679382726481,1679382726518
1679382726497,1679382726550
1679382726509,1679382726561
1679382726621,1679382726626
1679382726597,1679382726635
1679382726623,1679382726658
1679382726680,1679382726715
1679382726732,1679382726751
1679382726696,1679382726754
1679382726758,1679382726767
1679382726735,1679382726802
1679382726718,1679382726825
1679382726832,1679382726878
1679382726889,1679382726902
1679382727048,1679382727060
1679382726960,1679382727064
1679382726984,1679382727090
1679382727008,1679382727134
1679382727090,1679382727154
1679382727030,1679382727224
1679382726972,1679382727240
1679382726940,1679382727261
1679382727016,1679382727293
1679382727173,1679382727367
1679382727366,1679382727372
1679382727340,1679382727379
1679382727270,1679382727416
1679382727390,1679382727442
1679382727058,1679382727447
1679382727259,1679382727449
1679382727332,1679382727457
1679382727336,1679382727479
1679382727478,1679382727532
1679382727384,1679382727602
1679382727492,1679382727603
1679382727589,1679382727610
1679382727552,1679382727616
1679382727642,1679382727646
1679382727534,1679382727647
1679382727484,1679382727668
1679382727554,1679382727682
1679382727713,1679382727723
1679382727715,1679382727739
1679382727762,1679382727766
1679382727760,1679382727781
1679382727774,1679382727782
1679382727814,1679382727851
1679382727797,1679382727858
1679382727879,1679382727887
1679382727846,1679382727912
1679382727916,1679382727938
1679382727995,1679382728131
1679382728232,1679382728320
1679382728190,1679382728379
1679382728131,1679382728381
1679382728224,1679382728409
1679382728215,1679382728414
1679382728205,1679382728474
1679382728086,1679382728487
1679382728231,1679382728501
1679382728471,1679382728555
1679382728421,1679382728650
1679382728464,1679382728693
1679382728530,1679382728697
1679382728495,1679382728729
1679382728371,1679382728733
1679382728355,1679382728765
1679382728111,1679382728788
1679382728282,1679382728815
1679382728610,1679382728833
1679382728047,1679382728856
1679382728130,1679382728865
1679382728802,1679382728889
1679382728847,1679382728900
1679382728778,1679382728966
1679382728759,1679382728977
1679382728959,1679382728979
1679382729063,1679382729066
1679382729017,1679382729113
1679382729364,1679382729373
1679382729399,1679382729480
1679382729515,1679382729583
1679382729530,1679382729620
1679382729706,1679382729712
1679382729657,1679382729750
1679382729763,1679382729821
1679382729595,1679382729829
1679382729839,1679382729909
1679382729867,1679382729923
1679382729911,1679382729948
1679382729959,1679382729973
1679382729657,1679382729987
1679382730003,1679382730052
1679382730055,1679382730075
1679382730076,1679382730109
1679382730171,1679382730209
1679382730206,1679382730233
1679382730274,1679382730280
1679382730290,1679382730313
1679382730325,1679382730331
1679382730370,1679382730402
1679382730419,1679382730442
1679382730411,1679382730447
1679382730446,1679382730460
1679382730506,1679382730534
1679382730582,1679382730614
1679382730625,1679382730727
1679382730678,1679382730733
1679382730778,1679382730788
1679382730785,1679382730825
1679382730870,1679382730877
1679382730770,1679382730878
1679382730886,1679382730921
1679382730810,1679382730945
1679382731006,1679382731038
1679382731055,1679382731100
1679382731174,1679382731182
1679382731070,1679382731222
1679382731162,1679382731228
1679382731161,1679382731242
1679382731242,1679382731248
1679382731302,1679382731371
1679382731248,1679382731394
1679382731362,1679382731403
1679382731440,1679382731476
1679382731305,1679382731482
1679382731447,1679382731547
1679382731587,1679382731658
1679382731596,1679382731672
1679382731539,1679382731690
1679382731645,1679382731714
1679382731723,1679382731740
1679382731703,1679382731759
1679382731709,1679382731871
1679382731891,1679382731909
1679382731897,1679382731931
1679382731921,1679382731931
1679382731949,1679382731959
1679382731974,1679382731992
1679382732000,1679382732008
1679382732119,1679382732143
1679382732107,1679382732187
1679382732183,1679382732193
1679382732206,1679382732247
1679382732186,1679382732300
1679382732052,1679382732333
1679382732382,1679382732454
1679382732270,1679382732466
1679382732461,1679382732501
1679382732399,1679382732519
1679382732291,1679382732528
1679382732524,1679382732565
1679382732441,1679382732575
1679382732654,1679382732657
1679382732627,1679382732674
1679382732691,1679382732694
1679382732682,1679382732712
1679382732722,1679382732742
1679382732718,1679382732803
1679382732709,1679382732808
1679382732963,1679382733062
1679382733187,1679382733219
1679382733211,1679382733250
1679382733211,1679382733295
1679382733401,1679382733459
1679382733400,1679382733465
1679382733447,1679382733478
1679382733487,1679382733558
1679382733536,1679382733575
1679382733520,1679382733622
1679382733618,1679382733657
1679382733321,1679382733675
1679382733662,1679382733682
1679382733573,1679382733779
1679382733748,1679382733819
1679382733901,1679382733907
1679382733882,1679382733936
1679382733935,1679382733950
1679382733715,1679382733955
1679382733980,1679382734021
1679382734027,1679382734062
1679382734081,1679382734086
1679382734054,1679382734115
1679382734124,1679382734144
1679382734023,1679382734152
1679382734016,1679382734169
1679382734007,1679382734178
1679382734160,1679382734216
1679382734192,1679382734242
1679382734099,1679382734245
1679382734179,1679382734269
1679382734256,1679382734299
1679382734379,1679382734400
1679382734497,1679382734519
1679382734527,1679382734610
1679382734656,1679382734668
1679382734656,1679382734710
1679382734493,1679382734761
1679382734783,1679382734788
1679382734683,1679382734788
1679382734803,1679382734829
1679382734934,1679382734992
1679382734948,1679382735028
1679382735028,1679382735069
1679382735064,1679382735155
1679382735155,1679382735163
1679382735163,1679382735184
1679382735132,1679382735187
1679382735104,1679382735206
1679382735232,1679382735252
1679382735319,1679382735376
1679382735260,1679382735437
1679382735483,1679382735490
1679382735461,1679382735507
1679382735520,1679382735537
1679382735568,1679382735581
1679382735623,1679382735673
1679382735616,1679382735692
1679382735683,1679382735712
1679382735744,1679382735804
1679382735755,1679382735814
1679382735751,1679382735826
1679382735847,1679382735883
1679382735892,1679382735897
1679382735898,1679382735930
1679382735972,1679382735981
1679382735863,1679382736000
1679382735944,1679382736031
1679382736084,1679382736089
1679382735899,1679382736125
1679382735983,1679382736140
1679382736308,1679382736345
1679382736325,1679382736379
1679382736380,1679382736402
1679382736391,1679382736403
1679382736353,1679382736459
1679382736420,1679382736507
1679382736440,1679382736509
1679382736533,1679382736562
1679382736583,1679382736610
1679382736601,1679382736633
1679382736577,1679382736647
1679382736764,1679382736781
1679382736854,1679382736860
1679382736880,1679382736912
1679382736949,1679382736980
1679382736985,1679382737003
1679382736992,1679382737042
1679382736961,1679382737050
1679382737048,1679382737091
1679382737112,1679382737128
1679382737220,1679382737226
1679382737237,1679382737253
1679382737357,1679382737380
1679382737305,1679382737428
1679382737313,1679382737433
1679382737400,1679382737467
1679382737466,1679382737483
1679382737492,1679382737495
1679382737485,1679382737515
1679382737523,1679382737572
1679382737564,1679382737706
1679382737701,1679382737713
1679382737517,1679382737737
1679382737720,1679382737767
1679382737737,1679382737773
1679382737757,1679382737796
1679382737809,1679382737823
1679382737797,1679382737839
1679382737737,1679382737859
1679382737913,1679382737992
1679382737997,1679382738018
1679382738000,1679382738041
1679382737978,1679382738126
1679382738142,1679382738156
1679382738096,1679382738183
1679382738073,1679382738211
1679382738227,1679382738247
1679382738269,1679382738293
1679382738266,1679382738321
1679382738278,1679382738369
1679382738430,1679382738445
1679382738297,1679382738481
1679382738738,1679382738741
1679382738706,1679382738747
1679382738781,1679382738841
1679382738586,1679382738849
1679382738682,1679382738869
1679382738938,1679382738951
1679382738749,1679382738954
1679382739069,1679382739116
1679382739089,1679382739137
1679382739092,1679382739152
1679382739161,1679382739168
1679382739176,1679382739189
1679382739117,1679382739213
1679382739261,1679382739301
1679382739300,1679382739317
1679382739318,1679382739324
1679382739366,1679382739414
1679382739413,1679382739440
1679382739510,1679382739524
1679382739537,1679382739544
1679382739533,1679382739547
1679382739573,1679382739601
1679382739616,1679382739643
1679382739657,1679382739674
1679382739692,1679382739699
1679382739821,1679382739858
1679382739893,1679382739941
1679382739961,1679382740005
1679382740121,1679382740124
1679382740065,1679382740140
1679382740142,1679382740161
1679382740113,1679382740175
1679382740309,1679382740356
1679382740277,1679382740372
1679382740368,1679382740394
1679382740344,1679382740494
1679382740493,1679382740558
1679382740461,1679382740640
1679382740504,1679382740647
1679382740779,1679382740791
1679382740825,1679382740888
1679382740865,1679382740900
1679382740849,1679382740926
1679382740884,1679382740938
1679382740893,1679382740941
1679382740977,1679382741028
1679382741008,1679382741036
1679382740993,1679382741048
1679382741101,1679382741109
1679382741125,1679382741137
1679382741229,1679382741271
1679382741257,1679382741285
1679382741273,1679382741301
1679382741336,1679382741343
1679382741369,1679382741379
1679382741425,1679382741493
1679382741501,1679382741581
1679382741586,1679382741623
1679382741569,1679382741645
1679382741517,1679382741689
1679382741673,1679382741689
1679382741637,1679382741690
1679382741728,1679382741753
1679382741824,1679382741833
1679382741821,1679382741839
1679382741901,1679382741904
1679382741916,1679382741934
1679382741941,1679382742047
1679382742012,1679382742064
1679382742085,1679382742139
1679382742097,1679382742140
1679382742156,1679382742164
1679382742277,1679382742322
1679382742308,1679382742349
1679382742264,1679382742365
1679382742377,1679382742397
1679382742328,1679382742444
1679382742451,1679382742463
1679382742468,1679382742518
1679382742480,1679382742554
1679382742524,1679382742556
1679382742570,1679382742575
1679382742653,1679382742703
1679382742724,1679382742795
1679382742773,1679382742803
1679382742820,1679382742852
1679382742785,1679382742895
1679382742828,1679382742904
1679382742879,1679382742938
1679382742932,1679382742998
1679382743153,1679382743165
1679382743180,1679382743236
1679382743123,1679382743293
1679382743257,1679382743296
1679382743412,1679382743424
1679382743385,1679382743444
1679382743455,1679382743515
1679382743461,1679382743523
1679382743457,1679382743530
1679382743508,1679382743533
1679382743538,1679382743558
1679382743487,1679382743559
1679382743569,1679382743584
1679382743597,1679382743606
1679382743640,1679382743662
1679382743749,1679382743773
1679382743685,1679382743836
1679382743797,1679382743895
1679382743880,1679382743897
1679382743944,1679382744006
1679382744037,1679382744049
1679382744013,1679382744074
1679382744073,1679382744105
1679382744096,1679382744130
1679382744248,1679382744261
1679382744233,1679382744338
1679382744273,1679382744355
1679382744364,1679382744393
1679382744372,1679382744416
1679382744365,1679382744426
1679382744417,1679382744443
1679382744399,1679382744503
1679382744496,1679382744537
1679382744639,1679382744658
1679382744676,1679382744689
1679382744663,1679382744691
1679382744739,1679382744743
1679382744689,1679382744761
1679382744755,1679382744806
1679382744784,1679382744808
1679382744731,1679382744912
1679382744938,1679382744956
1679382744956,1679382744963
1679382744993,1679382745177
1679382745148,1679382745211
1679382745111,1679382745293
1679382745213,1679382745318
1679382745268,1679382745364
1679382745324,1679382745368
1679382745312,1679382745375
1679382745188,1679382745447
1679382745501,1679382745504
1679382745508,1679382745559
1679382745616,1679382745623
1679382745640,1679382745660
1679382745685,1679382745696
1679382745696,1679382745773
1679382745608,1679382745802
1679382745789,1679382745822
1679382745836,1679382745848
1679382745912,1679382745947
1679382745999,1679382746033
1679382746027,1679382746035
1679382745989,1679382746044
1679382746063,1679382746100
1679382746155,1679382746172
1679382746241,1679382746260
1679382746328,1679382746344
1679382746349,1679382746363
1679382746380,1679382746399
1679382746396,1679382746400
1679382746383,1679382746405
1679382746572,1679382746585
1679382746524,1679382746625
1679382746616,1679382746635
1679382746593,1679382746656
1679382746666,1679382746676
1679382746660,1679382746677
1679382746624,1679382746794
1679382746792,1679382746801
1679382746893,1679382746932
1679382746829,1679382746934
1679382747119,1679382747128
1679382746979,1679382747152
1679382747112,1679382747157
1679382747027,1679382747183
1679382747140,1679382747194
1679382746960,1679382747209
1679382747132,1679382747225
1679382747153,1679382747232
1679382747212,1679382747281
1679382746988,1679382747296
1679382747289,1679382747314
1679382747319,1679382747335
1679382747363,1679382747416
1679382747437,1679382747463
1679382747488,1679382747505
1679382747492,1679382747627
1679382747513,1679382747651
1679382747684,1679382747694
1679382747757,1679382747771
1679382747809,1679382747829
1679382747809,1679382747836
1679382747849,1679382747874
1679382748021,1679382748096
1679382748102,1679382748111
1679382748164,1679382748174
1679382748172,1679382748254
1679382748284,1679382748292
1679382748221,1679382748309
1679382748325,1679382748330
1679382748437,1679382748455
1679382748369,1679382748526
1679382748425,1679382748604
1679382748221,1679382748687
1679382748665,1679382748700
1679382748565,1679382748711
1679382748637,1679382748711
1679382748693,1679382748734
1679382748773,1679382748778
1679382748781,1679382748785
1679382748711,1679382748897
1679382748889,1679382748913
1679382748808,1679382748916
1679382748803,1679382748934
1679382748945,1679382748979
1679382748965,1679382748985
1679382748570,1679382748985
1679382748967,1679382749002
1679382749069,1679382749106
1679382749091,1679382749139
1679382749141,1679382749157
1679382749169,1679382749204
1679382749187,1679382749241
1679382749324,1679382749351
1679382749312,1679382749469
1679382749428,1679382749474
1679382749305,1679382749499
1679382749561,1679382749567
1679382749616,1679382749622
1679382749537,1679382749625
1679382749522,1679382749649
1679382749972,1679382749986
1679382749940,1679382750040
1679382750065,1679382750067
1679382750084,1679382750103
1679382750057,1679382750119
1679382750124,1679382750139
1679382750201,1679382750222
1679382750318,1679382750377
1679382750317,1679382750406
1679382750377,1679382750453
1679382750480,1679382750485
1679382750496,1679382750511
1679382750471,1679382750514
1679382750528,1679382750537
1679382750517,1679382750560
1679382750557,1679382750597
1679382750549,1679382750629
1679382750688,1679382750694
1679382750703,1679382750724
1679382750780,1679382750822
1679382750824,1679382750841
1679382750783,1679382750847
1679382750852,1679382750861
1679382750898,1679382750954
1679382750962,1679382750973
1679382750989,1679382751023
1679382751009,1679382751062
1679382751080,1679382751100
1679382751152,1679382751168
1679382751236,1679382751241
1679382751230,1679382751285
1679382751301,1679382751317
1679382751381,1679382751399
1679382751521,1679382751525
1679382751484,1679382751539
1679382751520,1679382751588
1679382751560,1679382751605
1679382751613,1679382751621
1679382751629,1679382751650
1679382751599,1679382751661
1679382751562,1679382751669
1679382751584,1679382751727
1679382751949,1679382752002
1679382752028,1679382752031
1679382752003,1679382752092
1679382752112,1679382752118
1679382752180,1679382752196
1679382752208,1679382752232
1679382752172,1679382752257
1679382752265,1679382752278
1679382752249,1679382752283
1679382752325,1679382752337
1679382752387,1679382752412
1679382752417,1679382752432
1679382752372,1679382752436
1679382752484,1679382752489
1679382752472,1679382752491
1679382752476,1679382752528
1679382752548,1679382752579
1679382752520,1679382752590
1679382752338,1679382752649
1679382752642,1679382752672
1679382752600,1679382752702
1679382752488,1679382752713
1679382752587,1679382752727
1679382752837,1679382752846
1679382752885,1679382752904
1679382752806,1679382752919
1679382752934,1679382752943
1679382752905,1679382752945
1679382752955,1679382752971
1679382753009,1679382753064
1679382753016,1679382753077
1679382753399,1679382753453
1679382753460,1679382753480
1679382753477,1679382753489
1679382753476,1679382753578
1679382753577,1679382753583
1679382753649,1679382753661
1679382753716,1679382753728
1679382753768,1679382753781
1679382753788,1679382753811
1679382753646,1679382753824
1679382753858,1679382753873
1679382753830,1679382753875
1679382753902,1679382753923
1679382753851,1679382753932
1679382753914,1679382753970
1679382754033,1679382754050
1679382754109,1679382754113
1679382754090,1679382754125
1679382754126,1679382754152
1679382754197,1679382754270
1679382754142,1679382754297
1679382754209,1679382754327
1679382754229,1679382754356
1679382754319,1679382754371
1679382754409,1679382754432
1679382754489,1679382754509
1679382754490,1679382754567
1679382754596,1679382754608
1679382754658,1679382754692
1679382754702,1679382754730
1679382754658,1679382754772
1679382754846,1679382754855
1679382754798,1679382754871
1679382754885,1679382754911
1679382754898,1679382754939
1679382754933,1679382755004
1679382754985,1679382755005
1679382755021,1679382755042
1679382755093,1679382755111
1679382755218,1679382755241
1679382755290,1679382755338
1679382755333,1679382755374
1679382755353,1679382755397
1679382755361,1679382755436
1679382755333,1679382755451
1679382755502,1679382755550
1679382755615,1679382755660
1679382755594,1679382755705
1679382755637,1679382755800
1679382755738,1679382755802
1679382755730,1679382755816
1679382755657,1679382755827
1679382755749,1679382755917
1679382755811,1679382755940
1679382755966,1679382755971
1679382755838,1679382755980
1679382755990,1679382756000
1679382756050,1679382756057
1679382756025,1679382756082
1679382756411,1679382756451
1679382756435,1679382756452
1679382756454,1679382756464
1679382756490,1679382756501
1679382756582,1679382756588
1679382756739,1679382756782
1679382756601,1679382756849
1679382756826,1679382756856
1679382756874,1679382756881
1679382756743,1679382756958
1679382756753,1679382756988
1679382757001,1679382757021
1679382756876,1679382757052
1679382756857,1679382757079
1679382757013,1679382757094
1679382756547,1679382757095
1679382757159,1679382757168
1679382757157,1679382757180
1679382757098,1679382757209
1679382757139,1679382757258
1679382757281,1679382757289
1679382757313,1679382757343
1679382757322,1679382757349
1679382757337,1679382757349
1679382757522,1679382757529
1679382757802,1679382757828
1679382757874,1679382757944
1679382757766,1679382757966
1679382757959,1679382758044
1679382757954,1679382758073
1679382757964,1679382758073
1679382758142,1679382758155
1679382758096,1679382758168
1679382758125,1679382758184
1679382758237,1679382758243
1679382758247,1679382758264
1679382758335,1679382758367
1679382758402,1679382758471
1679382758429,1679382758503
1679382758549,1679382758588
1679382758445,1679382758598
1679382758463,1679382758629
1679382758671,1679382758683
1679382758688,1679382758696
1679382758684,1679382758704
1679382758708,1679382758765
1679382758765,1679382758791
1679382758851,1679382758856
1679382758739,1679382758898
1679382758870,1679382758962
1679382758974,1679382758985
1679382759095,1679382759109
1679382759197,1679382759201
1679382758965,1679382759216
1679382759225,1679382759250
1679382759359,1679382759364
1679382759426,1679382759447
1679382759474,1679382759512
1679382759593,1679382759624
1679382759593,1679382759624
1679382759596,1679382759628
1679382759657,1679382759670
1679382759676,1679382759697
1679382759625,1679382759777
1679382759801,1679382759817
1679382759884,1679382759910
1679382759944,1679382759981
1679382759997,1679382760041
1679382760030,1679382760042
1679382760049,1679382760159
1679382760145,1679382760163
1679382760106,1679382760277
1679382760292,1679382760312
1679382760310,1679382760337
1679382760331,1679382760356
1679382760367,1679382760416
1679382760371,1679382760429
1679382760407,1679382760436
1679382760613,1679382760617
1679382760849,1679382760890
1679382760815,1679382760921
1679382760819,1679382760946
1679382760840,1679382760982
1679382760967,1679382760996
1679382760974,1679382760997
1679382761006,1679382761035
1679382760962,1679382761085
1679382760813,1679382761110
1679382760886,1679382761148
1679382760963,1679382761177
1679382761091,1679382761198
1679382761117,1679382761220
1679382761255,1679382761268
1679382761275,1679382761303
1679382761556,1679382761564
1679382761564,1679382761613
1679382761608,1679382761635
1679382761691,1679382761721
1679382761686,1679382761725
1679382761717,1679382761775
1679382761760,1679382761816
1679382761760,1679382761817
1679382761864,1679382761884
1679382761897,1679382761956
1679382761872,1679382762076
1679382761994,1679382762077
1679382762016,1679382762203
1679382762242,1679382762255
1679382762243,1679382762256
1679382762254,1679382762301
1679382762264,1679382762341
1679382762343,1679382762410
1679382762305,1679382762525
1679382762513,1679382762527
1679382762316,1679382762532
1679382762409,1679382762533
1679382762511,1679382762543
1679382762563,1679382762600
1679382762528,1679382762624
1679382762249,1679382762651
1679382762657,1679382762665
1679382762701,1679382762763
1679382762859,1679382762931
1679382762923,1679382762932
1679382762902,1679382762946
1679382762921,1679382762971
1679382762983,1679382762993
1679382763051,1679382763068
1679382762889,1679382763084
1679382763045,1679382763118
1679382763195,1679382763270
1679382763283,1679382763312
1679382763422,1679382763433
1679382763529,1679382763534
1679382763429,1679382763566
1679382763553,1679382763577
1679382763731,1679382763737
1679382763669,1679382763744
1679382763847,1679382763891
1679382763903,1679382763910
1679382763926,1679382763951
1679382764019,1679382764042
1679382764020,1679382764059
1679382764070,1679382764076
1679382763989,1679382764086
1679382763995,1679382764182
1679382764065,1679382764186
1679382764153,1679382764198
1679382764078,1679382764216
1679382764208,1679382764235
1679382764212,1679382764260
1679382764246,1679382764264
1679382764360,1679382764369
1679382764390,1679382764404
1679382764322,1679382764417
1679382764347,1679382764449
1679382764461,1679382764499
1679382764495,1679382764508
1679382764543,1679382764583
1679382764680,1679382764685
1679382764626,1679382764696
1679382764700,1679382764804
1679382764911,1679382764916
1679382764920,1679382764948
1679382764948,1679382764952
1679382764958,1679382765054
1679382765277,1679382765285
1679382765288,1679382765315
1679382765310,1679382765315
1679382765370,1679382765451
1679382765365,1679382765451
1679382765433,1679382765452
1679382765510,1679382765516
1679382765529,1679382765533
1679382765556,1679382765560
1679382765501,1679382765578
1679382765727,1679382765750
1679382765754,1679382765766
1679382765723,1679382765794
1679382765794,1679382765809
1679382765819,1679382765834
1679382765841,1679382765851
1679382765851,1679382765860
1679382765760,1679382765942
1679382766011,1679382766057
1679382766127,1679382766137
1679382766154,1679382766163
1679382766219,1679382766261
1679382766224,1679382766293
1679382766238,1679382766309
1679382766457,1679382766526
1679382766632,1679382766637
1679382766663,1679382766686
1679382766702,1679382766725
1679382766688,1679382766725
1679382766714,1679382766726
1679382766703,1679382766770
1679382766838,1679382766926
1679382766903,1679382766954
1679382766939,1679382766965
1679382767129,1679382767139
1679382767155,1679382767161
1679382767222,1679382767241
1679382767215,1679382767241
1679382767407,1679382767429
1679382767465,1679382767477
1679382767559,1679382767576
1679382767536,1679382767594
1679382767607,1679382767648
1679382767563,1679382767681
1679382767644,1679382767697
1679382767655,1679382767734
1679382767751,1679382767757
1679382767654,1679382767799
1679382767795,1679382767801
1679382767816,1679382767868
1679382767886,1679382767891
1679382768041,1679382768060
1679382768171,1679382768225
1679382768294,1679382768385
1679382768335,1679382768392
1679382768275,1679382768404
1679382768287,1679382768421
1679382768467,1679382768497
1679382768564,1679382768614
1679382768599,1679382768616
1679382768599,1679382768630
1679382768684,1679382768696
1679382768754,1679382768792
1679382768722,1679382768804
1679382768891,1679382768955
1679382769039,1679382769045
1679382769074,1679382769076
1679382769156,1679382769258
1679382769211,1679382769295
1679382769315,1679382769332
1679382769504,1679382769559
1679382769564,1679382769645
1679382769592,1679382769741
1679382769830,1679382769906
1679382769888,1679382769960
1679382770124,1679382770193
1679382770240,1679382770250
1679382770203,1679382770275
1679382770355,1679382770364
1679382770388,1679382770418
1679382770504,1679382770521
1679382770548,1679382770563
1679382770522,1679382770660
1679382770666,1679382770699
1679382770727,1679382770773
1679382770979,1679382771015
1679382771057,1679382771069
1679382771172,1679382771237
1679382771265,1679382771280
1679382771400,1679382771412
1679382771390,1679382771485
1679382771551,1679382771555
1679382771738,1679382771758
1679382771757,1679382771833
1679382771778,1679382771848
1679382771829,1679382771974
1679382771969,1679382772089
1679382772201,1679382772244
1679382772306,1679382772322
1679382772036,1679382772341
1679382772391,1679382772432
1679382772488,1679382772500
1679382772486,1679382772546
1679382772733,1679382772740
1679382772921,1679382773106
1679382773057,1679382773113
1679382773077,1679382773143
1679382773289,1679382773322
1679382773333,1679382773356
1679382773422,1679382773436
1679382773561,1679382773633
1679382773612,1679382773637
1679382773638,1679382773714
1679382773594,1679382773733
1679382773853,1679382773888
1679382773883,1679382773915
1679382773782,1679382773951
1679382774197,1679382774442
1679382774420,1679382774460
1679382774705,1679382774730
1679382774842,1679382774869
1679382774861,1679382774899
1679382774884,1679382774899
1679382774960,1679382774988
1679382774980,1679382775009
1679382775105,1679382775141
1679382775249,1679382775272
1679382775417,1679382775428
1679382775434,1679382775466
1679382775469,1679382775483
1679382775576,1679382775588
1679382775848,1679382775862
1679382775862,1679382775911
1679382776067,1679382776071
1679382776185,1679382776211
1679382776181,1679382776245
1679382776504,1679382776508
1679382776465,1679382776536
1679382776508,1679382776542
1679382776676,1679382776695
1679382776689,1679382776708
1679382776484,1679382776751
1679382776738,1679382776782
1679382776533,1679382776813
1679382776875,1679382776877
1679382776977,1679382776982
1679382777452,1679382777478
1679382777406,1679382777544
1679382777517,1679382777592
1679382777563,1679382777665
1679382777716,1679382777795
1679382777962,1679382777980
1679382778087,1679382778111
1679382777967,1679382778150
1679382778071,1679382778165
1679382778196,1679382778320
1679382778360,1679382778393
1679382778385,1679382778546
1679382778535,1679382778614
1679382778243,1679382778622
1679382778619,1679382778645
1679382778527,1679382778661
1679382778658,1679382778712
1679382779043,1679382779047
1679382779181,1679382779201
1679382779204,1679382779225
1679382779207,1679382779290
1679382779220,1679382779322
1679382779218,1679382779389
1679382779213,1679382779469
1679382779483,1679382779503
1679382779480,1679382779555
1679382779588,1679382779600
1679382779575,1679382779706
1679382779701,1679382779717
1679382779575,1679382779741
1679382779836,1679382779917
1679382779891,1679382779969
1679382779961,1679382780120
1679382780219,1679382780255
1679382780267,1679382780288
1679382780242,1679382780302
1679382780161,1679382780343
1679382780227,1679382780408
1679382780373,1679382780419
1679382780564,1679382780609
1679382780642,1679382780721
1679382780748,1679382780776
1679382780938,1679382780967
1679382781029,1679382781038
1679382781135,1679382781171
1679382780975,1679382781191
1679382781177,1679382781216
1679382781361,1679382781386
1679382781376,1679382781450
1679382781405,1679382781475
1679382781336,1679382781512
1679382781495,1679382781516
1679382781542,1679382781568
1679382781554,1679382781639
1679382781570,1679382781662
1679382781565,1679382781704
1679382781754,1679382781767
1679382781661,1679382781806
1679382781835,1679382781859
1679382782167,1679382782200
1679382782302,1679382782307
1679382782279,1679382782369
1679382782419,1679382782430
1679382782439,1679382782512
1679382782593,1679382782660
1679382782716,1679382782744
1679382782871,1679382782875
1679382782811,1679382782878
1679382782881,1679382782969
1679382782971,1679382782988
1679382783069,1679382783143
1679382783053,1679382783189
1679382783004,1679382783195
1679382782995,1679382783199
1679382783184,1679382783218
1679382783152,1679382783229
1679382783309,1679382783406
1679382783521,1679382783549
1679382783551,1679382783561
1679382783451,1679382783589
1679382783629,1679382783637
1679382783664,1679382783668
1679382783607,1679382783749
1679382783789,1679382783808
1679382783847,1679382783891
1679382784033,1679382784078
1679382784039,1679382784084
1679382784077,1679382784118
1679382784127,1679382784150
1679382784163,1679382784179
1679382784461,1679382784502
1679382784493,1679382784535
1679382784555,1679382784578
1679382784488,1679382784614
1679382784601,1679382784620
1679382784627,1679382784629
1679382784637,1679382784639
1679382784737,1679382784747
1679382784815,1679382784853
1679382784862,1679382784876
1679382784908,1679382784916
1679382784924,1679382784943
1679382784945,1679382784954
1679382785040,1679382785052
1679382785214,1679382785222
1679382785252,1679382785260
1679382785529,1679382785556
1679382785588,1679382785610
1679382785607,1679382785673
1679382785676,1679382785683
1679382785712,1679382785729
1679382785716,1679382785744
1679382785740,1679382785783
1679382785770,1679382785836
1679382785971,1679382785995
1679382785993,1679382786044
1679382786046,1679382786071
1679382786101,1679382786108
1679382786122,1679382786141
1679382786143,1679382786196
1679382786224,1679382786252
1679382786358,1679382786404
1679382786403,1679382786416
1679382786595,1679382786695
1679382786670,1679382786696
1679382786691,1679382786721
1679382786794,1679382786826
1679382786887,1679382786891
1679382787027,1679382787073
1679382787066,1679382787139
1679382787074,1679382787161
1679382787090,1679382787197
1679382787186,1679382787208
1679382787146,1679382787225
1679382787248,1679382787268
1679382787143,1679382787278
1679382787415,1679382787480
1679382787512,1679382787576
1679382787619,1679382787641
1679382787683,1679382787691
1679382787657,1679382787710
1679382787654,1679382787720
1679382788146,1679382788154
1679382788207,1679382788260
1679382788238,1679382788269
1679382788199,1679382788277
1679382788324,1679382788331
1679382788342,1679382788374
1679382788354,1679382788377
1679382788391,1679382788450
1679382788604,1679382788637
1679382788628,1679382788657
1679382788763,1679382788843
1679382788769,1679382788863
1679382788859,1679382788950
1679382788938,1679382788985
1679382788918,1679382789020
1679382789108,1679382789141
1679382789203,1679382789220
1679382789316,1679382789326
1679382789307,1679382789333
1679382789294,1679382789349
1679382789323,1679382789349
1679382789315,1679382789370
1679382789304,1679382789393
1679382789349,1679382789407
1679382789339,1679382789454
1679382789392,1679382789468
1679382789269,1679382789492
1679382789352,1679382789508
1679382789349,1679382789509
1679382789283,1679382789510
1679382789320,1679382789515
1679382789295,1679382789517
1679382789338,1679382789530
1679382789297,1679382789545
1679382789258,1679382789550
1679382789278,1679382789553
1679382789507,1679382789556
1679382789309,1679382789572
1679382789314,1679382789574
1679382789351,1679382789601
1679382789330,1679382789601
1679382789274,1679382789607
1679382789328,1679382789694
1679382789347,1679382789695
1679382789298,1679382789740
1679382789284,1679382789751
1679382789336,1679382789774
1679382789668,1679382789775
1679382789716,1679382789852
1679382789781,1679382789860
1679382789552,1679382789918
1679382790045,1679382790054
1679382790074,1679382790101
1679382790217,1679382790223
1679382790202,1679382790260
1679382790263,1679382790291
1679382790231,1679382790303
1679382790308,1679382790398
1679382790462,1679382790483
1679382790503,1679382790517
1679382790592,1679382790643
1679382790669,1679382790695
1679382790762,1679382790778
1679382790780,1679382790795
1679382790920,1679382790937
1679382790909,1679382790982
1679382791005,1679382791041
1679382791102,1679382791111
1679382791113,1679382791117
1679382791155,1679382791176
1679382791179,1679382791185
1679382791212,1679382791242
1679382791267,1679382791285
1679382791228,1679382791311
1679382791181,1679382791320
1679382791289,1679382791322
1679382791275,1679382791347
1679382791346,1679382791365
1679382791483,1679382791506
1679382791501,1679382791537
1679382791488,1679382791579
1679382791593,1679382791608
1679382791585,1679382791630
1679382791532,1679382791707
1679382791549,1679382791717
1679382791677,1679382791719
1679382791639,1679382791731
1679382791754,1679382791769
1679382791758,1679382791819
1679382791783,1679382791843
1679382791810,1679382791846
1679382791760,1679382791868
1679382791891,1679382791943
1679382791950,1679382791962
1679382791957,1679382791984
1679382791988,1679382792047
1679382791965,1679382792077
1679382792053,1679382792093
1679382792174,1679382792209
1679382792222,1679382792270
1679382792290,1679382792312
1679382792253,1679382792315
1679382792309,1679382792329
1679382792339,1679382792362
1679382792411,1679382792414
1679382792403,1679382792443
1679382792453,1679382792459
1679382792433,1679382792478
1679382792567,1679382792589
1679382792467,1679382792594
1679382792726,1679382792731
1679382792635,1679382792758
1679382792775,1679382792787
1679382792732,1679382792789
1679382792780,1679382792791
1679382792675,1679382792826
1679382792979,1679382793017
1679382793007,1679382793100
1679382792859,1679382793100
1679382793027,1679382793119
1679382793103,1679382793125
1679382792980,1679382793168
1679382793219,1679382793225
1679382793207,1679382793257
1679382793248,1679382793284
1679382793252,1679382793304
1679382793223,1679382793331
1679382793249,1679382793334
1679382793359,1679382793401
1679382793214,1679382793402
1679382793415,1679382793452
1679382793430,1679382793499
1679382793476,1679382793529
1679382793458,1679382793562
1679382793533,1679382793585
1679382793596,1679382793602
1679382793575,1679382793603
1679382793540,1679382793645
1679382793611,1679382793649
1679382793590,1679382793681
1679382793630,1679382793716
1679382793690,1679382793731
1679382793807,1679382793824
1679382793816,1679382793842
1679382793898,1679382793904
1679382793830,1679382793931
1679382793999,1679382794008
1679382793915,1679382794029
1679382794169,1679382794177
1679382794016,1679382794185
1679382794207,1679382794210
1679382794202,1679382794212
1679382794071,1679382794231
1679382794245,1679382794267
1679382794203,1679382794353
1679382794261,1679382794354
1679382794350,1679382794363
1679382794366,1679382794383
1679382794378,1679382794433
1679382794459,1679382794463
1679382794494,1679382794535
1679382794508,1679382794540
1679382794605,1679382794682
1679382794729,1679382794736
1679382794785,1679382794813
1679382794752,1679382794813
1679382794702,1679382794827
1679382794796,1679382794847
1679382794865,1679382794869
1679382794893,1679382794920
1679382794799,1679382794936
1679382794969,1679382794973
1679382794901,1679382794994
1679382794994,1679382795005
1679382794874,1679382795060
1679382794979,1679382795069
1679382794902,1679382795080
1679382794958,1679382795091
1679382795144,1679382795152
1679382795146,1679382795175
1679382795155,1679382795188
1679382795213,1679382795219
1679382795233,1679382795239
1679382795242,1679382795273
1679382795220,1679382795295
1679382795293,1679382795314
1679382795348,1679382795353
1679382795328,1679382795396
1679382795436,1679382795441
1679382795382,1679382795459
1679382795393,1679382795504
1679382795506,1679382795543
1679382795466,1679382795557
1679382795563,1679382795576
1679382795527,1679382795601
1679382795652,1679382795674
1679382795530,1679382795695
1679382795795,1679382795816
1679382795775,1679382795819
1679382795665,1679382795839
1679382795868,1679382795876
1679382795771,1679382795930
1679382795904,1679382795993
1679382796038,1679382796064
1679382795936,1679382796067
1679382795992,1679382796073
1679382795981,1679382796136
1679382796161,1679382796191
1679382796171,1679382796202
1679382796203,1679382796207
1679382796249,1679382796290
1679382796298,1679382796308
1679382796279,1679382796329
1679382796164,1679382796335
1679382796403,1679382796503
1679382796526,1679382796604
1679382796432,1679382796643
1679382796603,1679382796647
1679382796691,1679382796727
1679382796816,1679382796839
1679382796793,1679382796864
1679382796826,1679382796870
1679382796819,1679382796896
1679382796896,1679382796943
1679382796840,1679382797005
1679382796746,1679382797006
1679382796983,1679382797096
1679382797087,1679382797106
1679382797216,1679382797228
1679382797163,1679382797236
1679382797221,1679382797277
1679382797252,1679382797281
1679382797281,1679382797320
1679382797328,1679382797432
1679382797472,1679382797503
1679382797513,1679382797560
1679382797465,1679382797583
1679382797605,1679382797618
1679382797587,1679382797661
1679382797674,1679382797751
1679382797598,1679382797761
1679382797708,1679382797767
1679382797690,1679382797823
1679382797873,1679382797924
1679382797873,1679382797934
1679382797880,1679382797940
1679382797934,1679382797951
1679382797622,1679382797980
1679382797795,1679382798006
1679382797661,1679382798010
1679382797757,1679382798061
1679382797779,1679382798095
1679382797905,1679382798111
1679382798065,1679382798132
1679382797990,1679382798151
1679382797883,1679382798172
1679382798003,1679382798251
1679382797663,1679382798254
1679382798238,1679382798268
1679382798171,1679382798326
1679382798235,1679382798353
1679382798328,1679382798394
1679382798184,1679382798398
1679382798239,1679382798420
1679382798405,1679382798433
1679382798323,1679382798450
1679382798349,1679382798455
1679382798399,1679382798458
1679382798466,1679382798470
1679382798482,1679382798499
1679382798668,1679382798695
1679382798699,1679382798710
1679382798855,1679382798860
1679382798753,1679382798900
1679382798917,1679382798945
1679382798957,1679382798961
1679382798963,1679382798969
1679382799058,1679382799065
1679382799075,1679382799081
1679382799018,1679382799135
1679382799158,1679382799245
1679382799213,1679382799245
1679382799223,1679382799287
1679382799275,1679382799320
1679382799392,1679382799397
1679382799415,1679382799439
1679382799430,1679382799454
1679382799413,1679382799480
1679382799436,1679382799483
1679382799413,1679382799486
1679382799449,1679382799493
1679382799434,1679382799507
1679382799407,1679382799522
1679382799491,1679382799523
1679382799403,1679382799571
1679382799420,1679382799584
1679382799353,1679382799588
1679382799423,1679382799620
1679382799629,1679382799638
1679382799409,1679382799652
1679382799610,1679382799670
1679382799612,1679382799677
1679382799427,1679382799762
1679382799730,1679382799807
1679382799771,1679382799817
1679382799673,1679382799847
1679382799582,1679382799890
1679382799603,1679382799912
1679382799883,1679382799931
1679382799946,1679382799951
1679382799979,1679382799994
1679382800027,1679382800047
1679382800005,1679382800083
1679382800005,1679382800145
1679382800073,1679382800155
1679382799932,1679382800168
1679382800027,1679382800171
1679382800171,1679382800190
1679382800009,1679382800205
1679382800221,1679382800232
1679382800230,1679382800249
1679382800234,1679382800280
1679382800264,1679382800290
1679382800257,1679382800299
1679382800248,1679382800321
1679382800279,1679382800350
1679382800385,1679382800394
1679382800398,1679382800412
1679382800410,1679382800418
1679382800453,1679382800464
1679382800466,1679382800477
1679382800552,1679382800576
1679382800689,1679382800703
1679382800648,1679382800709
1679382800651,1679382800791
1679382800805,1679382800825
1679382800811,1679382800926
1679382800871,1679382800937
1679382800954,1679382800979
1679382801010,1679382801045
1679382801078,1679382801105
1679382800992,1679382801123
1679382801005,1679382801145
1679382801137,1679382801159
1679382801137,1679382801179
1679382801162,1679382801182
1679382801137,1679382801205
1679382801293,1679382801310
1679382801285,1679382801326
1679382801337,1679382801371
1679382801352,1679382801390
1679382801390,1679382801420
1679382801279,1679382801462
1679382801509,1679382801523
1679382801538,1679382801553
1679382801537,1679382801557
1679382801556,1679382801564
1679382801572,1679382801594
1679382801609,1679382801645
1679382801658,1679382801666
1679382801713,1679382801731
1679382801662,1679382801735
1679382801742,1679382801760
1679382801668,1679382801775
1679382801732,1679382801817
1679382801661,1679382801839
1679382801722,1679382801876
1679382801886,1679382801897
1679382801826,1679382801920
1679382801844,1679382801921
1679382802005,1679382802014
1679382801934,1679382802057
1679382802021,1679382802066
1679382802060,1679382802071
1679382802066,1679382802077
1679382802007,1679382802079
1679382802052,1679382802108
1679382801962,1679382802133
1679382802174,1679382802200
1679382802208,1679382802214
1679382802180,1679382802267
1679382802210,1679382802304
1679382802310,1679382802341
1679382802274,1679382802371
1679382802357,1679382802389
1679382802466,1679382802481
1679382802478,1679382802482
1679382802468,1679382802487
1679382802476,1679382802530
1679382802573,1679382802576
1679382802618,1679382802656
1679382802559,1679382802715
1679382802539,1679382802718
1679382802601,1679382802738
1679382802730,1679382802738
1679382802758,1679382802765
1679382802734,1679382802767
1679382802699,1679382802778
1679382802734,1679382802856
1679382802850,1679382802861
1679382802875,1679382802910
1679382802909,1679382802931
1679382802944,1679382802973
1679382802990,1679382803003
1679382802924,1679382803011
1679382803066,1679382803079
1679382803068,1679382803113
1679382803102,1679382803113
1679382803026,1679382803140
1679382803171,1679382803177
1679382803211,1679382803238
1679382803226,1679382803280
1679382803262,1679382803282
1679382803278,1679382803327
1679382803285,1679382803343
1679382803280,1679382803368
1679382803331,1679382803377
1679382803376,1679382803412
1679382803294,1679382803413
1679382803403,1679382803432
1679382803498,1679382803544
1679382803475,1679382803547
1679382803481,1679382803589
1679382803584,1679382803604
1679382803661,1679382803721
1679382803755,1679382803782
1679382803676,1679382803848
1679382803835,1679382803849
1679382803884,1679382803890
1679382803836,1679382803933
1679382803943,1679382803966
1679382803943,1679382804021
1679382804042,1679382804058
1679382803964,1679382804067
1679382804011,1679382804071
1679382804121,1679382804176
1679382804190,1679382804206
1679382804188,1679382804242
1679382803807,1679382804258
1679382804228,1679382804285
1679382804211,1679382804314
1679382804210,1679382804328
1679382804154,1679382804376
1679382804176,1679382804415
1679382804377,1679382804425
1679382804255,1679382804450
1679382804334,1679382804502
1679382803914,1679382804503
1679382804399,1679382804516
1679382804500,1679382804517
1679382804515,1679382804552
1679382804564,1679382804632
1679382804615,1679382804655
1679382804559,1679382804685
1679382804130,1679382804692
1679382804704,1679382804707
1679382804726,1679382804735
1679382804787,1679382804797
1679382804767,1679382804797
1679382804817,1679382804866
1679382804909,1679382804941
1679382804956,1679382804985
1679382804958,1679382804999
1679382804950,1679382805003
1679382805082,1679382805109
1679382805136,1679382805186
1679382805140,1679382805220
1679382805225,1679382805267
1679382805159,1679382805323
1679382805253,1679382805398
1679382805392,1679382805427
1679382805362,1679382805491
1679382805291,1679382805533
1679382805476,1679382805548
1679382805454,1679382805559
1679382805188,1679382805583
1679382805544,1679382805600
1679382805199,1679382805601
1679382805371,1679382805667
1679382805588,1679382805668
1679382805375,1679382805712
1679382805776,1679382805786
1679382805579,1679382805875
1679382805787,1679382805876
1679382805837,1679382805905
1679382805702,1679382805937
1679382805881,1679382805958
1679382805975,1679382805981
1679382805172,1679382806021
1679382805510,1679382806021
1679382806016,1679382806051
1679382806062,1679382806072
1679382806071,1679382806094
1679382806083,1679382806100
1679382806074,1679382806144
1679382806148,1679382806175
1679382806168,1679382806180
1679382806272,1679382806305
1679382806312,1679382806329
1679382806323,1679382806340
1679382806330,1679382806367
1679382806400,1679382806405
1679382806433,1679382806441
1679382806388,1679382806466
1679382806494,1679382806531
1679382806567,1679382806591
1679382806608,1679382806657
1679382806684,1679382806696
1679382806708,1679382806724
1679382806709,1679382806793
1679382806835,1679382806844
1679382806640,1679382806873
1679382806747,1679382806904
1679382806856,1679382806912
1679382806727,1679382806933
1679382806784,1679382806940
1679382806932,1679382806955
1679382806963,1679382806966
1679382806962,1679382807036
1679382807041,1679382807055
1679382807057,1679382807122
1679382807148,1679382807162
1679382807069,1679382807163
1679382807154,1679382807166
1679382807149,1679382807207
1679382807227,1679382807244
1679382807265,1679382807341
1679382807335,1679382807367
1679382807367,1679382807439
1679382807525,1679382807580
1679382807583,1679382807598
1679382807579,1679382807604
1679382807606,1679382807628
1679382807611,1679382807628
1679382807627,1679382807641
1679382807592,1679382807691
1679382807697,1679382807728
1679382807739,1679382807784
1679382807701,1679382807829
1679382807811,1679382807836
1679382807805,1679382807861
1679382807848,1679382807874
1679382807880,1679382807888
1679382807875,1679382807893
1679382807852,1679382807899
1679382807943,1679382807987
1679382807996,1679382808033
1679382807996,1679382808064
1679382808041,1679382808073
1679382807985,1679382808083
1679382808104,1679382808128
1679382808046,1679382808168
1679382808159,1679382808189
1679382808155,1679382808205
1679382808196,1679382808207
1679382808216,1679382808225
1679382808175,1679382808280
1679382808296,1679382808306
1679382808259,1679382808309
1679382808329,1679382808353
1679382808437,1679382808465
1679382808400,1679382808493
1679382808469,1679382808497
1679382808535,1679382808583
1679382808584,1679382808616
1679382808623,1679382808635
1679382808580,1679382808649
1679382808664,1679382808676
1679382808660,1679382808676
1679382808653,1679382808689
1679382808612,1679382808712
1679382808751,1679382808757
1679382808645,1679382808758
1679382808785,1679382808802
1679382808769,1679382808835
1679382808910,1679382808920
1679382808921,1679382808928
1679382808908,1679382809022
1679382809056,1679382809069
1679382809040,1679382809088
1679382809073,1679382809116
1679382809005,1679382809240
1679382809226,1679382809249
1679382809124,1679382809293
1679382809364,1679382809369
1679382809359,1679382809379
1679382809359,1679382809462
1679382809260,1679382809500
1679382809243,1679382809510
1679382809519,1679382809534
1679382809498,1679382809538
1679382809529,1679382809566
1679382809479,1679382809596
1679382809466,1679382809617
1679382809128,1679382809672
1679382809483,1679382809673
1679382809490,1679382809679
1679382809545,1679382809724
1679382809622,1679382809735
1679382809241,1679382809762
1679382809497,1679382809790
1679382809301,1679382809793
1679382809474,1679382809814
1679382809580,1679382809899
1679382809883,1679382809993
1679382809833,1679382809993
1679382809742,1679382810015
1679382809534,1679382810082
1679382810061,1679382810091
1679382810093,1679382810124
1679382810113,1679382810134
1679382809801,1679382810147
1679382809713,1679382810153
1679382810121,1679382810158
1679382809324,1679382810162
1679382810195,1679382810203
1679382810205,1679382810211
1679382810087,1679382810252
1679382809821,1679382810281
1679382809743,1679382810288
1679382810156,1679382810359
1679382810364,1679382810371
1679382810277,1679382810379
1679382810321,1679382810425
1679382810443,1679382810469
1679382810374,1679382810509
1679382810353,1679382810515
1679382810509,1679382810545
1679382810352,1679382810689
1679382810641,1679382810694
1679382810625,1679382810702
1679382810688,1679382810740
1679382810755,1679382810762
1679382810709,1679382810762
1679382810757,1679382810782
1679382810792,1679382810805
1679382810841,1679382810886
1679382810879,1679382810889
1679382810885,1679382810900
1679382810910,1679382810914
1679382810958,1679382810964
1679382810968,1679382811006
1679382811172,1679382811188
1679382811169,1679382811190
1679382811206,1679382811215
1679382811276,1679382811362
1679382811246,1679382811476
1679382811427,1679382811523
1679382811321,1679382811595
1679382811478,1679382811620
1679382811653,1679382811675
1679382811641,1679382811736
1679382811668,1679382811775
1679382811690,1679382811788
1679382811730,1679382811802
1679382811746,1679382811821
1679382811822,1679382811826
1679382811780,1679382811844
1679382811870,1679382811878
1679382811869,1679382811900
1679382811893,1679382811946
1679382811893,1679382812036
1679382811973,1679382812048
1679382812037,1679382812075
1679382812091,1679382812098
1679382812058,1679382812105
1679382812149,1679382812160
1679382812108,1679382812174
1679382812208,1679382812238
1679382812259,1679382812263
1679382812175,1679382812293
1679382812249,1679382812300
1679382812293,1679382812303
1679382812326,1679382812335
1679382812262,1679382812357
1679382812325,1679382812368
1679382812212,1679382812392
1679382812438,1679382812458
1679382812353,1679382812458
1679382812390,1679382812459
1679382812407,1679382812506
1679382812262,1679382812517
1679382812509,1679382812639
1679382812521,1679382812651
1679382812427,1679382812678
1679382812667,1679382812714
1679382812232,1679382812730
1679382812665,1679382812747
1679382812333,1679382812786
1679382812846,1679382812851
1679382812753,1679382812869
1679382812873,1679382812881
1679382812923,1679382812941
1679382812949,1679382812969
1679382812937,1679382812974
1679382812987,1679382813003
1679382813044,1679382813057
1679382813021,1679382813066
1679382813088,1679382813098
1679382813043,1679382813111
1679382813085,1679382813113
1679382813205,1679382813224
1679382813161,1679382813230
1679382813225,1679382813251
1679382813260,1679382813293
1679382813385,1679382813399
1679382813160,1679382813450
1679382813408,1679382813471
1679382813168,1679382813477
1679382813260,1679382813557
1679382813549,1679382813567
1679382813580,1679382813589
1679382813554,1679382813603
1679382813632,1679382813646
1679382813689,1679382813704
1679382813711,1679382813761
1679382813565,1679382813785
1679382813719,1679382813828
1679382813781,1679382813857
1679382813725,1679382813906
1679382813899,1679382813953
1679382813927,1679382813992
1679382813791,1679382814002
1679382813486,1679382814011
1679382813802,1679382814019
1679382813557,1679382814043
1679382814039,1679382814049
1679382814053,1679382814081
1679382813557,1679382814086
1679382813571,1679382814092
1679382814017,1679382814114
1679382813366,1679382814122
1679382813695,1679382814128
1679382813638,1679382814187
1679382814187,1679382814204
1679382813827,1679382814210
1679382814212,1679382814221
1679382814270,1679382814281
1679382814338,1679382814365
1679382814372,1679382814380
1679382814381,1679382814385
1679382814408,1679382814435
1679382814549,1679382814611
1679382814682,1679382814688
1679382814557,1679382814691
1679382814616,1679382814735
1679382814703,1679382814768
1679382814766,1679382814824
1679382814841,1679382814846
1679382814792,1679382814857
1679382814950,1679382814972
1679382814963,1679382814972
1679382814988,1679382815077
1679382815069,1679382815139
1679382815131,1679382815170
1679382815270,1679382815274
1679382815235,1679382815296
1679382815241,1679382815316
1679382815270,1679382815347
1679382815334,1679382815369
1679382815335,1679382815418
1679382815441,1679382815468
1679382815479,1679382815559
1679382815381,1679382815631
1679382815560,1679382815634
1679382815609,1679382815642
1679382815549,1679382815663
1679382815698,1679382815714
1679382815690,1679382815719
1679382815657,1679382815735
1679382815479,1679382815754
1679382815672,1679382815769
1679382815703,1679382815775
1679382815678,1679382815776
1679382815698,1679382815823
1679382815785,1679382815862
1679382815865,1679382815896
1679382815876,1679382815902
1679382815835,1679382815919
1679382815909,1679382815934
1679382815932,1679382815937
1679382815841,1679382816011
1679382815954,1679382816015
1679382816051,1679382816090
1679382815765,1679382816131
1679382816017,1679382816137
1679382816117,1679382816196
1679382816021,1679382816248
1679382816226,1679382816291
1679382816212,1679382816308
1679382816230,1679382816319
1679382816137,1679382816363
1679382816107,1679382816381
1679382816376,1679382816410
1679382816381,1679382816428
1679382816448,1679382816454
1679382816435,1679382816490
1679382816468,1679382816507
1679382816514,1679382816516
1679382816576,1679382816593
1679382816604,1679382816623
1679382816633,1679382816650
1679382816724,1679382816761
1679382816667,1679382816811
1679382816702,1679382816864
1679382816668,1679382816866
1679382816866,1679382816882
1679382816732,1679382816923
1679382816575,1679382816968
1679382816971,1679382816983
1679382816976,1679382817076
1679382817056,1679382817088
1679382817036,1679382817109
1679382817113,1679382817144
1679382817120,1679382817151
1679382817157,1679382817198
1679382817179,1679382817229
1679382817185,1679382817247
1679382817247,1679382817262
1679382817297,1679382817355
1679382817346,1679382817355
1679382817354,1679382817472
1679382817413,1679382817512
1679382817529,1679382817555
1679382817524,1679382817579
1679382817565,1679382817620
1679382817661,1679382817666
1679382817681,1679382817689
1679382817688,1679382817701
1679382817668,1679382817711
1679382817749,1679382817757
1679382817790,1679382817847
1679382817664,1679382817883
1679382817860,1679382817917
1679382817903,1679382817932
1679382817932,1679382817953
1679382817932,1679382817970
1679382817984,1679382818005
1679382817991,1679382818044
1679382817996,1679382818062
1679382818096,1679382818104
1679382818032,1679382818121
1679382818047,1679382818171
1679382818160,1679382818173
1679382818199,1679382818204
1679382818232,1679382818284
1679382818120,1679382818288
1679382818285,1679382818306
1679382818311,1679382818337
1679382818196,1679382818377
1679382818216,1679382818386
1679382817981,1679382818425
1679382818447,1679382818471
1679382818340,1679382818497
1679382818391,1679382818526
1679382818497,1679382818533
1679382818328,1679382818610
1679382818569,1679382818630
1679382818104,1679382818652
1679382818217,1679382818710
1679382818632,1679382818722
1679382818731,1679382818735
1679382818611,1679382818738
1679382818697,1679382818879
1679382818884,1679382818990
1679382818904,1679382819045
1679382819052,1679382819059
1679382819068,1679382819076
1679382819041,1679382819100
1679382819072,1679382819105
1679382819092,1679382819121
1679382819095,1679382819205
1679382819141,1679382819216
1679382819195,1679382819231
1679382819191,1679382819249
1679382819189,1679382819251
1679382819216,1679382819272
1679382819268,1679382819294
1679382819308,1679382819453
1679382819241,1679382819488
1679382819288,1679382819503
1679382819369,1679382819513
1679382819467,1679382819523
1679382819306,1679382819551
1679382819336,1679382819560
1679382819639,1679382819653
1679382819615,1679382819699
1679382819696,1679382819705
1679382819724,1679382819736
1679382819677,1679382819738
1679382819700,1679382819755
1679382819750,1679382819774
1679382819772,1679382819810
1679382819805,1679382819851
1679382819814,1679382819870
1679382819780,1679382819878
1679382819732,1679382819879
1679382819840,1679382819898
1679382819768,1679382819925
1679382819874,1679382819980
1679382820013,1679382820018
1679382819862,1679382820025
1679382820031,1679382820061
1679382820076,1679382820104
1679382820078,1679382820121
1679382820106,1679382820145
1679382820147,1679382820160
1679382820237,1679382820245
1679382820165,1679382820278
1679382820280,1679382820367
1679382820512,1679382820566
1679382820553,1679382820573
1679382820492,1679382820597
1679382820636,1679382820667
1679382820656,1679382820706
1679382820699,1679382820728
1679382820716,1679382820834
1679382820834,1679382820845
1679382820940,1679382820980
1679382820772,1679382820981
1679382821099,1679382821109
1679382821092,1679382821123
1679382821106,1679382821138
1679382821160,1679382821182
1679382821164,1679382821197
1679382821188,1679382821226
1679382821221,1679382821242
1679382821288,1679382821298
1679382821128,1679382821328
1679382821163,1679382821333
1679382821272,1679382821349
1679382821352,1679382821357
1679382821368,1679382821376
1679382821317,1679382821420
1679382821484,1679382821487
1679382821411,1679382821512
1679382821579,1679382821596
1679382821413,1679382821609
1679382821592,1679382821618
1679382821477,1679382821632
1679382821423,1679382821650
1679382821625,1679382821678
1679382821562,1679382821678
1679382821611,1679382821700
1679382821694,1679382821738
1679382821655,1679382821739
1679382821516,1679382821757
1679382821407,1679382821764
1679382821681,1679382821794
1679382821728,1679382821799
1679382821735,1679382821826
1679382821754,1679382821863
1679382821730,1679382821905
1679382821781,1679382821938
1679382821764,1679382821982
1679382822064,1679382822081
1679382822033,1679382822084
1679382822030,1679382822099
1679382822083,1679382822144
1679382822244,1679382822253
1679382822226,1679382822270
1679382822282,1679382822369
1679382822271,1679382822376
1679382822241,1679382822420
1679382822405,1679382822457
1679382822493,1679382822537
1679382822546,1679382822591
1679382822614,1679382822619
1679382822627,1679382822630
1679382822660,1679382822679
1679382822674,1679382822707
1679382822644,1679382822710
1679382822763,1679382822778
1679382822805,1679382822809
1679382822812,1679382822820
1679382822709,1679382822820
1679382822870,1679382822876
1679382822909,1679382822921
1679382822869,1679382822924
1679382822878,1679382822958
1679382822973,1679382822984
1679382822876,1679382822985
1679382823044,1679382823130
1679382823130,1679382823145
1679382823129,1679382823146
1679382823182,1679382823193
1679382823100,1679382823200
1679382823280,1679382823330
1679382823357,1679382823393
1679382823421,1679382823427
1679382823440,1679382823455
1679382823613,1679382823631
1679382823642,1679382823658
1679382823652,1679382823726
1679382823761,1679382823769
1679382823828,1679382823883
1679382823761,1679382823910
1679382823869,1679382823951
1679382823837,1679382823954
1679382823937,1679382823972
1679382823953,1679382824047
1679382823965,1679382824054
1679382824050,1679382824077
1679382824050,1679382824138
1679382824061,1679382824142
1679382824134,1679382824142
1679382824175,1679382824203
1679382824186,1679382824216
1679382824321,1679382824345
1679382824189,1679382824369
1679382824392,1679382824397
1679382824437,1679382824464
1679382824433,1679382824472
1679382824461,1679382824509
1679382824554,1679382824588
1679382824576,1679382824626
1679382824497,1679382824674
1679382824365,1679382824729
1679382824425,1679382824778
1679382824759,1679382824792
1679382824433,1679382824798
1679382824777,1679382824836
1679382824669,1679382824837
1679382824835,1679382824907
1679382824801,1679382825028
1679382824869,1679382825036
1679382824869,1679382825060
1679382825096,1679382825170
1679382825148,1679382825183
1679382824991,1679382825240
1679382825053,1679382825246
1679382824881,1679382825371
1679382825060,1679382825419
1679382824916,1679382825440
1679382825290,1679382825442
1679382824985,1679382825455
1679382825517,1679382825540
1679382824868,1679382825561
1679382825112,1679382825612
1679382825622,1679382825658
1679382825439,1679382825664
1679382825317,1679382825678
1679382825571,1679382825717
1679382825493,1679382825757
1679382825464,1679382825780
1679382825659,1679382825806
1679382825721,1679382825815
1679382825113,1679382825863
1679382825367,1679382825881
1679382825494,1679382825902
1679382825509,1679382825932
1679382825550,1679382825937
1679382825946,1679382826015
1679382825132,1679382826084
1679382825698,1679382826086
1679382826040,1679382826113
1679382826021,1679382826127
1679382825708,1679382826173
1679382825512,1679382826178
1679382825672,1679382826218
1679382825999,1679382826244
1679382825626,1679382826253
1679382825692,1679382826264
1679382826000,1679382826275
1679382826139,1679382826342
1679382825606,1679382826425
1679382826422,1679382826428
1679382825249,1679382826455
1679382826347,1679382826480
1679382825861,1679382826483
1679382826374,1679382826495
1679382826462,1679382826496
1679382826557,1679382826633
1679382826507,1679382826675
1679382826320,1679382826680
1679382826504,1679382826693
1679382826616,1679382826708
1679382826542,1679382826736
1679382826728,1679382826827
1679382826846,1679382826861
1679382826641,1679382826862
1679382826768,1679382826875
1679382826857,1679382826919
1679382826873,1679382826964
1679382826961,1679382826978
1679382826961,1679382827006
1679382827057,1679382827066
1679382827066,1679382827150
1679382827156,1679382827195
1679382827272,1679382827277
1679382827270,1679382827289
1679382827272,1679382827314
1679382827220,1679382827331
1679382827361,1679382827387
1679382827411,1679382827434
1679382827419,1679382827462
1679382827393,1679382827501
1679382827492,1679382827513
1679382827512,1679382827526
1679382827552,1679382827585
1679382827555,1679382827612
1679382827596,1679382827649
1679382827549,1679382827709
1679382827529,1679382827714
1679382827712,1679382827727
1679382827756,1679382827763
1679382827788,1679382827808
1679382827745,1679382827861
1679382827489,1679382827932
1679382827885,1679382827946
1679382827857,1679382827949
1679382827600,1679382827970
1679382827982,1679382828004
1679382827853,1679382828037
1679382828004,1679382828048
1679382827700,1679382828112
1679382828128,1679382828143
1679382828115,1679382828172
1679382828068,1679382828181
1679382828171,1679382828184
1679382828137,1679382828198
1679382828219,1679382828242
1679382828308,1679382828314
1679382828252,1679382828314
1679382828340,1679382828346
1679382828356,1679382828416
1679382828390,1679382828481
1679382828476,1679382828497
1679382828473,1679382828500
1679382828420,1679382828537
1679382828545,1679382828549
1679382828553,1679382828574
1679382828561,1679382828581
1679382828641,1679382828649
1679382828625,1679382828680
1679382828708,1679382828745
1679382828756,1679382828786
1679382828820,1679382828846
1679382828844,1679382828879
1679382828801,1679382828890
1679382828879,1679382828922
1679382828848,1679382828936
1679382828924,1679382829004
1679382828983,1679382829022
1679382829092,1679382829141
1679382829033,1679382829173
1679382829072,1679382829228
1679382829235,1679382829247
1679382829332,1679382829339
1679382829476,1679382829498
1679382829466,1679382829576
1679382829533,1679382829620
1679382829599,1679382829646
1679382829571,1679382829702
1679382829761,1679382829771
1679382829697,1679382829771
1679382829775,1679382829787
1679382829571,1679382829799
1679382829720,1679382829868
1679382829808,1679382829901
1679382829564,1679382829901
1679382829784,1679382829943
1679382829901,1679382829957
1679382829509,1679382829970
1679382829588,1679382830009
1679382829808,1679382830068
1679382829908,1679382830102
1679382829496,1679382830106
1679382830107,1679382830117
1679382830021,1679382830193
1679382830155,1679382830244
1679382830042,1679382830252
1679382830256,1679382830307
1679382830274,1679382830314
1679382830188,1679382830342
1679382830323,1679382830360
1679382830404,1679382830409
1679382830415,1679382830477
1679382830472,1679382830496
1679382830423,1679382830521
1679382830209,1679382830613
1679382830513,1679382830615
1679382830613,1679382830623
1679382830688,1679382830708
1679382830688,1679382830720
1679382830512,1679382830727
1679382830634,1679382830739
1679382830515,1679382830767
1679382830788,1679382830849
1679382830865,1679382830898
1679382830708,1679382830957
1679382830948,1679382830962
1679382830882,1679382830986
1679382830964,1679382831029
1679382831040,1679382831080
1679382831028,1679382831084
1679382831097,1679382831117
1679382831211,1679382831220
1679382831206,1679382831308
1679382831384,1679382831402
1679382831443,1679382831463
1679382831577,1679382831614
1679382831645,1679382831651
1679382831633,1679382831656
1679382831672,1679382831692
1679382831677,1679382831702
1679382831660,1679382831711
1679382831687,1679382831713
1679382831751,1679382831777
1679382831788,1679382831851
1679382831842,1679382831856
1679382831861,1679382831874
1679382831787,1679382831880
1679382831979,1679382832021
1679382832023,1679382832039
1679382832019,1679382832051
1679382832006,1679382832076
1679382832028,1679382832101
1679382832212,1679382832252
1679382832237,1679382832266
1679382832280,1679382832290
1679382832245,1679382832369
1679382832332,1679382832388
1679382832388,1679382832390
1679382832325,1679382832422
1679382832319,1679382832432
1679382832367,1679382832445
1679382832563,1679382832628
1679382832618,1679382832642
1679382832698,1679382832766
1679382832617,1679382832797
1679382832820,1679382832871
1679382832884,1679382832921
1679382832897,1679382832965
1679382832969,1679382832994
1679382833082,1679382833160
1679382833108,1679382833185
1679382833189,1679382833226
1679382833222,1679382833271
1679382833228,1679382833276
1679382833332,1679382833381
1679382833393,1679382833436
1679382833511,1679382833526
1679382833524,1679382833554
1679382833571,1679382833577
1679382833621,1679382833631
1679382833741,1679382833837
1679382833788,1679382833932
1679382833928,1679382833943
1679382833803,1679382833944
1679382833937,1679382833959
1679382833908,1679382833980
1679382833990,1679382834016
1679382834025,1679382834056
1679382834186,1679382834193
1679382834101,1679382834211
1679382834144,1679382834258
1679382834245,1679382834283
1679382834170,1679382834288
1679382834130,1679382834291
1679382834321,1679382834326
1679382834278,1679382834361
1679382833986,1679382834361
1679382834336,1679382834394
1679382834061,1679382834428
1679382834402,1679382834460
1679382834413,1679382834477
1679382834450,1679382834518
1679382834616,1679382834648
1679382834606,1679382834681
1679382834689,1679382834705
1679382834629,1679382834735
1679382834732,1679382834748
1679382834718,1679382834825
1679382835091,1679382835135
1679382835141,1679382835154
1679382835183,1679382835187
1679382835309,1679382835345
1679382835288,1679382835402
1679382835342,1679382835424
1679382835545,1679382835562
1679382835541,1679382835589
1679382835596,1679382835601
1679382835596,1679382835609
1679382835612,1679382835629
1679382835519,1679382835670
1679382835681,1679382835749
1679382835725,1679382835763
1679382835795,1679382835800
1679382835825,1679382835848
1679382835816,1679382835885
1679382835836,1679382835944
1679382835949,1679382835957
1679382835980,1679382835996
1679382835825,1679382836001
1679382836057,1679382836128
1679382836037,1679382836133
1679382836090,1679382836134
1679382836123,1679382836167
1679382836049,1679382836225
1679382836213,1679382836226
1679382835991,1679382836239
1679382836422,1679382836451
1679382836428,1679382836469
1679382836550,1679382836567
1679382836572,1679382836599
1679382836629,1679382836635
1679382836637,1679382836650
1679382836691,1679382836694
1679382836774,1679382836790
1679382836833,1679382836864
1679382836841,1679382836873
1679382836976,1679382836996
1679382836973,1679382837020
1679382837056,1679382837070
1679382836961,1679382837090
1679382837073,1679382837143
1679382837085,1679382837143
1679382837114,1679382837147
1679382837137,1679382837161
1679382837234,1679382837271
1679382837231,1679382837283
1679382837246,1679382837303
1679382837276,1679382837373
1679382837277,1679382837399
1679382837184,1679382837412
1679382837246,1679382837428
1679382837405,1679382837451
1679382837573,1679382837591
1679382837589,1679382837642
1679382837658,1679382837701
1679382837730,1679382837861
1679382837875,1679382837886
1679382837779,1679382837898
1679382837912,1679382837924
1679382837868,1679382837940
1679382837922,1679382838095
1679382838031,1679382838101
1679382838068,1679382838126
1679382838029,1679382838190
1679382838185,1679382838205
1679382838036,1679382838213
1679382838044,1679382838237
1679382838472,1679382838502
1679382838473,1679382838535
1679382838535,1679382838542
1679382838592,1679382838602
1679382838663,1679382838677
1679382838642,1679382838685
1679382838675,1679382838730
1679382838717,1679382838745
1679382838732,1679382838747
1679382838728,1679382838771
1679382838816,1679382838827
1679382838740,1679382838839
1679382838872,1679382838876
1679382838803,1679382838928
1679382838957,1679382838961
1679382838873,1679382838991
1679382838988,1679382839026
1679382839130,1679382839187
1679382839228,1679382839257
1679382839080,1679382839257
1679382839170,1679382839382
1679382839061,1679382839407
1679382839245,1679382839419
1679382839090,1679382839474
1679382839090,1679382839533
1679382839544,1679382839556
1679382839556,1679382839568
1679382839611,1679382839648
1679382839618,1679382839657
1679382839721,1679382839746
1679382839729,1679382839763
1679382839714,1679382839779
1679382839897,1679382839927
1679382839969,1679382840003
1679382839972,1679382840004
1679382840099,1679382840113
1679382840113,1679382840143
1679382840110,1679382840186
1679382840156,1679382840189
1679382840179,1679382840209
1679382840283,1679382840320
1679382840241,1679382840367
1679382840400,1679382840434
1679382840401,1679382840478
1679382840473,1679382840478
1679382840421,1679382840482
1679382840529,1679382840563
1679382840699,1679382840704
1679382840677,1679382840716
1679382840680,1679382840735
1679382840800,1679382840810
1679382840729,1679382840816
1679382840811,1679382840816
1679382840892,1679382840901
1679382840877,1679382840905
1679382840899,1679382840924
1679382840911,1679382840955
1679382840920,1679382840956
1679382840919,1679382840967
1679382840915,1679382841009
1679382840911,1679382841040
1679382840870,1679382841063
1679382840824,1679382841115
1679382840977,1679382841121
1679382841126,1679382841141
1679382841010,1679382841152
1679382840888,1679382841165
1679382840903,1679382841166
1679382840911,1679382841171
1679382840938,1679382841222
1679382841116,1679382841234
1679382840924,1679382841239
1679382841064,1679382841244
1679382840914,1679382841255
1679382840897,1679382841278
1679382840972,1679382841304
1679382840961,1679382841318
1679382840934,1679382841330
1679382840928,1679382841342
1679382841146,1679382841356
1679382841202,1679382841377
1679382841129,1679382841383
1679382841365,1679382841413
1679382840940,1679382841442
1679382841383,1679382841451
1679382840885,1679382841472
1679382841541,1679382841553
1679382841591,1679382841661
1679382841517,1679382841675
1679382841705,1679382841727
1679382841554,1679382841758
1679382841733,1679382841822
1679382841790,1679382841828
1679382841885,1679382841896
1679382842035,1679382842051
1679382842005,1679382842056
1679382842044,1679382842107
1679382842108,1679382842111
1679382842199,1679382842241
1679382842230,1679382842264
1679382842247,1679382842311
1679382842321,1679382842343
1679382842405,1679382842445
1679382842512,1679382842523
1679382842465,1679382842523
1679382842425,1679382842543
1679382842516,1679382842619
1679382842515,1679382842642
1679382842573,1679382842643
1679382842384,1679382842650
1679382842434,1679382842693
1679382842809,1679382842819
1679382842811,1679382842824
1679382842818,1679382842836
1679382842865,1679382842870
1679382842855,1679382842893
1679382842827,1679382842909
1679382842907,1679382842914
1679382842925,1679382842941
1679382842912,1679382842973
1679382842982,1679382843004
1679382842989,1679382843039
1679382843002,1679382843105
1679382842901,1679382843108
1679382843060,1679382843149
1679382843103,1679382843188
1679382843186,1679382843290
1679382843291,1679382843295
1679382843265,1679382843298
1679382843318,1679382843425
1679382843301,1679382843451
1679382843441,1679382843467
1679382843482,1679382843510
1679382843578,1679382843585
1679382843570,1679382843591
1679382843586,1679382843595
1679382843621,1679382843658
1679382843763,1679382843807
1679382843780,1679382843867
1679382843852,1679382843924
1679382843987,1679382844005
1679382844145,1679382844159
1679382844155,1679382844168
1679382844205,1679382844211
1679382844246,1679382844286
1679382844285,1679382844315
1679382844335,1679382844341
1679382844375,1679382844402
1679382844374,1679382844428
1679382844412,1679382844462
1679382844418,1679382844467
1679382844571,1679382844580
1679382844567,1679382844642
1679382844581,1679382844644
1679382844602,1679382844663
1679382844614,1679382844667
1679382844696,1679382844767
1679382844677,1679382844770
1679382844792,1679382844827
1679382844802,1679382844830
1679382844827,1679382844877
1679382844876,1679382844884
1679382844911,1679382844923
1679382844919,1679382844930
1679382844921,1679382844950
1679382844823,1679382844994
1679382844986,1679382845035
1679382844935,1679382845046
1679382844858,1679382845052
1679382844903,1679382845095
1679382845025,1679382845236
1679382845123,1679382845311
1679382845261,1679382845336
1679382845192,1679382845395
1679382845236,1679382845410
1679382845365,1679382845449
1679382845303,1679382845462
1679382845314,1679382845522
1679382845453,1679382845528
1679382845527,1679382845576
1679382845461,1679382845649
1679382845500,1679382845651
1679382845410,1679382845700
1679382845648,1679382845714
1679382845478,1679382845715
1679382845227,1679382845715
1679382845549,1679382845731
1679382845707,1679382845733
1679382845172,1679382845741
1679382845721,1679382845755
1679382845207,1679382845764
1679382845527,1679382845781
1679382845573,1679382845794
1679382845689,1679382845796
1679382845730,1679382845855
1679382845820,1679382845859
1679382845931,1679382845946
1679382845923,1679382845954
1679382845964,1679382845980
1679382845848,1679382846024
1679382845967,1679382846045
1679382845941,1679382846084
1679382845943,1679382846088
1679382845984,1679382846103
1679382846031,1679382846144
1679382846139,1679382846146
1679382846223,1679382846229
1679382846192,1679382846332
1679382846267,1679382846344
1679382846286,1679382846345
1679382846387,1679382846421
1679382846470,1679382846474
1679382846481,1679382846491
1679382846460,1679382846500
1679382846543,1679382846549
1679382846631,1679382846714
1679382846732,1679382846747
1679382846755,1679382846793
1679382846714,1679382846874
1679382846708,1679382846885
1679382846726,1679382846897
1679382846920,1679382847057
1679382846950,1679382847082
1679382847070,1679382847122
1679382847124,1679382847131
1679382847095,1679382847153
1679382847161,1679382847192
1679382847170,1679382847194
1679382847296,1679382847321
1679382847389,1679382847393
1679382847400,1679382847447
1679382847447,1679382847453
1679382847463,1679382847494
1679382847451,1679382847527
1679382847480,1679382847537
1679382847676,1679382847701
1679382847698,1679382847768
1679382847732,1679382847778
1679382847691,1679382847792
1679382847718,1679382847800
1679382847844,1679382847854
1679382847889,1679382847898
1679382847946,1679382847983
1679382847912,1679382848018
1679382847966,1679382848029
1679382847988,1679382848039
1679382847972,1679382848095
1679382848091,1679382848191
1679382848255,1679382848286
1679382848212,1679382848288
1679382848215,1679382848310
1679382848338,1679382848354
1679382848367,1679382848385
1679382848286,1679382848470
1679382848435,1679382848479
1679382848526,1679382848573
1679382848450,1679382848599
1679382848522,1679382848612
1679382848444,1679382848629
1679382848599,1679382848630
1679382848460,1679382848824
1679382848690,1679382848831
1679382848628,1679382848840
1679382848530,1679382848864
1679382848763,1679382848865
1679382848704,1679382848898
1679382848919,1679382848934
1679382848897,1679382848975
1679382848665,1679382848985
1679382848632,1679382848999
1679382848952,1679382849030
1679382848704,1679382849032
1679382848932,1679382849041
1679382849009,1679382849057
1679382849016,1679382849073
1679382849070,1679382849075
1679382849101,1679382849134
1679382849129,1679382849159
1679382849162,1679382849247
1679382849271,1679382849310
1679382849224,1679382849331
1679382849330,1679382849340
1679382849303,1679382849381
1679382849338,1679382849382
1679382849451,1679382849466
1679382849499,1679382849514
1679382849510,1679382849530
1679382849564,1679382849638
1679382849599,1679382849647
1679382849611,1679382849663
1679382849585,1679382849665
1679382849506,1679382849665
1679382849614,1679382849695
1679382849702,1679382849714
1679382849722,1679382849732
1679382849766,1679382849788
1679382849772,1679382849846
1679382849878,1679382849895
1679382849880,1679382849921
1679382849872,1679382849936
1679382849981,1679382849983
1679382849933,1679382849985
1679382849638,1679382850045
1679382849936,1679382850173
1679382850112,1679382850213
1679382850121,1679382850254
1679382850124,1679382850256
1679382850124,1679382850278
1679382849980,1679382850297
1679382850283,1679382850352
1679382850319,1679382850358
1679382850348,1679382850372
1679382850374,1679382850451
1679382850451,1679382850478
1679382850441,1679382850555
1679382850556,1679382850560
1679382850587,1679382850685
1679382850610,1679382850716
1679382850727,1679382850771
1679382850802,1679382850809
1679382850909,1679382850915
1679382850917,1679382850939
1679382850909,1679382850953
1679382850958,1679382850974
1679382850990,1679382850997
1679382850980,1679382851002
1679382851000,1679382851014
1679382850970,1679382851049
1679382851038,1679382851061
1679382850983,1679382851079
1679382851001,1679382851106
1679382850947,1679382851108
1679382851042,1679382851112
1679382850991,1679382851142
1679382851007,1679382851157
1679382851139,1679382851212
1679382851156,1679382851271
1679382851253,1679382851302
1679382851250,1679382851318
1679382851116,1679382851330
1679382850992,1679382851342
1679382851338,1679382851346
1679382851337,1679382851393
1679382851356,1679382851405
1679382851231,1679382851501
1679382851334,1679382851554
1679382851457,1679382851556
1679382851541,1679382851558
1679382851495,1679382851569
1679382851446,1679382851573
1679382851409,1679382851596
1679382851426,1679382851608
1679382851667,1679382851749
1679382851637,1679382851771
1679382851693,1679382851810
1679382851746,1679382851829
1679382851676,1679382851837
1679382851944,1679382851977
1679382851923,1679382851995
1679382851772,1679382852012
1679382851968,1679382852038
1679382851975,1679382852092
1679382852044,1679382852112
1679382851980,1679382852123
1679382852137,1679382852156
1679382852109,1679382852163
1679382852079,1679382852195
1679382852029,1679382852272
1679382852164,1679382852278
1679382852271,1679382852280
1679382852074,1679382852284
1679382852308,1679382852316
1679382852331,1679382852333
1679382852381,1679382852409
1679382852430,1679382852506
1679382852590,1679382852614
1679382852653,1679382852660
1679382852767,1679382852818
1679382852810,1679382852856
1679382852865,1679382852886
1679382852865,1679382852931
1679382852875,1679382853022
1679382852927,1679382853107
1679382852659,1679382853124
1679382853091,1679382853140
1679382852972,1679382853159
1679382853159,1679382853181
1679382853105,1679382853208
1679382853188,1679382853225
1679382852942,1679382853252
1679382852945,1679382853255
1679382853251,1679382853279
1679382853069,1679382853279
1679382853265,1679382853351
1679382853313,1679382853385
1679382853334,1679382853392
1679382853358,1679382853447
1679382853436,1679382853450
1679382852949,1679382853515
1679382853442,1679382853580
1679382853480,1679382853597
1679382853131,1679382853605
1679382853301,1679382853605
1679382853568,1679382853609
1679382853597,1679382853614
1679382853642,1679382853710
1679382853704,1679382853714
1679382853682,1679382853728
1679382853832,1679382853836
1679382853886,1679382853890
1679382853822,1679382853941
1679382853931,1679382853983
1679382853901,1679382854005
1679382854002,1679382854038
1679382853676,1679382854039
1679382854074,1679382854088
1679382854105,1679382854113
1679382854127,1679382854141
1679382854237,1679382854267
1679382854295,1679382854310
1679382854322,1679382854348
1679382854376,1679382854440
1679382854439,1679382854453
1679382854475,1679382854489
1679382854373,1679382854563
1679382854506,1679382854581
1679382854574,1679382854596
1679382854594,1679382854650
1679382854522,1679382854687
1679382854474,1679382854719
1679382854726,1679382854748
1679382854506,1679382854752
1679382854578,1679382854765
1679382854765,1679382854789
1679382854701,1679382854848
1679382854814,1679382854865
1679382854882,1679382854907
1679382854881,1679382854911
1679382854955,1679382854965
1679382854953,1679382854974
1679382854975,1679382854983
1679382854975,1679382854995
1679382854997,1679382855038
1679382855022,1679382855085
1679382855052,1679382855101
1679382854997,1679382855118
1679382855102,1679382855152
1679382855117,1679382855156
1679382854944,1679382855212
1679382855100,1679382855257
1679382855271,1679382855278
1679382855247,1679382855317
1679382855311,1679382855337
1679382855275,1679382855353
1679382855320,1679382855361
1679382855243,1679382855373
1679382855091,1679382855373
1679382855340,1679382855448
1679382855407,1679382855516
1679382855434,1679382855522
1679382855450,1679382855605
1679382855446,1679382855622
1679382855455,1679382855675
1679382855682,1679382855690
1679382855641,1679382855710
1679382855708,1679382855719
1679382855725,1679382855817
1679382855827,1679382855858
1679382855742,1679382855892
1679382855885,1679382855893
1679382855848,1679382855914
1679382856017,1679382856034
1679382855998,1679382856058
1679382855945,1679382856068
1679382856064,1679382856098
1679382856075,1679382856118
1679382856130,1679382856164
1679382856096,1679382856178
1679382856081,1679382856198
1679382856171,1679382856232
1679382856215,1679382856260
1679382856242,1679382856337
1679382856223,1679382856353
1679382856288,1679382856354
1679382856215,1679382856368
1679382856390,1679382856398
1679382856413,1679382856418
1679382856384,1679382856418
1679382856287,1679382856428
1679382856467,1679382856558
1679382856567,1679382856587
1679382856559,1679382856635
1679382856555,1679382856636
1679382856588,1679382856643
1679382856624,1679382856665
1679382856693,1679382856699
1679382856605,1679382856699
1679382856619,1679382856728
1679382856731,1679382856761
1679382856734,1679382856766
1679382856697,1679382856770
1679382856807,1679382856833
1679382856674,1679382856833
1679382856959,1679382856968
1679382856875,1679382856970
1679382856971,1679382856994
1679382856957,1679382857044
1679382857024,1679382857126
1679382857142,1679382857183
1679382857184,1679382857196
1679382857167,1679382857209
1679382857073,1679382857226
1679382857224,1679382857245
1679382857030,1679382857279
1679382857233,1679382857322
1679382857315,1679382857370
1679382857443,1679382857476
1679382857433,1679382857480
1679382857567,1679382857594
1679382857552,1679382857603
1679382857662,1679382857674
1679382857605,1679382857691
1679382857649,1679382857745
1679382857727,1679382857748
1679382857721,1679382857780
1679382857772,1679382857814
1679382857827,1679382857849
1679382857904,1679382857911
1679382857924,1679382857928
1679382857969,1679382857992
1679382857999,1679382858012
1679382857978,1679382858027
1679382858037,1679382858051
1679382858242,1679382858278
1679382858219,1679382858303
1679382858315,1679382858318
1679382858292,1679382858325
1679382858375,1679382858391
1679382858391,1679382858423
1679382858424,1679382858479
1679382858478,1679382858505
1679382858495,1679382858513
1679382858508,1679382858514
1679382858683,1679382858734
1679382858616,1679382858769
1679382858596,1679382858770
1679382858498,1679382858804
1679382858440,1679382858826
1679382858640,1679382858873
1679382858799,1679382858917
1679382858675,1679382858926
1679382858900,1679382858939
1679382858576,1679382858953
1679382858912,1679382858959
1679382858923,1679382859023
1679382858980,1679382859053
1679382858928,1679382859112
1679382859167,1679382859171
1679382859211,1679382859265
1679382859292,1679382859303
1679382859265,1679382859317
1679382859200,1679382859322
1679382859231,1679382859336
1679382859293,1679382859345
1679382858980,1679382859373
1679382859383,1679382859421
1679382859307,1679382859436
1679382859416,1679382859460
1679382859469,1679382859486
1679382859376,1679382859488
1679382859083,1679382859503
1679382859380,1679382859517
1679382858895,1679382859523
1679382859444,1679382859558
1679382859388,1679382859613
1679382859612,1679382859618
1679382859274,1679382859656
1679382859756,1679382859778
1679382859675,1679382859793
1679382859716,1679382859810
1679382859577,1679382859857
1679382859837,1679382859860
1679382859858,1679382859877
1679382859740,1679382859882
1679382859855,1679382859903
1679382859901,1679382859910
1679382859576,1679382859957
1679382859303,1679382860007
1679382860032,1679382860100
1679382859949,1679382860101
1679382860079,1679382860108
1679382860113,1679382860128
1679382860125,1679382860269
1679382860151,1679382860327
1679382860110,1679382860330
1679382860340,1679382860360
1679382860124,1679382860368
1679382860330,1679382860397
1679382860210,1679382860414
1679382860416,1679382860445
1679382860441,1679382860450
1679382860444,1679382860464
1679382860456,1679382860486
1679382860520,1679382860541
1679382860557,1679382860563
1679382860621,1679382860629
1679382860616,1679382860655
1679382860670,1679382860720
1679382860744,1679382860753
1679382860670,1679382860836
1679382860786,1679382860866
1679382860931,1679382860936
1679382860849,1679382860945
1679382860962,1679382860968
1679382860889,1679382861016
1679382860804,1679382861064
1679382861096,1679382861113
1679382861116,1679382861129
1679382861136,1679382861139
1679382861180,1679382861212
1679382861247,1679382861263
1679382861225,1679382861322
1679382861255,1679382861342
1679382861344,1679382861349
1679382861338,1679382861361
1679382861354,1679382861435
1679382861451,1679382861459
1679382861513,1679382861523
1679382861464,1679382861552
1679382861594,1679382861635
1679382861612,1679382861705
1679382861698,1679382861747
1679382861797,1679382861858
1679382861789,1679382861882
1679382861964,1679382861983
1679382861981,1679382861989
1679382861885,1679382862027
1679382861847,1679382862042
1679382861988,1679382862057
1679382862081,1679382862114
1679382861851,1679382862163
1679382862014,1679382862177
1679382862182,1679382862195
1679382862184,1679382862198
1679382861987,1679382862224
1679382862150,1679382862246
1679382862123,1679382862349
1679382861891,1679382862421
1679382862036,1679382862422
1679382862335,1679382862428
1679382862416,1679382862475
1679382862381,1679382862483
1679382862428,1679382862483
1679382862318,1679382862509
1679382862280,1679382862518
1679382862470,1679382862541
1679382862470,1679382862569
1679382862043,1679382862595
1679382862560,1679382862595
1679382862528,1679382862631
1679382862133,1679382862724
1679382862713,1679382862742
1679382862155,1679382862743
1679382862261,1679382862752
1679382862717,1679382862787
1679382862766,1679382862791
1679382862786,1679382862835
1679382862801,1679382862856
1679382862240,1679382862861
1679382862856,1679382862881
1679382862615,1679382862952
1679382862897,1679382862963
1679382862986,1679382862992
1679382862914,1679382863003
1679382862988,1679382863008
1679382862999,1679382863057
1679382863058,1679382863068
1679382862845,1679382863133
1679382863197,1679382863213
1679382863273,1679382863282
1679382863271,1679382863391
1679382863251,1679382863394
1679382863353,1679382863411
1679382863321,1679382863431
1679382863429,1679382863475
1679382863484,1679382863506
1679382863456,1679382863553
1679382863565,1679382863638
1679382863514,1679382863657
1679382863844,1679382863863
1679382863890,1679382863897
1679382863786,1679382863920
1679382863783,1679382864020
1679382863729,1679382864027
1679382864000,1679382864031
1679382863809,1679382864040
1679382864002,1679382864110
1679382864059,1679382864116
1679382864089,1679382864122
1679382864007,1679382864137
1679382863693,1679382864200
1679382864170,1679382864312
1679382863978,1679382864341
1679382864361,1679382864400
1679382864233,1679382864403
1679382864353,1679382864430
1679382864357,1679382864521
1679382864577,1679382864610
1679382864597,1679382864619
1679382864596,1679382864629
1679382864615,1679382864631
1679382864665,1679382864672
1679382864676,1679382864684
1679382864693,1679382864727
1679382864645,1679382864731
1679382864741,1679382864775
1679382864788,1679382864803
1679382864838,1679382864843
1679382864838,1679382864863
1679382864893,1679382864908
1679382864770,1679382864913
1679382864823,1679382864954
1679382864889,1679382865001
1679382864961,1679382865002
1679382864907,1679382865014
1679382864937,1679382865046
1679382864896,1679382865062
1679382865076,1679382865081
1679382865117,1679382865172
1679382865030,1679382865209
1679382865172,1679382865220
1679382864986,1679382865222
1679382865146,1679382865235
1679382865236,1679382865254
1679382865139,1679382865305
1679382865066,1679382865315
1679382865017,1679382865343
1679382865224,1679382865406
1679382865392,1679382865432
1679382865442,1679382865477
1679382865423,1679382865481
1679382865217,1679382865501
1679382865502,1679382865523
1679382865488,1679382865552
1679382865485,1679382865666
1679382865651,1679382865672
1679382865720,1679382865726
1679382865713,1679382865751
1679382865582,1679382865752
1679382865716,1679382865775
1679382865757,1679382865782
1679382865780,1679382865798
1679382865760,1679382865811
1679382865821,1679382865849
1679382865797,1679382865860
1679382865867,1679382865965
1679382866001,1679382866017
1679382866003,1679382866031
1679382866076,1679382866085
1679382866068,1679382866085
1679382866051,1679382866090
1679382866115,1679382866131
1679382866137,1679382866144
1679382866175,1679382866185
1679382866137,1679382866199
1679382866210,1679382866281
1679382866292,1679382866301
1679382866293,1679382866344
1679382866469,1679382866516
1679382866437,1679382866549
1679382866482,1679382866568
1679382866469,1679382866628
1679382866487,1679382866631
1679382866634,1679382866761
1679382866604,1679382866768
1679382866725,1679382866774
1679382866720,1679382866780
1679382866569,1679382866793
1679382866637,1679382866795
1679382866576,1679382866813
1679382866794,1679382866845
1679382866884,1679382866906
1679382866544,1679382866944
1679382866807,1679382867056
1679382867069,1679382867084
1679382867107,1679382867116
1679382867136,1679382867218
1679382867217,1679382867231
1679382867087,1679382867338
1679382867321,1679382867371
1679382867156,1679382867424
1679382867189,1679382867427
1679382867449,1679382867505
1679382867481,1679382867517
1679382867344,1679382867524
1679382867383,1679382867525
1679382867144,1679382867544
1679382867505,1679382867560
1679382867647,1679382867692
1679382867612,1679382867720
1679382867715,1679382867790
1679382867659,1679382867809
1679382867813,1679382867843
1679382867656,1679382867864
1679382867703,1679382867897
1679382867736,1679382867926
1679382867708,1679382867982
1679382867817,1679382868010
1679382867958,1679382868011
1679382867849,1679382868014
1679382867683,1679382868077
1679382868120,1679382868133
1679382868149,1679382868153
1679382868113,1679382868203
1679382868268,1679382868292
1679382868340,1679382868360
1679382868259,1679382868361
1679382868373,1679382868448
1679382868439,1679382868456
1679382868489,1679382868494
1679382868508,1679382868514
1679382868499,1679382868567
1679382868543,1679382868636
1679382868615,1679382868679
1679382868683,1679382868687
1679382868707,1679382868737
1679382868641,1679382868749
1679382868688,1679382868755
1679382868731,1679382868829
1679382868653,1679382868885
1679382868852,1679382868903
1679382868875,1679382868906
1679382868903,1679382868936
1679382868886,1679382868953
1679382868929,1679382868987
1679382868951,1679382869022
1679382868935,1679382869052
1679382868913,1679382869057
1679382868833,1679382869093
1679382869031,1679382869094
1679382869140,1679382869145
1679382869036,1679382869151
1679382869126,1679382869177
1679382869136,1679382869180
1679382869155,1679382869200
1679382869070,1679382869219
1679382869217,1679382869223
1679382869291,1679382869302
1679382869339,1679382869360
1679382869356,1679382869360
1679382869346,1679382869447
1679382869449,1679382869495
1679382869382,1679382869526
1679382869569,1679382869594
1679382869584,1679382869595
1679382869597,1679382869601
1679382869656,1679382869682
1679382869640,1679382869689
1679382869712,1679382869781
1679382869787,1679382869842
1679382869777,1679382869855
1679382869780,1679382869871
1679382869775,1679382869892
1679382869870,1679382869903
1679382869891,1679382869918
1679382869893,1679382869964
1679382869967,1679382870003
1679382869785,1679382870003
1679382869973,1679382870013
1679382870025,1679382870067
1679382870019,1679382870069
1679382870088,1679382870125
1679382870122,1679382870169
1679382870052,1679382870184
1679382870199,1679382870226
1679382870197,1679382870282
1679382870385,1679382870395
1679382870325,1679382870425
1679382870468,1679382870475
1679382870463,1679382870477
1679382870385,1679382870499
1679382870467,1679382870580
1679382870492,1679382870589
1679382870492,1679382870643
1679382870555,1679382870697
1679382870690,1679382870733
1679382870731,1679382870753
1679382870701,1679382870766
1679382870608,1679382870770
1679382870659,1679382870775
1679382870803,1679382870820
1679382870853,1679382870882
1679382870808,1679382870884
1679382870931,1679382870982
1679382871033,1679382871041
1679382871140,1679382871161
1679382871150,1679382871177
1679382871148,1679382871194
1679382871129,1679382871258
1679382871125,1679382871269
1679382871304,1679382871317
1679382871159,1679382871338
1679382871172,1679382871348
1679382871139,1679382871371
1679382871170,1679382871385
1679382871317,1679382871388
1679382871150,1679382871412
1679382871310,1679382871413
1679382871436,1679382871441
1679382871406,1679382871448
1679382871137,1679382871459
1679382871169,1679382871472
1679382871152,1679382871494
1679382871164,1679382871517
1679382871441,1679382871607
1679382871104,1679382871607
1679382871660,1679382871721
1679382871686,1679382871751
1679382871671,1679382871772
1679382871533,1679382871797
1679382871737,1679382871800
1679382871816,1679382871910
1679382871869,1679382871915
1679382871282,1679382871924
1679382871925,1679382871931
1679382871768,1679382871955
1679382871861,1679382872009
1679382871980,1679382872029
1679382871692,1679382872068
1679382871668,1679382872071
1679382871971,1679382872215
1679382872232,1679382872244
1679382872196,1679382872257
1679382872294,1679382872324
1679382872276,1679382872347
1679382871665,1679382872350
1679382872249,1679382872373
1679382871808,1679382872434
1679382872413,1679382872459
1679382872119,1679382872460
1679382872357,1679382872484
1679382872457,1679382872510
1679382871143,1679382872578
1679382871628,1679382872591
1679382872176,1679382872633
1679382872204,1679382872683
1679382872280,1679382872692
1679382872491,1679382872699
1679382871307,1679382872756
1679382872618,1679382872764
1679382872593,1679382872912
1679382872880,1679382872948
1679382872778,1679382872957
1679382872741,1679382872963
1679382872993,1679382873009
1679382872804,1679382873040
1679382872276,1679382873056
1679382872761,1679382873074
1679382873021,1679382873078
1679382872930,1679382873080
1679382872875,1679382873108
1679382872948,1679382873118
1679382873141,1679382873152
1679382872565,1679382873175
1679382872859,1679382873187
1679382872983,1679382873204
1679382872916,1679382873235
1679382873326,1679382873336
1679382873268,1679382873441
1679382873432,1679382873461
1679382873513,1679382873565
1679382873477,1679382873583
1679382873559,1679382873604
1679382873651,1679382873661
1679382873645,1679382873716
1679382873637,1679382873730
1679382873626,1679382873745
1679382873784,1679382873808
1679382873790,1679382873825
1679382873781,1679382873862
1679382873847,1679382873990
1679382873980,1679382874015
1679382874004,1679382874039
1679382874032,1679382874057
1679382874020,1679382874087
1679382873985,1679382874087
1679382874092,1679382874104
1679382873994,1679382874134
1679382874140,1679382874176
1679382874090,1679382874179
1679382874140,1679382874200
1679382874129,1679382874214
1679382874261,1679382874289
1679382874138,1679382874309
1679382874293,1679382874315
1679382874305,1679382874315
1679382874354,1679382874361
1679382874365,1679382874390
1679382874356,1679382874408
1679382874367,1679382874411
1679382874397,1679382874421
1679382874450,1679382874456
1679382874441,1679382874465
1679382874435,1679382874520
1679382874597,1679382874640
1679382874629,1679382874647
1679382874625,1679382874722
1679382874631,1679382874775
1679382874809,1679382874839
1679382874568,1679382874856
1679382874911,1679382874931
1679382874901,1679382874945
1679382874947,1679382874957
1679382874960,1679382874973
1679382875069,1679382875093
1679382875112,1679382875143
1679382875147,1679382875167
1679382875162,1679382875195
1679382875233,1679382875243
1679382875201,1679382875264
1679382875269,1679382875302
1679382875313,1679382875351
1679382875282,1679382875379
1679382875323,1679382875417
1679382875442,1679382875471
1679382875476,1679382875493
1679382875494,1679382875556
1679382875437,1679382875564
1679382875527,1679382875586
1679382875574,1679382875615
1679382875561,1679382875619
1679382875661,1679382875678
1679382875705,1679382875744
1679382875788,1679382875797
1679382875792,1679382875801
1679382875847,1679382875884
1679382875896,1679382875900
1679382875821,1679382875919
1679382875887,1679382875928
1679382875896,1679382875950
1679382876004,1679382876014
1679382876110,1679382876128
1679382876101,1679382876171
1679382876164,1679382876196
1679382876097,1679382876234
1679382876164,1679382876269
1679382875996,1679382876269
1679382876188,1679382876291
1679382876299,1679382876345
1679382875947,1679382876353
1679382876384,1679382876393
1679382876297,1679382876408
1679382876407,1679382876430
1679382876429,1679382876435
1679382876438,1679382876458
1679382876468,1679382876476
1679382876504,1679382876548
1679382876634,1679382876739
1679382876762,1679382876766
1679382876757,1679382876777
1679382876769,1679382876786
1679382876784,1679382876858
1679382876899,1679382876922
1679382876941,1679382876944
1679382876955,1679382876972
1679382876986,1679382877016
1679382876976,1679382877052
1679382877053,1679382877063
1679382877071,1679382877090
1679382877145,1679382877216
1679382877083,1679382877279
1679382877207,1679382877290
1679382877189,1679382877318
1679382877140,1679382877352
1679382877351,1679382877360
1679382877015,1679382877372
1679382877239,1679382877385
1679382876903,1679382877398
1679382877145,1679382877412
1679382877072,1679382877426
1679382877120,1679382877433
1679382877072,1679382877441
1679382877452,1679382877529
1679382877314,1679382877536
1679382877551,1679382877575
1679382877475,1679382877580
1679382877396,1679382877623
1679382877362,1679382877628
1679382877434,1679382877643
1679382877372,1679382877644
1679382877576,1679382877684
1679382877407,1679382877709
1679382877652,1679382877765
1679382877739,1679382877769
1679382877825,1679382877842
1679382877825,1679382877903
1679382877923,1679382877940
1679382877982,1679382878010
1679382878023,1679382878034
1679382878092,1679382878103
1679382878102,1679382878106
1679382878290,1679382878299
1679382878189,1679382878329
1679382878345,1679382878357
1679382878195,1679382878397
1679382878253,1679382878425
1679382878315,1679382878461
1679382878496,1679382878526
1679382878557,1679382878586
1679382878494,1679382878596
1679382878613,1679382878681
1679382878688,1679382878706
1679382878648,1679382878710
1679382878696,1679382878722
1679382878771,1679382878779
1679382878673,1679382878808
1679382878703,1679382878813
1679382878805,1679382878828
1679382878894,1679382878914
1679382878917,1679382878922
1679382878924,1679382878935
1679382878944,1679382878988
1679382878981,1679382879037
1679382878990,1679382879040
1679382879069,1679382879138
1679382879208,1679382879224
1679382879177,1679382879252
1679382879326,1679382879381
1679382879263,1679382879414
1679382879407,1679382879442
1679382879476,1679382879515
1679382879361,1679382879520
1679382879481,1679382879558
1679382879234,1679382879631
1679382879586,1679382879648
1679382879304,1679382879665
1679382879416,1679382879699
1679382879468,1679382879740
1679382879404,1679382879762
1679382879757,1679382879783
1679382879385,1679382879786
1679382879420,1679382879816
1679382879184,1679382879856
1679382879762,1679382879878
1679382879471,1679382879888
1679382879539,1679382879895
1679382879697,1679382879903
1679382879248,1679382879903
1679382879914,1679382879919
1679382879737,1679382879933
1679382879776,1679382879964
1679382879949,1679382879974
1679382879995,1679382880002
1679382879995,1679382880041
1679382879300,1679382880097
1679382879995,1679382880120
1679382879968,1679382880173
1679382879996,1679382880198
1679382880159,1679382880216
1679382879998,1679382880232
1679382879923,1679382880248
1679382880264,1679382880274
1679382880292,1679382880310
1679382880298,1679382880320
1679382880270,1679382880343
1679382880345,1679382880366
1679382880368,1679382880388
1679382880425,1679382880432
1679382880308,1679382880440
1679382880497,1679382880606
1679382880609,1679382880653
1679382880644,1679382880660
1679382880698,1679382880705
1679382880689,1679382880747
1679382880705,1679382880767
1679382880772,1679382880790
1679382880782,1679382880798
1679382880819,1679382880826
1679382880889,1679382880904
1679382880921,1679382880943
1679382880859,1679382880952
1679382881177,1679382881245
1679382881316,1679382881325
1679382881445,1679382881481
1679382881507,1679382881586
1679382881676,1679382881695
1679382881650,1679382881704
1679382881698,1679382881749
1679382881786,1679382881790
1679382881796,1679382881800
1679382881843,1679382881874
1679382881842,1679382881882
1679382881877,1679382881944
1679382881953,1679382881978
1679382882039,1679382882045
1679382881965,1679382882093
1679382882166,1679382882178
1679382882177,1679382882183
1679382882176,1679382882186
1679382882161,1679382882218
1679382882243,1679382882262
1679382882320,1679382882325
1679382882224,1679382882331
1679382882364,1679382882367
1679382882403,1679382882454
1679382882375,1679382882461
1679382882446,1679382882534
1679382882532,1679382882574
1679382882569,1679382882587
1679382882659,1679382882675
1679382882677,1679382882715
1679382882727,1679382882732
1679382882689,1679382882738
1679382882795,1679382882812
1679382882823,1679382882829
1679382882747,1679382882896
1679382882803,1679382882916
1679382882964,1679382883015
1679382882976,1679382883035
1679382883140,1679382883148
1679382883260,1679382883347
1679382883251,1679382883351
1679382883382,1679382883390
1679382883382,1679382883393
1679382883396,1679382883432
1679382883487,1679382883498
1679382883468,1679382883512
1679382883554,1679382883561
1679382883625,1679382883644
1679382883646,1679382883651
1679382883552,1679382883669
1679382883649,1679382883716
1679382883719,1679382883742
1679382883764,1679382883805
1679382883711,1679382883820
1679382883793,1679382883871
1679382883838,1679382883883
1679382883835,1679382883912
1679382883914,1679382883935
1679382883958,1679382883964
1679382883868,1679382884025
1679382884162,1679382884212
1679382884267,1679382884290
1679382884318,1679382884342
1679382884412,1679382884420
1679382884382,1679382884514
1679382884542,1679382884570
1679382884510,1679382884572
1679382884498,1679382884588
1679382884590,1679382884658
1679382884537,1679382884705
1679382884566,1679382884720
1679382884610,1679382884766
1679382884757,1679382884808
1679382884473,1679382884811
1679382884805,1679382884838
1679382884810,1679382884887
1679382884691,1679382884919
1679382884853,1679382884944
1679382884937,1679382884953
1679382885069,1679382885077
1679382885049,1679382885117
1679382885176,1679382885178
1679382885175,1679382885179
1679382885178,1679382885195
1679382885177,1679382885202
1679382885185,1679382885222
1679382885278,1679382885292
1679382885282,1679382885329
1679382885255,1679382885357
1679382885325,1679382885359
1679382885429,1679382885516
1679382885369,1679382885569
1679382885686,1679382885696
1679382885654,1679382885776
1679382885794,1679382885819
1679382885921,1679382885928
1679382885923,1679382885956
1679382885921,1679382885971
1679382886133,1679382886219
1679382886195,1679382886282
1679382886268,1679382886293
1679382886328,1679382886371
1679382886299,1679382886411
1679382886387,1679382886418
1679382886359,1679382886433
1679382886409,1679382886455
1679382886501,1679382886599
1679382886553,1679382886606
1679382886602,1679382886608
1679382886559,1679382886609
1679382886575,1679382886644
1679382886603,1679382886645
1679382886686,1679382886695
1679382886566,1679382886713
1679382886601,1679382886754
1679382886609,1679382886761
1679382886677,1679382886807
1679382886761,1679382886847
1679382886762,1679382886858
1679382886866,1679382886874
1679382886804,1679382886884
1679382886943,1679382886990
1679382886922,1679382887013
1679382887037,1679382887073
1679382887098,1679382887104
1679382887108,1679382887120
1679382887095,1679382887150
1679382887087,1679382887162
1679382887164,1679382887190
1679382887205,1679382887209
1679382887321,1679382887371
1679382887368,1679382887455
1679382887442,1679382887457
1679382887479,1679382887498
1679382887659,1679382887680
1679382887706,1679382887725
1679382887729,1679382887801
1679382887827,1679382887836
1679382887876,1679382887910
1679382887911,1679382888071
1679382887984,1679382888097
1679382887964,1679382888097
1679382887911,1679382888123
1679382888268,1679382888298
1679382888316,1679382888338
1679382888296,1679382888343
1679382888316,1679382888393
1679382888276,1679382888407
1679382888420,1679382888427
1679382888438,1679382888443
1679382888448,1679382888488
1679382888489,1679382888513
1679382888515,1679382888520
1679382888562,1679382888572
1679382888575,1679382888615
1679382888577,1679382888650
1679382888542,1679382888748
1679382888755,1679382888812
1679382888749,1679382888833
1679382888883,1679382888896
1679382888930,1679382888944
1679382889043,1679382889057
1679382889153,1679382889264
1679382889181,1679382889299
1679382889246,1679382889354
1679382889233,1679382889367
1679382888957,1679382889368
1679382889358,1679382889371
1679382889133,1679382889406
1679382889376,1679382889407
1679382889408,1679382889465
1679382889360,1679382889467
1679382889356,1679382889502
1679382889448,1679382889541
1679382889431,1679382889601
1679382889544,1679382889625
1679382889608,1679382889637
1679382889597,1679382889641
1679382889726,1679382889729
1679382889682,1679382889796
1679382889712,1679382889797
1679382889736,1679382889805
1679382889854,1679382889936
1679382889920,1679382890045
1679382890029,1679382890053
1679382889951,1679382890059
1679382889965,1679382890089
1679382890133,1679382890202
1679382890221,1679382890273
1679382890268,1679382890301
1679382890283,1679382890323
1679382890318,1679382890338
1679382890416,1679382890432
1679382890427,1679382890495
1679382890467,1679382890546
1679382890604,1679382890626
1679382890652,1679382890707
1679382890708,1679382890738
1679382890785,1679382890815
1679382890831,1679382890856
1679382891001,1679382891020
1679382890999,1679382891022
1679382891005,1679382891060
1679382891070,1679382891087
1679382891144,1679382891166
1679382891165,1679382891217
1679382891202,1679382891243
1679382891196,1679382891276
1679382891269,1679382891349
1679382891347,1679382891375
1679382891321,1679382891405
1679382891425,1679382891430
1679382891541,1679382891564
1679382891493,1679382891658
1679382891604,1679382891693
1679382891639,1679382891693
1679382891688,1679382891775
1679382891737,1679382891846
1679382892025,1679382892104
1679382891998,1679382892128
1679382892617,1679382892626
1679382892569,1679382892650
1679382892596,1679382892697
1679382892773,1679382892795
1679382892913,1679382893009
1679382893013,1679382893043
1679382893057,1679382893066
1679382893061,1679382893076
1679382893325,1679382893333
1679382893294,1679382893333
1679382893324,1679382893339
1679382893429,1679382893439
1679382893537,1679382893573
1679382893499,1679382893595
1679382893647,1679382893699
1679382893757,1679382893763
1679382893817,1679382893826
1679382894010,1679382894114
1679382894177,1679382894234
1679382894017,1679382894290
1679382894272,1679382894313
1679382894401,1679382894467
1679382894322,1679382894470
1679382894499,1679382894510
1679382894664,1679382894720
1679382894673,1679382894725
1679382894777,1679382894804
1679382895052,1679382895071
1679382895146,1679382895153
1679382895234,1679382895241
1679382895046,1679382895243
1679382895230,1679382895284
1679382895265,1679382895425
1679382895597,1679382895620
1679382895457,1679382895622
1679382895625,1679382895699
1679382895655,1679382895722
1679382895853,1679382895923
1679382896029,1679382896034
1679382896097,1679382896101
1679382896157,1679382896164
1679382896289,1679382896302
1679382896545,1679382896665
1679382896646,1679382896677
1679382896565,1679382896679
1679382896686,1679382896691
1679382896713,1679382896722
1679382896669,1679382896734
1679382896751,1679382896782
1679382896980,1679382897006
1679382897105,1679382897113
1679382897210,1679382897237
1679382897313,1679382897475
1679382897508,1679382897555
1679382897720,1679382897806
1679382897802,1679382897817
1679382897877,1679382897917
1679382897969,1679382898020
1679382898061,1679382898149
1679382898051,1679382898219
1679382898060,1679382898279
1679382898157,1679382898343
1679382898381,1679382898409
1679382898408,1679382898424
1679382898237,1679382898491
1679382898515,1679382898594
1679382898625,1679382898772
1679382898725,1679382898773
1679382898896,1679382898945
1679382898829,1679382898999
1679382898964,1679382899000
1679382899169,1679382899243
1679382899275,1679382899339
1679382899408,1679382899420
1679382899420,1679382899429
1679382899448,1679382899453
1679382899668,1679382899787
1679382899677,1679382899796
1679382899680,1679382899803
1679382899839,1679382899848
1679382899885,1679382899982
1679382900029,1679382900040
1679382900230,1679382900251
1679382900325,1679382900331
1679382900005,1679382900342
1679382900373,1679382900401
1679382900421,1679382900429
1679382900573,1679382900601
1679382900536,1679382900612
1679382900608,1679382900625
1679382900617,1679382900637
1679382900665,1679382900711
1679382900952,1679382900990
1679382901180,1679382901188
1679382901174,1679382901255
1679382901216,1679382901270
1679382901257,1679382901308
1679382901291,1679382901312
1679382901478,1679382901523
1679382901506,1679382901650
1679382901673,1679382901686
1679382901683,1679382901700
1679382901653,1679382901701
1679382901694,1679382901713
1679382901686,1679382901827
1679382901722,1679382901838
1679382901723,1679382901893
1679382901781,1679382901915
1679382901706,1679382901916
1679382901704,1679382901951
1679382901745,1679382901973
1679382901751,1679382901989
1679382901707,1679382902011
1679382901749,1679382902030
1679382901783,1679382902042
1679382901776,1679382902042
1679382901689,1679382902045
1679382901770,1679382902058
1679382901773,1679382902119
1679382901677,1679382902161
1679382901759,1679382902164
1679382901769,1679382902242
1679382901774,1679382902248
1679382901721,1679382902323
1679382901973,1679382902331
1679382901740,1679382902333
1679382901765,1679382902363
1679382902194,1679382902364
1679382901712,1679382902412
1679382902100,1679382902442
1679382901736,1679382902442
1679382901740,1679382902449
1679382901752,1679382902457
1679382902436,1679382902459
1679382902009,1679382902507
1679382901923,1679382902532
1679382901698,1679382902605
1679382901790,1679382902608
1679382902516,1679382902624
1679382902009,1679382902643
1679382901728,1679382902649
1679382902724,1679382902749
1679382902478,1679382902774
1679382902769,1679382902819
1679382902806,1679382902842
1679382902897,1679382902929
1679382902884,1679382902951
1679382902853,1679382902981
1679382903192,1679382903207
1679382903201,1679382903210
1679382903201,1679382903236
1679382903409,1679382903432
1679382903565,1679382903685
1679382903718,1679382903763
1679382903837,1679382903863
1679382903829,1679382903867
1679382903741,1679382903938
1679382903920,1679382904024
1679382903997,1679382904053
1679382904012,1679382904062
1679382904191,1679382904226
1679382904305,1679382904357
1679382904349,1679382904377
1679382904381,1679382904403
1679382904382,1679382904416
1679382904381,1679382904428
1679382904493,1679382904510
1679382904461,1679382904649
1679382904621,1679382904743
1679382904709,1679382904771
1679382904817,1679382904834
1679382904804,1679382904834
1679382904836,1679382904841
1679382904821,1679382904876
1679382904904,1679382904924
1679382904892,1679382904928
1679382904941,1679382904948
1679382904953,1679382904956
1679382904960,1679382904971
1679382904977,1679382904982
1679382904982,1679382904996
1679382904996,1679382905022
1679382905071,1679382905082
1679382905028,1679382905095
1679382905073,1679382905111
1679382905024,1679382905116
1679382905112,1679382905211
1679382905159,1679382905212
1679382905121,1679382905270
1679382905129,1679382905300
1679382905319,1679382905356
1679382905370,1679382905394
1679382905380,1679382905439
1679382905457,1679382905465
1679382905471,1679382905482
1679382905468,1679382905550
1679382905511,1679382905580
1679382905542,1679382905620
1679382905645,1679382905657
1679382905710,1679382905720
1679382905690,1679382905721
1679382905660,1679382905769
1679382905966,1679382905999
1679382906071,1679382906096
1679382906155,1679382906172
1679382906084,1679382906187
1679382906007,1679382906187
1679382906159,1679382906192
1679382906121,1679382906215
1679382906295,1679382906309
1679382906413,1679382906435
1679382906523,1679382906528
1679382906491,1679382906602
1679382906668,1679382906697
1679382906696,1679382906817
1679382906761,1679382906876
1679382906924,1679382906950
1679382906934,1679382906956
1679382906992,1679382907039
1679382907044,1679382907048
1679382907174,1679382907213
1679382907251,1679382907276
1679382907267,1679382907290
1679382907276,1679382907317
1679382907285,1679382907324
1679382907310,1679382907367
1679382907532,1679382907544
1679382907489,1679382907550
1679382907551,1679382907584
1679382907579,1679382907600
1679382907599,1679382907644
1679382907586,1679382907675
1679382907607,1679382907694
1679382907729,1679382907739
1679382907768,1679382907773
1679382907741,1679382907775
1679382907858,1679382907897
1679382907874,1679382907899
1679382908045,1679382908052
1679382908054,1679382908059
1679382908103,1679382908176
1679382908202,1679382908211
1679382908230,1679382908286
1679382908108,1679382908301
1679382908297,1679382908312
1679382908217,1679382908318
1679382908327,1679382908359
1679382908451,1679382908469
1679382908485,1679382908517
1679382908471,1679382908539
1679382908515,1679382908539
1679382908538,1679382908542
1679382908595,1679382908599
1679382908622,1679382908650
1679382908656,1679382908668
1679382908636,1679382908672
1679382908730,1679382908749
1679382908779,1679382908784
1679382908734,1679382908788
1679382908702,1679382908790
1679382908829,1679382908851
1679382908931,1679382908969
1679382908959,1679382909008
1679382909100,1679382909110
1679382909133,1679382909147
1679382909177,1679382909250
1679382909159,1679382909252
1679382909225,1679382909280
1679382909106,1679382909292
1679382909240,1679382909318
1679382909308,1679382909326
1679382909296,1679382909383
1679382909076,1679382909405
1679382909416,1679382909427
1679382909335,1679382909468
1679382909426,1679382909471
1679382909276,1679382909504
1679382909554,1679382909568
1679382909576,1679382909584
1679382909346,1679382909624
1679382909660,1679382909710
1679382909709,1679382909739
1679382909726,1679382909752
1679382909783,1679382909794
1679382909793,1679382909815
1679382909824,1679382909848
1679382909869,1679382909879
1679382909924,1679382909933
1679382909941,1679382909947
1679382909940,1679382910000
1679382910027,1679382910034
1679382910048,1679382910052
1679382910060,1679382910071
1679382910189,1679382910218
1679382910209,1679382910231
1679382910253,1679382910263
1679382910148,1679382910309
1679382910292,1679382910337
1679382910450,1679382910466
1679382910420,1679382910479
1679382910360,1679382910513
1679382910404,1679382910544
1679382910531,1679382910622
1679382910442,1679382910635
1679382910399,1679382910637
1679382910542,1679382910678
1679382910698,1679382910761
1679382910772,1679382910805
1679382910831,1679382910853
1679382910860,1679382910895
1679382910862,1679382910907
1679382910894,1679382910908
1679382910916,1679382910936
1679382910877,1679382910987
1679382911173,1679382911202
1679382911232,1679382911237
1679382911248,1679382911264
1679382911268,1679382911271
1679382911229,1679382911275
1679382911263,1679382911288
1679382911328,1679382911365
1679382911359,1679382911414
1679382911444,1679382911451
1679382911463,1679382911517
1679382911617,1679382911693
1679382911825,1679382911829
1679382911837,1679382911889
1679382911859,1679382911910
1679382911849,1679382911913
1679382911840,1679382911933
1679382911839,1679382911938
1679382911851,1679382911953
1679382911835,1679382911963
1679382911866,1679382912000
1679382911979,1679382912002
1679382911993,1679382912007
1679382911976,1679382912030
1679382912026,1679382912071
1679382912041,1679382912124
1679382911844,1679382912146
1679382912001,1679382912163
1679382911867,1679382912184
1679382912096,1679382912187
1679382911905,1679382912226
1679382911864,1679382912237
1679382912104,1679382912256
1679382912282,1679382912381
1679382912368,1679382912386
1679382912167,1679382912430
1679382912457,1679382912503
1679382912457,1679382912541
1679382912547,1679382912551
1679382912557,1679382912617
1679382912524,1679382912629
1679382912623,1679382912659
1679382912392,1679382912692
1679382912689,1679382912713
1679382912779,1679382912793
1679382912632,1679382912815
1679382912769,1679382912851
1679382912815,1679382912921
1679382912917,1679382912951
1679382913035,1679382913053
1679382913103,1679382913139
1679382913107,1679382913229
1679382913155,1679382913251
1679382913413,1679382913439
1679382913450,1679382913483
1679382913483,1679382913524
1679382913442,1679382913572
1679382913600,1679382913609
1679382913621,1679382913631
1679382913587,1679382913639
1679382913605,1679382913645
1679382913663,1679382913701
1679382913736,1679382913745
1679382913752,1679382913764
1679382913805,1679382913818
1679382913799,1679382913841
1679382913826,1679382913846
1679382913841,1679382913879
1679382913901,1679382913916
1679382913865,1679382913924
1679382913927,1679382913953
1679382913999,1679382914034
1679382914058,1679382914112
1679382914107,1679382914128
1679382914131,1679382914144
1679382914174,1679382914181
1679382914160,1679382914190
1679382914260,1679382914266
1679382914421,1679382914429
1679382914401,1679382914461
1679382914397,1679382914468
1679382914557,1679382914616
1679382914522,1679382914632
1679382914500,1679382914634
1679382914758,1679382914801
1679382914742,1679382914803
1679382914688,1679382914853
1679382914847,1679382914863
1679382914921,1679382915004
1679382915040,1679382915051
1679382915086,1679382915130
1679382915166,1679382915171
1679382915088,1679382915175
1679382915078,1679382915203
1679382914971,1679382915238
1679382915259,1679382915277
1679382915321,1679382915371
1679382915378,1679382915382
1679382915378,1679382915487
1679382915555,1679382915571
1679382915563,1679382915591
1679382915592,1679382915645
1679382915611,1679382915675
1679382915591,1679382915790
1679382915769,1679382915794
1679382915626,1679382915794
1679382915742,1679382915816
1679382915727,1679382915969
1679382915813,1679382915981
1679382915576,1679382916000
1679382915854,1679382916016
1679382915631,1679382916029
1679382916043,1679382916048
1679382915886,1679382916087
1679382915996,1679382916110
1679382916078,1679382916155
1679382916074,1679382916170
1679382915905,1679382916213
1679382915975,1679382916216
1679382916113,1679382916219
1679382915853,1679382916235
1679382916306,1679382916348
1679382916343,1679382916374
1679382916342,1679382916401
1679382916390,1679382916441
1679382915867,1679382916449
1679382916448,1679382916539
1679382916567,1679382916575
1679382916635,1679382916683
1679382916713,1679382916723
1679382916720,1679382916736
1679382916810,1679382916813
1679382916886,1679382916919
1679382916925,1679382916941
1679382916954,1679382916966
1679382916943,1679382916980
1679382917162,1679382917194
1679382917191,1679382917274
1679382917224,1679382917294
1679382917017,1679382917294
1679382917199,1679382917319
1679382917253,1679382917342
1679382917335,1679382917342
1679382917367,1679382917372
1679382917393,1679382917400
1679382917406,1679382917410
1679382917514,1679382917525
1679382917595,1679382917598
1679382917595,1679382917636
1679382917655,1679382917682
1679382917694,1679382917746
1679382917869,1679382917876
1679382917870,1679382917887
1679382917865,1679382917897
1679382918006,1679382918069
1679382918078,1679382918132
1679382918103,1679382918210
1679382918369,1679382918385
1679382918366,1679382918388
1679382918338,1679382918406
1679382918470,1679382918489
1679382918473,1679382918522
1679382918542,1679382918657
1679382918646,1679382918670
1679382918667,1679382918710
1679382918649,1679382918713
1679382918712,1679382918723
1679382918722,1679382918745
1679382918719,1679382918768
1679382918633,1679382918769
1679382918781,1679382918813
1679382918762,1679382918841
1679382918852,1679382918863
1679382918886,1679382918958
1679382918982,1679382919012
1679382919015,1679382919051
1679382919111,1679382919148
1679382919141,1679382919233
1679382918963,1679382919238
1679382919248,1679382919266
1679382919316,1679382919322
1679382919261,1679382919367
1679382919251,1679382919382
1679382919470,1679382919486
1679382919615,1679382919632
1679382919591,1679382919694
1679382919612,1679382919695
1679382919710,1679382919726
1679382919760,1679382919763
1679382919718,1679382919775
1679382919642,1679382919798
1679382919823,1679382919860
1679382919711,1679382919890
1679382919880,1679382919896
1679382919867,1679382919900
1679382919908,1679382919921
1679382919785,1679382920001
1679382919913,1679382920064
1679382920032,1679382920100
1679382919902,1679382920120
1679382919970,1679382920137
1679382920120,1679382920141
1679382920227,1679382920232
1679382920219,1679382920244
1679382920297,1679382920300
1679382920323,1679382920344
1679382920395,1679382920416
1679382920454,1679382920465
1679382920454,1679382920524
1679382920518,1679382920524
1679382920508,1679382920551
1679382920594,1679382920619
1679382920642,1679382920689
1679382920800,1679382920814
1679382920806,1679382920887
1679382920896,1679382920967
1679382921036,1679382921060
1679382921036,1679382921114
1679382921211,1679382921226
1679382921227,1679382921257
1679382921273,1679382921294
1679382921283,1679382921303
1679382921324,1679382921384
1679382921350,1679382921397
1679382921394,1679382921397
1679382921344,1679382921459
1679382921427,1679382921469
1679382921455,1679382921521
1679382921411,1679382921561
1679382921527,1679382921586
1679382921603,1679382921620
1679382921575,1679382921703
1679382921635,1679382921740
1679382921818,1679382921828
1679382921808,1679382921833
1679382921960,1679382922017
1679382922179,1679382922214
1679382922156,1679382922286
1679382922195,1679382922371
1679382922395,1679382922401
1679382922355,1679382922441
1679382922175,1679382922464
1679382922520,1679382922585
1679382922640,1679382922653
1679382922648,1679382922705
1679382922728,1679382922775
1679382922976,1679382923033
1679382923072,1679382923174
1679382923154,1679382923209
1679382923301,1679382923378
1679382923423,1679382923457
1679382923606,1679382923647
1679382923734,1679382923758
1679382923773,1679382923804
1679382923531,1679382923849
1679382923870,1679382923891
1679382923937,1679382923951
1679382924052,1679382924059
1679382924036,1679382924122
1679382924108,1679382924155
1679382924214,1679382924218
1679382924443,1679382924460
1679382924440,1679382924468
1679382924508,1679382924520
1679382924470,1679382924550
1679382924600,1679382924615
1679382924594,1679382924638
1679382924728,1679382924732
1679382924782,1679382924793
1679382924850,1679382924908
1679382924828,1679382924929
1679382924897,1679382924952
1679382924968,1679382925030
1679382925079,1679382925139
1679382925040,1679382925158
1679382924985,1679382925169
1679382924937,1679382925200
1679382925309,1679382925328
1679382925341,1679382925365
1679382925416,1679382925462
1679382925473,1679382925488
1679382925456,1679382925530
1679382925556,1679382925561
1679382925587,1679382925590
1679382925655,1679382925679
1679382925644,1679382925767
1679382925687,1679382925828
1679382925818,1679382925837
1679382925835,1679382925924
1679382926207,1679382926237
1679382926237,1679382926280
1679382926307,1679382926312
1679382926411,1679382926430
1679382926456,1679382926505
1679382926354,1679382926574
1679382926694,1679382926737
1679382926730,1679382926760
1679382926720,1679382926809
1679382926876,1679382926893
1679382926892,1679382926898
1679382926897,1679382926905
1679382926846,1679382926929
1679382926950,1679382926960
1679382927069,1679382927107
1679382927172,1679382927248
1679382927114,1679382927263
1679382927277,1679382927286
1679382927351,1679382927385
1679382927365,1679382927393
1679382927302,1679382927405
1679382927438,1679382927447
1679382927620,1679382927623
1679382927704,1679382927796
1679382927797,1679382927803
1679382927851,1679382927890
1679382927847,1679382927896
1679382927917,1679382927937
1679382928054,1679382928058
1679382928034,1679382928062
1679382928117,1679382928171
1679382928102,1679382928213
1679382928286,1679382928292
1679382928137,1679382928338
1679382928330,1679382928405
1679382928353,1679382928417
1679382928351,1679382928436
1679382928433,1679382928439
1679382928398,1679382928459
1679382928492,1679382928514
1679382928473,1679382928551
1679382928313,1679382928586
1679382928545,1679382928596
1679382928559,1679382928722
1679382928803,1679382928806
1679382928872,1679382928881
1679382928881,1679382929017
1679382929053,1679382929068
1679382929116,1679382929124
1679382929041,1679382929192
1679382929143,1679382929213
1679382929161,1679382929225
1679382929238,1679382929248
1679382929077,1679382929260
1679382929257,1679382929279
1679382928970,1679382929288
1679382929228,1679382929295
1679382929299,1679382929312
1679382929318,1679382929345
1679382929308,1679382929395
1679382929371,1679382929400
1679382929394,1679382929465
1679382929521,1679382929531
1679382929598,1679382929667
1679382929746,1679382929750
1679382929741,1679382929769
1679382929824,1679382929831
1679382930141,1679382930151
1679382930206,1679382930235
1679382930239,1679382930255
1679382930238,1679382930357
1679382930097,1679382930371
1679382930315,1679382930421
1679382930436,1679382930455
1679382930439,1679382930464
1679382930428,1679382930520
1679382930510,1679382930563
1679382930622,1679382930631
1679382930468,1679382930695
1679382930616,1679382930710
1679382930713,1679382930733
1679382930737,1679382930744
1679382930671,1679382930791
1679382930745,1679382930873
1679382930761,1679382930893
1679382930838,1679382930922
1679382930957,1679382930976
1679382931053,1679382931061
1679382931157,1679382931160
1679382931109,1679382931190
1679382930997,1679382931244
1679382931061,1679382931273
1679382931228,1679382931282
1679382931189,1679382931309
1679382931105,1679382931382
1679382931251,1679382931451
1679382931373,1679382931476
1679382931416,1679382931484
1679382931507,1679382931515
1679382931485,1679382931528
1679382931321,1679382931543
1679382931194,1679382931623
1679382931631,1679382931636
1679382931300,1679382931653
1679382931525,1679382931703
1679382931690,1679382931728
1679382931601,1679382931738
1679382931640,1679382931781
1679382931833,1679382931848
1679382931785,1679382931860
1679382931846,1679382931908
1679382932156,1679382932178
1679382932229,1679382932261
1679382932292,1679382932324
1679382932316,1679382932325
1679382932389,1679382932442
1679382932369,1679382932471
1679382932628,1679382932659
1679382932644,1679382932679
1679382932628,1679382932690
1679382932804,1679382932837
1679382932856,1679382932912
1679382932996,1679382933024
1679382933097,1679382933356
1679382933312,1679382933387
1679382933372,1679382933387
1679382933388,1679382933495
1679382933681,1679382933701
1679382933684,1679382933701
1679382933620,1679382933720
1679382933845,1679382933898
1679382933809,1679382933916
1679382933961,1679382933997
1679382934087,1679382934094
1679382934081,1679382934101
1679382934103,1679382934106
1679382934124,1679382934202
1679382934218,1679382934235
1679382934218,1679382934315
1679382934313,1679382934456
1679382934444,1679382934489
1679382934492,1679382934530
1679382934513,1679382934584
1679382934630,1679382934644
1679382934656,1679382934674
1679382934633,1679382934687
1679382934777,1679382934827
1679382934996,1679382934999
1679382935186,1679382935190
1679382935247,1679382935269
1679382935281,1679382935346
1679382935345,1679382935432
1679382935383,1679382935489
1679382935585,1679382935598
1679382935643,1679382935695
1679382935757,1679382935789
1679382936073,1679382936079
1679382936080,1679382936090
1679382936085,1679382936099
1679382936173,1679382936176
1679382936150,1679382936186
1679382936249,1679382936254
1679382936300,1679382936330
1679382936322,1679382936407
1679382936489,1679382936509
1679382936649,1679382936753
1679382936672,1679382936833
1679382936702,1679382936875
1679382936660,1679382936878
1679382936826,1679382936881
1679382936710,1679382936903
1679382936801,1679382936912
1679382936944,1679382936969
1679382937212,1679382937217
1679382937269,1679382937353
1679382937401,1679382937424
1679382937349,1679382937502
1679382937549,1679382937640
1679382937605,1679382937666
1679382937738,1679382937754
1679382937821,1679382937839
1679382937877,1679382937894
1679382937891,1679382937920
1679382937908,1679382937930
1679382937992,1679382938004
1679382938081,1679382938095
1679382938084,1679382938100
1679382938088,1679382938129
1679382938313,1679382938322
1679382938353,1679382938379
1679382938339,1679382938439
1679382938285,1679382938558
1679382938505,1679382938576
1679382938609,1679382938619
1679382938660,1679382938667
1679382938753,1679382938767
1679382938944,1679382938947
1679382938922,1679382938966
1679382939150,1679382939175
1679382939189,1679382939293
1679382939212,1679382939336
1679382939324,1679382939360
1679382939224,1679382939395
1679382939401,1679382939483
1679382939428,1679382939490
1679382939641,1679382939680
1679382939680,1679382939709
1679382939709,1679382939738
1679382939877,1679382939913
1679382940018,1679382940063
1679382940042,1679382940101
1679382940068,1679382940112
1679382940165,1679382940189
1679382940415,1679382940423
1679382940465,1679382940482
1679382940424,1679382940486
1679382940365,1679382940501
1679382940571,1679382940637
1679382940597,1679382940655
1679382940698,1679382940704
1679382940717,1679382940755
1679382940665,1679382940791
1679382940647,1679382940806
1679382940950,1679382941040
1679382941010,1679382941043
1679382941068,1679382941072
1679382941199,1679382941214
1679382941266,1679382941314
1679382941521,1679382941580
1679382941717,1679382941749
1679382941671,1679382941792
1679382941657,1679382941798
1679382941852,1679382941863
1679382941880,1679382941928
1679382941693,1679382941939
1679382941887,1679382941944
1679382941844,1679382941970
1679382941963,1679382941985
1679382941896,1679382942007
1679382942049,1679382942075
1679382942229,1679382942258
1679382942249,1679382942280
1679382942304,1679382942310
1679382942299,1679382942312
1679382942325,1679382942351
1679382942361,1679382942388
1679382942449,1679382942471
1679382942685,1679382942718
1679382942760,1679382942771
1679382942809,1679382942818
1679382942988,1679382942999
1679382942988,1679382943021
1679382943021,1679382943025
1679382943217,1679382943243
1679382943152,1679382943288
1679382943295,1679382943329
1679382943388,1679382943399
1679382943541,1679382943571
1679382943472,1679382943590
1679382943620,1679382943640
1679382943600,1679382943652
1679382943697,1679382943712
1679382943809,1679382943815
1679382943754,1679382943877
1679382943866,1679382943995
1679382943925,1679382944001
1679382944036,1679382944061
1679382944064,1679382944095
1679382944048,1679382944098
1679382944028,1679382944120
1679382943999,1679382944161
1679382944214,1679382944252
1679382944242,1679382944282
1679382944216,1679382944324
1679382944291,1679382944401
1679382944321,1679382944438
1679382944386,1679382944455
1679382944736,1679382944740
1679382944709,1679382944777
1679382944813,1679382944905
1679382945058,1679382945070
1679382945061,1679382945132
1679382945136,1679382945156
1679382945209,1679382945213
1679382945272,1679382945276
1679382945271,1679382945290
1679382945177,1679382945338
1679382945406,1679382945501
1679382945496,1679382945510
1679382945533,1679382945588
1679382945514,1679382945592
1679382945717,1679382945780
1679382945805,1679382945810
1679382945821,1679382945881
1679382945740,1679382945896
1679382945937,1679382946020
1679382946017,1679382946068
1679382946134,1679382946190
1679382946082,1679382946213
1679382946117,1679382946234
1679382946376,1679382946465
1679382946375,1679382946558
1679382946533,1679382946608
1679382946600,1679382946651
1679382946509,1679382946662
1679382946757,1679382946765
1679382946662,1679382946783
1679382946821,1679382946839
1679382946845,1679382946849
1679382946858,1679382946862
1679382946948,1679382946991
1679382947028,1679382947080
1679382947107,1679382947116
1679382947191,1679382947206
1679382947196,1679382947208
1679382947269,1679382947291
1679382947297,1679382947305
1679382947281,1679382947324
1679382947340,1679382947387
1679382947768,1679382947773
1679382947739,1679382947785
1679382947839,1679382947873
1679382947907,1679382947968
1679382947945,1679382947989
1679382948097,1679382948135
1679382948156,1679382948240
1679382948131,1679382948272
1679382948261,1679382948293
1679382948314,1679382948333
1679382948444,1679382948469
1679382948471,1679382948508
1679382948221,1679382948558
1679382948552,1679382948566
1679382948682,1679382948715
1679382948655,1679382948743
1679382948753,1679382948803
1679382948654,1679382948812
1679382948814,1679382948836
1679382948885,1679382948909
1679382948918,1679382948972
1679382949000,1679382949014
1679382948856,1679382949022
1679382949025,1679382949066
1679382949185,1679382949321
1679382949384,1679382949407
1679382949293,1679382949448
1679382949582,1679382949617
1679382949545,1679382949662
1679382949592,1679382949698
1679382949841,1679382949873
1679382949880,1679382949919
1679382949947,1679382949955
1679382949965,1679382949976
1679382949974,1679382950000
1679382950037,1679382950081
1679382950089,1679382950151
1679382950010,1679382950154
1679382950144,1679382950177
1679382950154,1679382950230
1679382950160,1679382950231
1679382950636,1679382950645
1679382950648,1679382950653
1679382950630,1679382950667
1679382950649,1679382950728
1679382950664,1679382950837
1679382950881,1679382950894
1679382950903,1679382950909
1679382950913,1679382950933
1679382951106,1679382951113
1679382951178,1679382951236
1679382951186,1679382951267
1679382951194,1679382951290
1679382951572,1679382951618
1679382951607,1679382951636
1679382951523,1679382951645
1679382951395,1679382951667
1679382951630,1679382951730
1679382951717,1679382951858
1679382951717,1679382951922
1679382951998,1679382952016
1679382951991,1679382952053
1679382952066,1679382952075
1679382952197,1679382952259
1679382952345,1679382952349
1679382952346,1679382952411
1679382952442,1679382952452
1679382952512,1679382952536
1679382952571,1679382952602
1679382952525,1679382952611
1679382952738,1679382952803
1679382952769,1679382952838
1679382952734,1679382952942
1679382952837,1679382952951
1679382952882,1679382952962
1679382952794,1679382952980
1679382953029,1679382953086
1679382953039,1679382953090
1679382953122,1679382953132
1679382953172,1679382953175
1679382953191,1679382953217
1679382953106,1679382953231
1679382953274,1679382953293
1679382953340,1679382953404
1679382953342,1679382953435
1679382953617,1679382953644
1679382953743,1679382953765
1679382953852,1679382953862
1679382953758,1679382953885
1679382953863,1679382953923
1679382953954,1679382953973
1679382954073,1679382954116
1679382954097,1679382954154
1679382954139,1679382954195
1679382954185,1679382954207
1679382954209,1679382954218
1679382954263,1679382954288
1679382954269,1679382954373
1679382954302,1679382954407
1679382954466,1679382954469
1679382954391,1679382954520
1679382954518,1679382954577
1679382954595,1679382954605
1679382954705,1679382954807
1679382954749,1679382954807
1679382954816,1679382954831
1679382954933,1679382954976
1679382954966,1679382954996
1679382955163,1679382955211
1679382955301,1679382955385
1679382955380,1679382955460
1679382955442,1679382955474
1679382955402,1679382955520
1679382955621,1679382955631
1679382955653,1679382955684
1679382955699,1679382955751
1679382955834,1679382955869
1679382955879,1679382955906
1679382955906,1679382955931
1679382955949,1679382956028
1679382956028,1679382956060
1679382956083,1679382956107
1679382956114,1679382956151
1679382956085,1679382956182
1679382956147,1679382956183
1679382956218,1679382956222
1679382956260,1679382956286
1679382956348,1679382956399
1679382956386,1679382956405
1679382956400,1679382956453
1679382956451,1679382956514
1679382956662,1679382956672
1679382956816,1679382956832
1679382956895,1679382956918
1679382956869,1679382956931
1679382957064,1679382957067
1679382957066,1679382957094
1679382957044,1679382957123
1679382957181,1679382957202
1679382957254,1679382957258
1679382957202,1679382957310
1679382957381,1679382957391
1679382957492,1679382957514
1679382957489,1679382957517
1679382957389,1679382957612
1679382957574,1679382957679
1679382957679,1679382957696
1679382957692,1679382957707
1679382957867,1679382957892
1679382958241,1679382958250
1679382958247,1679382958350
1679382958410,1679382958422
1679382958399,1679382958484
1679382958477,1679382958517
1679382958473,1679382958535
1679382958511,1679382958569
1679382958477,1679382958573
1679382958585,1679382958623
1679382958631,1679382958637
1679382958568,1679382958639
1679382958646,1679382958684
1679382958694,1679382958747
1679382959008,1679382959027
1679382959044,1679382959061
1679382959052,1679382959064
1679382959056,1679382959094
1679382959101,1679382959172
1679382959200,1679382959226
1679382959241,1679382959294
1679382959347,1679382959445
1679382959495,1679382959509
1679382959545,1679382959594
1679382959657,1679382959682
1679382959667,1679382959697
1679382959837,1679382959849
1679382959961,1679382959999
1679382959897,1679382960003
1679382960060,1679382960082
1679382960048,1679382960087
1679382960068,1679382960087
1679382960013,1679382960144
1679382960039,1679382960151
1679382960166,1679382960183
1679382960263,1679382960272
1679382960343,1679382960413
1679382960083,1679382960452
1679382960487,1679382960496
1679382960522,1679382960526
1679382960706,1679382960714
1679382960685,1679382960743
1679382960775,1679382960780
1679382960767,1679382960849
1679382960986,1679382961037
1679382961025,1679382961039
1679382961105,1679382961114
1679382961122,1679382961154
1679382961192,1679382961231
1679382961186,1679382961250
1679382961244,1679382961267
1679382961148,1679382961301
1679382961326,1679382961330
1679382961383,1679382961406
1679382961457,1679382961461
1679382961472,1679382961485
1679382961487,1679382961537
1679382961557,1679382961630
1679382961888,1679382961941
1679382962112,1679382962162
1679382962216,1679382962220
1679382962383,1679382962431
1679382962394,1679382962469
1679382962426,1679382962485
1679382962471,1679382962508
1679382962428,1679382962525
1679382962404,1679382962599
1679382962411,1679382962606
1679382962488,1679382962618
1679382962632,1679382962658
1679382962387,1679382962668
1679382962403,1679382962669
1679382962473,1679382962698
1679382962459,1679382962733
1679382962681,1679382962760
1679382962448,1679382962815
1679382962436,1679382962837
1679382962811,1679382962838
1679382962720,1679382962866
1679382962442,1679382962874
1679382962313,1679382962903
1679382962449,1679382962927
1679382962431,1679382962964
1679382962470,1679382963014
1679382962448,1679382963020
1679382962404,1679382963023
1679382962483,1679382963026
1679382962392,1679382963145
1679382962484,1679382963189
1679382962418,1679382963202
1679382963225,1679382963251
1679382962475,1679382963266
1679382962464,1679382963287
1679382963158,1679382963314
1679382962404,1679382963365
1679382962415,1679382963409
1679382962850,1679382963428
1679382962422,1679382963477
1679382963375,1679382963492
1679382963426,1679382963504
1679382962830,1679382963507
1679382963038,1679382963515
1679382962632,1679382963518
1679382962351,1679382963533
1679382962438,1679382963534
1679382962864,1679382963545
1679382963102,1679382963555
1679382962600,1679382963568
1679382962475,1679382963589
1679382963343,1679382963613
1679382963778,1679382963792
1679382963761,1679382963800
1679382963885,1679382963922
1679382963936,1679382963939
1679382963989,1679382963995
1679382964119,1679382964133
1679382964093,1679382964213
1679382964254,1679382964285
1679382964334,1679382964368
1679382964357,1679382964380
1679382964324,1679382964422
1679382964445,1679382964456
1679382964371,1679382964463
1679382964403,1679382964471
1679382964469,1679382964484
1679382964517,1679382964520
1679382964436,1679382964528
1679382964628,1679382964698
1679382964721,1679382964733
1679382964526,1679382964750
1679382964540,1679382964765
1679382964748,1679382964825
1679382964836,1679382964854
1679382964833,1679382964874
1679382964812,1679382964875
1679382964912,1679382964958
1679382965001,1679382965060
1679382965132,1679382965159
1679382965088,1679382965186
1679382965108,1679382965292
1679382965365,1679382965396
1679382965367,1679382965438
1679382965365,1679382965461
1679382965480,1679382965486
1679382965393,1679382965513
1679382965500,1679382965544
1679382965517,1679382965547
1679382965537,1679382965623
1679382965554,1679382965648
1679382965652,1679382965674
1679382965785,1679382965830
1679382965850,1679382965875
1679382965861,1679382965878
1679382965923,1679382966012
1679382966108,1679382966134
1679382966235,1679382966257
1679382966250,1679382966292
1679382966303,1679382966325
1679382966391,1679382966415
1679382966427,1679382966435
1679382966485,1679382966504
1679382966498,1679382966508
1679382966472,1679382966581
1679382966575,1679382966585
1679382966578,1679382966652
1679382966442,1679382966659
1679382966640,1679382966661
1679382966592,1679382966675
1679382966721,1679382966755
1679382966731,1679382966770
1679382966754,1679382966823
1679382966806,1679382966834
1679382966775,1679382966846
1679382966850,1679382966857
1679382966898,1679382966907
1679382966851,1679382966909
1679382966833,1679382966931
1679382966870,1679382966939
1679382966830,1679382966949
1679382966879,1679382967014
1679382967003,1679382967031
1679382966999,1679382967108
1679382967041,1679382967158
1679382967268,1679382967339
1679382967615,1679382967622
1679382967594,1679382967627
1679382967683,1679382967701
1679382967727,1679382967743
1679382967863,1679382967946
1679382967943,1679382967951
1679382967872,1679382967956
1679382967981,1679382968011
1679382967848,1679382968046
1679382968054,1679382968066
1679382968151,1679382968223
1679382968339,1679382968382
1679382968454,1679382968458
1679382968482,1679382968487
1679382968570,1679382968593
1679382968560,1679382968652
1679382968660,1679382968737
1679382968715,1679382968737
1679382968725,1679382968762
1679382968759,1679382968806
1679382968755,1679382968839
1679382968847,1679382968874
1679382968867,1679382968888
1679382969002,1679382969045
1679382969043,1679382969100
1679382969087,1679382969173
1679382969176,1679382969193
1679382969094,1679382969230
1679382969226,1679382969239
1679382969152,1679382969249
1679382969343,1679382969445
1679382969290,1679382969467
1679382969491,1679382969495
1679382969371,1679382969504
1679382969362,1679382969515
1679382969528,1679382969539
1679382969560,1679382969573
1679382969573,1679382969603
1679382969592,1679382969694
1679382969551,1679382969695
1679382969636,1679382969740
1679382969734,1679382969775
1679382969756,1679382969791
1679382969722,1679382969809
1679382969809,1679382969821
1679382969656,1679382969848
1679382969629,1679382969882
1679382969826,1679382969926
1679382969849,1679382969957
1679382969903,1679382969963
1679382969922,1679382969969
1679382969852,1679382969998
1679382969811,1679382970008
1679382969781,1679382970040
1679382970122,1679382970144
1679382970055,1679382970146
1679382970277,1679382970317
1679382970179,1679382970317
1679382970303,1679382970340
1679382970348,1679382970381
1679382970374,1679382970401
1679382970412,1679382970491
1679382970358,1679382970495
1679382970523,1679382970530
1679382970528,1679382970572
1679382970549,1679382970575
1679382970574,1679382970631
1679382970629,1679382970642
1679382970630,1679382970681
1679382970697,1679382970700
1679382970710,1679382970736
1679382970767,1679382970788
1679382970832,1679382970854
1679382970864,1679382970887
1679382970866,1679382970901
1679382970773,1679382970902
1679382970917,1679382970972
1679382971046,1679382971062
1679382971055,1679382971176
1679382970936,1679382971243
1679382971188,1679382971262
1679382971318,1679382971328
1679382971184,1679382971344
1679382971370,1679382971382
1679382971378,1679382971396
1679382971428,1679382971432
1679382971459,1679382971488
1679382971781,1679382971788
1679382971957,1679382971984
1679382972004,1679382972015
1679382971872,1679382972065
1679382971935,1679382972066
1679382972018,1679382972093
1679382972114,1679382972122
1679382971882,1679382972145
1679382972132,1679382972241
1679382972204,1679382972242
1679382972208,1679382972296
1679382972155,1679382972311
1679382972116,1679382972338
1679382972452,1679382972462
1679382972199,1679382972564
1679382972551,1679382972569
1679382972564,1679382972609
1679382972560,1679382972627
1679382972770,1679382972800
1679382972950,1679382972985
1679382972922,1679382973000
1679382973311,1679382973359
1679382973570,1679382973585
1679382973574,1679382973621
1679382973632,1679382973716
1679382973912,1679382973951
1679382974018,1679382974049
1679382974029,1679382974054
1679382974091,1679382974142
1679382974248,1679382974261
1679382974184,1679382974262
1679382974247,1679382974297
1679382974307,1679382974314
1679382974485,1679382974502
1679382974544,1679382974590
1679382974568,1679382974611
1679382974740,1679382974761
1679382974711,1679382974762
1679382974794,1679382974820
1679382974967,1679382974973
1679382975032,1679382975093
1679382975042,1679382975105
1679382975083,1679382975138
1679382975191,1679382975238
1679382975199,1679382975249
1679382975192,1679382975347
1679382975531,1679382975539
1679382975542,1679382975599
1679382975678,1679382975730
1679382975834,1679382975874
1679382975803,1679382975876
1679382975889,1679382975929
1679382975879,1679382976060
1679382976106,1679382976122
1679382976047,1679382976126
1679382976131,1679382976148
1679382976542,1679382976556
1679382976558,1679382976587
1679382976642,1679382976652
1679382976558,1679382976672
1679382976971,1679382977007
1679382977070,1679382977170
1679382977339,1679382977371
1679382977311,1679382977408
1679382977410,1679382977423
1679382977323,1679382977446
1679382977421,1679382977481
1679382977248,1679382977581
1679382977366,1679382977591
1679382977370,1679382977602
1679382977338,1679382977636
1679382977724,1679382977800
1679382977798,1679382977857
1679382977757,1679382977863
1679382977748,1679382977874
1679382977938,1679382978005
1679382978255,1679382978418
1679382978122,1679382978549
1679382978467,1679382978576
1679382978574,1679382978632
1679382978578,1679382978647
1679382978607,1679382978731
1679382978626,1679382978769
1679382978796,1679382978826
1679382978850,1679382978858
1679382978842,1679382978922
1679382978903,1679382978946
1679382978883,1679382978986
1679382979218,1679382979237
1679382979352,1679382979420
1679382979452,1679382979516
1679382979620,1679382979637
1679382979698,1679382979783
1679382979756,1679382979815
1679382979807,1679382979822
1679382979617,1679382979845
1679382979948,1679382979954
1679382979911,1679382979987
1679382980179,1679382980191
1679382980189,1679382980193
1679382980216,1679382980222
1679382980216,1679382980240
1679382980438,1679382980467
1679382980219,1679382980473
1679382980532,1679382980547
1679382980573,1679382980687
1679382980511,1679382980716
1679382981055,1679382981120
1679382981128,1679382981135
1679382981139,1679382981157
1679382981296,1679382981314
1679382981337,1679382981368
1679382981372,1679382981402
1679382981410,1679382981479
1679382981579,1679382981599
1679382981680,1679382981720
1679382981652,1679382981743
1679382981837,1679382981842
1679382981909,1679382981991
1679382981984,1679382982052
1679382981993,1679382982076
1679382981960,1679382982081
1679382982104,1679382982163
1679382982134,1679382982278
1679382982389,1679382982409
1679382982484,1679382982500
1679382982568,1679382982632
1679382982693,1679382982737
1679382982843,1679382982849
1679382982870,1679382982904
1679382982852,1679382982906
1679382982826,1679382982949
1679382982852,1679382983001
1679382982854,1679382983040
1679382982844,1679382983076
1679382982866,1679382983104
1679382982862,1679382983124
1679382982848,1679382983124
1679382983096,1679382983150
1679382982862,1679382983156
1679382982961,1679382983181
1679382982873,1679382983233
1679382982856,1679382983253
1679382982909,1679382983260
1679382983052,1679382983279
1679382982835,1679382983289
1679382982875,1679382983353
1679382983369,1679382983386
1679382983485,1679382983503
1679382983454,1679382983612
1679382983525,1679382983645
1679382983533,1679382983658
1679382983625,1679382983698
1679382983709,1679382983764
1679382983732,1679382983770
1679382983768,1679382983798
1679382984005,1679382984020
1679382983916,1679382984034
1679382984121,1679382984140
1679382984209,1679382984222
1679382984097,1679382984260
1679382984330,1679382984341
1679382984285,1679382984352
1679382984301,1679382984388
1679382984569,1679382984584
1679382984617,1679382984621
1679382984621,1679382984637
1679382984633,1679382984642
1679382984664,1679382984688
1679382984640,1679382984738
1679382984644,1679382984756
1679382984765,1679382984769
1679382984870,1679382984875
1679382984825,1679382984887
1679382984897,1679382984934
1679382984973,1679382984987
1679382985042,1679382985054
1679382985085,1679382985112
1679382985140,1679382985212
1679382985124,1679382985238
1679382985313,1679382985339
1679382985481,1679382985553
1679382985563,1679382985647
1679382985697,1679382985728
1679382985729,1679382985761
1679382985760,1679382985781
1679382985765,1679382985793
1679382985886,1679382985898
1679382985873,1679382985937
1679382985997,1679382985999
1679382985981,1679382986041
1679382986105,1679382986115
1679382986151,1679382986199
1679382986179,1679382986204
1679382986221,1679382986225
1679382986222,1679382986244
1679382986186,1679382986254
1679382986240,1679382986300
1679382986375,1679382986388
1679382986443,1679382986446
1679382986447,1679382986459
1679382986518,1679382986529
1679382986503,1679382986578
1679382986582,1679382986586
1679382986700,1679382986731
1679382986747,1679382986778
1679382986668,1679382986798
1679382986769,1679382986845
1679382986877,1679382986880
1679382986853,1679382986897
1679382986902,1679382986916
1679382986921,1679382986943
1679382986977,1679382987032
1679382986936,1679382987040
1679382987073,1679382987134
1679382987128,1679382987150
1679382987174,1679382987199
1679382987313,1679382987351
1679382987310,1679382987363
1679382987311,1679382987417
1679382987437,1679382987500
1679382987529,1679382987573
1679382987513,1679382987594
1679382987544,1679382987625
1679382987611,1679382987637
1679382987643,1679382987655
1679382987679,1679382987691
1679382987730,1679382987781
1679382987785,1679382987800
1679382987787,1679382987811
1679382987826,1679382987868
1679382987856,1679382987894
1679382988129,1679382988184
1679382988161,1679382988200
1679382988187,1679382988304
1679382988268,1679382988311
1679382988340,1679382988468
1679382988484,1679382988536
1679382988454,1679382988545
1679382988515,1679382988656
1679382988696,1679382988705
1679382988698,1679382988724
1679382988855,1679382988863
1679382988881,1679382988908
1679382988945,1679382988964
1679382989000,1679382989005
1679382989020,1679382989044
1679382988992,1679382989050
1679382989055,1679382989112
1679382989125,1679382989139
1679382989175,1679382989197
1679382989193,1679382989198
1679382989210,1679382989217
1679382989289,1679382989381
1679382989400,1679382989432
1679382989450,1679382989501
1679382989617,1679382989625
1679382989644,1679382989677
1679382989665,1679382989827
1679382989714,1679382989922
1679382989928,1679382989971
1679382989860,1679382990010
1679382989941,1679382990049
1679382989894,1679382990066
1679382989965,1679382990089
1679382990000,1679382990121
1679382990073,1679382990124
1679382990131,1679382990185
1679382990338,1679382990379
1679382990408,1679382990417
1679382990416,1679382990427
1679382990432,1679382990464
1679382990303,1679382990470
1679382990413,1679382990501
1679382990356,1679382990502
1679382990580,1679382990634
1679382990666,1679382990700
1679382990927,1679382990956
1679382990909,1679382990960
1679382990899,1679382990975
1679382990960,1679382990986
1679382991139,1679382991156
1679382991205,1679382991271
1679382991251,1679382991329
1679382991320,1679382991338
1679382991312,1679382991339
1679382991305,1679382991342
1679382991312,1679382991373
1679382991387,1679382991395
1679382991495,1679382991504
1679382991496,1679382991599
1679382991671,1679382991711
1679382991692,1679382991764
1679382991692,1679382991781
1679382991705,1679382991821
1679382991802,1679382991834
1679382991888,1679382991953
1679382991936,1679382991992
1679382991912,1679382992020
1679382991991,1679382992022
1679382991893,1679382992081
1679382991899,1679382992093
1679382991932,1679382992097
1679382992091,1679382992159
1679382992144,1679382992170
1679382992228,1679382992231
1679382992191,1679382992241
1679382992245,1679382992266
1679382992267,1679382992310
1679382992285,1679382992314
1679382992371,1679382992385
1679382992470,1679382992516
1679382992434,1679382992552
1679382992513,1679382992566
1679382992608,1679382992628
1679382992739,1679382992762
1679382992918,1679382992925
1679382992928,1679382992950
1679382992952,1679382992969
1679382992912,1679382992970
1679382992930,1679382992998
1679382992954,1679382993023
1679382992945,1679382993029
1679382992940,1679382993073
1679382992910,1679382993079
1679382992905,1679382993093
1679382992923,1679382993107
1679382992950,1679382993117
1679382993162,1679382993214
1679382993031,1679382993221
1679382993214,1679382993235
1679382992940,1679382993251
1679382993111,1679382993261
1679382993143,1679382993297
1679382992827,1679382993308
1679382993276,1679382993337
1679382993288,1679382993343
1679382993053,1679382993350
1679382993364,1679382993408
1679382993433,1679382993468
1679382993491,1679382993560
1679382993612,1679382993640
1679382993653,1679382993668
1679382993494,1679382993711
1679382993754,1679382993788
1679382993694,1679382993862
1679382994019,1679382994038
1679382994036,1679382994040
1679382994098,1679382994107
1679382994388,1679382994393
1679382994322,1679382994400
1679382994319,1679382994447
1679382994394,1679382994458
1679382994475,1679382994480
1679382994585,1679382994644
1679382994608,1679382994660
1679382994690,1679382994725
1679382994605,1679382994743
1679382994624,1679382994743
1679382994764,1679382994783
1679382994780,1679382994798
1679382994808,1679382994832
1679382994824,1679382994841
1679382994662,1679382994874
1679382994901,1679382994929
1679382994945,1679382994965
1679382994969,1679382995014
1679382994986,1679382995026
1679382995042,1679382995093
1679382995109,1679382995126
1679382995093,1679382995152
1679382995192,1679382995211
1679382995246,1679382995304
1679382995293,1679382995364
1679382995372,1679382995415
1679382995514,1679382995517
1679382995497,1679382995567
1679382995625,1679382995642
1679382995613,1679382995648
1679382995676,1679382995689
1679382995696,1679382995816
1679382995825,1679382995880
1679382995945,1679382995961
1679382995986,1679382996001
1679382996078,1679382996092
1679382996080,1679382996093
1679382996081,1679382996132
1679382996258,1679382996262
1679382996304,1679382996336
1679382996335,1679382996350
1679382996353,1679382996358
1679382996420,1679382996429
1679382996445,1679382996521
1679382996552,1679382996555
1679382996611,1679382996658
1679382996754,1679382996758
1679382996803,1679382996831
1679382996907,1679382996940
1679382996850,1679382996944
1679382996933,1679382996954
1679382996912,1679382996992
1679382996946,1679382997067
1679382997060,1679382997088
1679382997114,1679382997118
1679382996979,1679382997127
1679382997126,1679382997161
1679382997147,1679382997174
1679382997176,1679382997180
1679382997141,1679382997192
1679382997204,1679382997225
1679382997192,1679382997232
1679382997289,1679382997291
1679382997334,1679382997343
1679382997430,1679382997435
1679382997448,1679382997485
1679382997505,1679382997515
1679382997479,1679382997518
1679382997583,1679382997623
1679382997650,1679382997654
1679382997592,1679382997669
1679382997636,1679382997682
1679382997552,1679382997700
1679382997583,1679382997801
1679382997573,1679382997860
1679382997651,1679382997888
1679382997811,1679382997889
1679382997641,1679382997945
1679382997712,1679382997948
1679382997825,1679382998001
1679382997999,1679382998053
1679382997893,1679382998084
1679382998068,1679382998129
1679382998113,1679382998130
1679382998103,1679382998134
1679382998203,1679382998217
1679382998336,1679382998491
1679382998352,1679382998492
1679382998491,1679382998496
1679382998311,1679382998512
1679382998509,1679382998539
1679382998502,1679382998559
1679382998366,1679382998686
1679382998706,1679382998735
1679382998877,1679382998884
1679382998878,1679382998885
1679382998908,1679382998914
1679382999001,1679382999072
1679382999056,1679382999072
1679382999202,1679382999225
1679382999385,1679382999391
1679382999612,1679382999632
1679382999656,1679382999671
1679382999700,1679382999713
1679382999715,1679382999718
1679382999784,1679382999790
1679382999750,1679382999804
1679382999708,1679382999835
1679382999840,1679382999854
1679382999791,1679382999873
1679382999970,1679382999980
1679383000012,1679383000028
1679383000002,1679383000031
1679383000065,1679383000089
1679382999926,1679383000108
1679383000228,1679383000247
1679383000260,1679383000267
1679383000303,1679383000422
1679383000324,1679383000485
1679383000413,1679383000489
1679383000396,1679383000507
1679383000206,1679383000517
1679383000249,1679383000550
1679383000564,1679383000572
1679383000527,1679383000592
1679383000566,1679383000596
1679383000549,1679383000600
1679383000545,1679383000692
1679383000628,1679383000700
1679383000574,1679383000724
1679383000555,1679383000743
1679383000769,1679383000784
1679383000757,1679383000878
1679383000899,1679383000909
1679383000893,1679383000919
1679383000901,1679383000925
1679383000928,1679383001008
1679383001021,1679383001037
1679383000990,1679383001046
1679383001051,1679383001056
1679383000953,1679383001170
1679383001188,1679383001210
1679383001345,1679383001417
1679383001284,1679383001462
1679383001412,1679383001503
1679383001502,1679383001549
1679383001421,1679383001571
1679383001564,1679383001596
1679383001296,1679383001597
1679383001401,1679383001614
1679383001633,1679383001639
1679383001680,1679383001696
1679383001801,1679383001858
1679383001883,1679383001943
1679383001943,1679383001946
1679383001895,1679383001984
1679383001928,1679383002032
1679383001947,1679383002065
1679383001939,1679383002069
1679383002136,1679383002155
1679383002156,1679383002163
1679383002167,1679383002213
1679383002243,1679383002273
1679383002400,1679383002430
1679383002403,1679383002476
1679383002336,1679383002538
1679383002317,1679383002576
1679383002318,1679383002585
1679383002591,1679383002601
1679383002625,1679383002632
1679383002594,1679383002641
1679383002647,1679383002737
1679383002751,1679383002780
1679383002745,1679383002807
1679383002708,1679383002831
1679383002713,1679383002841
1679383002742,1679383002909
1679383002991,1679383003001
1679383002995,1679383003229
1679383003083,1679383003265
1679383003353,1679383003391
1679383003951,1679383003966
1679383003915,1679383004011
1679383004068,1679383004117
1679383004123,1679383004209
1679383004224,1679383004269
1679383004215,1679383004286
1679383004157,1679383004313
1679383004224,1679383004314
1679383004334,1679383004370
1679383004543,1679383004559
1679383004581,1679383004588
1679383004642,1679383004660
1679383004745,1679383004797
1679383004735,1679383004849
1679383005011,1679383005021
1679383004971,1679383005034
1679383005133,1679383005183
1679383005313,1679383005319
1679383005279,1679383005396
1679383005446,1679383005476
1679383005473,1679383005689
1679383005721,1679383005745
1679383005785,1679383005802
1679383005854,1679383005885
1679383005898,1679383005905
1679383006060,1679383006080
1679383006034,1679383006083
1679383006050,1679383006115
1679383006155,1679383006192
1679383006306,1679383006344
1679383006450,1679383006458
1679383006385,1679383006499
1679383006489,1679383006574
1679383006533,1679383006593
1679383006480,1679383006631
1679383006778,1679383006800
1679383006778,1679383006809
1679383006950,1679383006967
1679383006960,1679383006968
1679383006873,1679383006993
1679383006945,1679383007030
1679383007174,1679383007194
1679383007233,1679383007260
1679383007385,1679383007400
1679383007409,1679383007415
1679383007438,1679383007451
1679383007433,1679383007468
1679383007507,1679383007584
1679383007758,1679383007771
1679383007643,1679383007774
1679383007949,1679383007955
1679383007974,1679383007991
1679383008068,1679383008096
1679383008094,1679383008158
1679383007936,1679383008176
1679383008259,1679383008263
1679383008207,1679383008272
1679383008435,1679383008460
1679383008458,1679383008476
1679383008401,1679383008530
1679383008676,1679383008793
1679383008701,1679383008803
1679383008880,1679383008887
1679383008879,1679383008914
1679383008995,1679383009043
1679383009065,1679383009098
1679383009212,1679383009222
1679383009372,1679383009420
1679383009293,1679383009459
1679383009449,1679383009502
1679383009583,1679383009621
1679383009605,1679383009632
1679383009617,1679383009648
1679383009756,1679383009790
1679383009845,1679383009864
1679383009888,1679383009903
1679383009885,1679383009911
1679383010172,1679383010237
1679383010287,1679383010375
1679383010380,1679383010386
1679383010420,1679383010445
1679383010528,1679383010560
1679383010656,1679383010679
1679383010641,1679383010708
1679383010626,1679383010768
1679383010679,1679383010791
1679383010917,1679383010927
1679383010705,1679383010948
1679383010925,1679383010949
1679383011157,1679383011186
1679383010941,1679383011194
1679383011196,1679383011213
1679383011273,1679383011278
1679383011284,1679383011324
1679383011361,1679383011367
1679383011570,1679383011578
1679383011744,1679383011767
1679383011756,1679383011778
1679383011800,1679383011825
1679383011972,1679383012025
1679383012025,1679383012042
1679383011981,1679383012071
1679383012136,1679383012211
1679383012346,1679383012365
1679383012109,1679383012379
1679383012309,1679383012408
1679383012426,1679383012467
1679383012518,1679383012611
1679383012598,1679383012617
1679383012541,1679383012659
1679383012572,1679383012681
1679383012666,1679383012697
1679383012657,1679383012770
1679383012885,1679383012925
1679383012947,1679383012958
1679383013000,1679383013020
1679383013281,1679383013315
1679383013239,1679383013332
1679383013257,1679383013391
1679383013396,1679383013424
1679383013502,1679383013515
1679383013569,1679383013614
1679383013869,1679383013876
1679383013989,1679383014015
1679383014069,1679383014093
1679383014096,1679383014101
1679383014064,1679383014203
1679383014330,1679383014396
1679383014509,1679383014516
1679383014494,1679383014565
1679383014644,1679383014658
1679383014649,1679383014678
1679383014660,1679383014693
1679383014681,1679383014694
1679383014644,1679383014702
1679383014633,1679383014825
1679383014932,1679383014941
1679383014951,1679383014958
1679383015033,1679383015040
1679383015045,1679383015093
1679383015096,1679383015179
1679383015073,1679383015185
1679383015117,1679383015200
1679383015344,1679383015404
1679383015448,1679383015459
1679383015646,1679383015677
1679383015757,1679383015778
1679383015737,1679383015803
1679383015854,1679383015877
1679383015809,1679383015891
1679383015885,1679383015966
1679383016065,1679383016180
1679383016118,1679383016186
1679383016205,1679383016214
1679383016125,1679383016235
1679383016405,1679383016428
1679383016509,1679383016521
1679383016573,1679383016609
1679383016593,1679383016639
1679383016656,1679383016722
1679383016567,1679383016722
1679383016681,1679383016752
1679383016668,1679383016815
1679383016861,1679383016879
1679383017173,1679383017220
1679383017074,1679383017240
1679383017217,1679383017242
1679383017380,1679383017400
1679383017396,1679383017405
1679383017429,1679383017432
1679383017436,1679383017465
1679383017573,1679383017639
1679383017638,1679383017647
1679383017660,1679383017678
1679383017787,1679383017830
1679383017920,1679383018019
1679383017985,1679383018033
1679383018252,1679383018263
1679383018243,1679383018303
1679383018371,1679383018394
1679383018157,1679383018413
1679383018302,1679383018437
1679383018448,1679383018463
1679383018130,1679383018516
1679383018383,1679383018593
1679383018664,1679383018733
1679383018737,1679383018806
1679383018856,1679383018882
1679383018928,1679383018942
1679383018833,1679383018972
1679383018965,1679383018984
1679383018968,1679383018992
1679383018985,1679383018993
1679383019104,1679383019110
1679383019220,1679383019295
1679383019304,1679383019309
1679383019532,1679383019559
1679383019529,1679383019569
1679383019674,1679383019680
1679383019705,1679383019736
1679383019873,1679383019882
1679383019871,1679383019895
1679383019790,1679383019895
1679383019965,1679383020043
1679383020028,1679383020048
1679383020080,1679383020083
1679383020017,1679383020172
1679383020123,1679383020247
1679383020073,1679383020265
1679383020173,1679383020277
1679383020321,1679383020388
1679383020461,1679383020469
1679383020488,1679383020518
1679383020581,1679383020618
1679383020612,1679383020625
1679383020739,1679383020760
1679383020693,1679383020771
1679383020743,1679383020851
1679383020968,1679383021002
1679383021049,1679383021209
1679383021005,1679383021267
1679383021137,1679383021287
1679383021221,1679383021321
1679383021319,1679383021372
1679383021465,1679383021514
1679383021629,1679383021695
1679383021626,1679383021720
1679383021693,1679383021758
1679383021749,1679383021851
1679383021820,1679383021867
1679383021844,1679383021899
1679383021820,1679383021916
1679383021938,1679383021972
1679383021967,1679383021978
1679383021942,1679383022006
1679383022150,1679383022205
1679383022305,1679383022313
1679383022282,1679383022384
1679383022389,1679383022451
1679383022450,1679383022498
1679383022511,1679383022536
1679383022490,1679383022537
1679383022645,1679383022844
1679383022838,1679383022862
1679383023266,1679383023272
1679383023201,1679383023292
1679383023285,1679383023334
1679383023305,1679383023353
1679383023441,1679383023447
1679383023445,1679383023461
1679383023681,1679383023707
1679383023647,1679383023727
1679383023753,1679383023800
1679383023813,1679383023822
1679383023850,1679383023869
1679383023829,1679383023919
1679383023922,1679383023959
1679383023874,1679383023990
1679383024008,1679383024039
1679383023901,1679383024046
1679383024087,1679383024149
1679383024281,1679383024296
1679383024265,1679383024303
1679383024286,1679383024308
1679383024321,1679383024343
1679383024343,1679383024349
1679383024351,1679383024357
1679383024376,1679383024387
1679383024332,1679383024389
1679383024322,1679383024407
1679383024314,1679383024411
1679383024365,1679383024431
1679383024378,1679383024459
1679383024309,1679383024501
1679383024298,1679383024508
1679383024291,1679383024537
1679383024314,1679383024541
1679383024521,1679383024583
1679383024354,1679383024628
1679383024511,1679383024628
1679383024324,1679383024635
1679383024349,1679383024680
1679383024354,1679383024684
1679383024326,1679383024694
1679383024306,1679383024729
1679383024625,1679383024761
1679383024303,1679383024766
1679383024294,1679383024776
1679383024384,1679383024799
1679383024293,1679383024812
1679383024337,1679383024875
1679383024837,1679383024891
1679383024361,1679383024914
1679383024364,1679383024929
1679383024346,1679383024932
1679383024377,1679383024949
1679383024968,1679383024993
1679383025059,1679383025115
1679383025070,1679383025147
1679383025093,1679383025153
1679383025215,1679383025259
1679383025055,1679383025273
1679383025059,1679383025298
1679383025341,1679383025390
1679383025308,1679383025405
1679383025252,1679383025437
1679383025316,1679383025518
1679383025420,1679383025611
1679383025261,1679383025650
1679383025766,1679383025794
1679383025826,1679383025860
1679383026021,1679383026028
1679383026074,1679383026093
1679383026132,1679383026208
1679383026261,1679383026264
1679383026294,1679383026345
1679383026277,1679383026353
1679383026364,1679383026393
1679383026377,1679383026437
1679383026369,1679383026454
1679383026373,1679383026466
1679383026469,1679383026478
1679383026442,1679383026505
1679383026505,1679383026535
1679383026388,1679383026563
1679383026640,1679383026644
1679383026648,1679383026688
1679383026680,1679383026716
1679383026705,1679383026732
1679383026636,1679383026750
1679383026673,1679383026764
1679383026753,1679383026801
1679383026787,1679383026801
1679383026780,1679383026861
1679383026842,1679383026872
1679383026812,1679383026925
1679383026938,1679383026948
1679383026999,1679383027037
1679383027026,1679383027044
1679383027264,1679383027268
1679383027288,1679383027310
1679383027261,1679383027312
1679383027339,1679383027356
1679383027357,1679383027371
1679383027445,1679383027474
1679383027385,1679383027512
1679383027504,1679383027563
1679383027617,1679383027631
1679383027579,1679383027644
1679383027522,1679383027802
1679383027823,1679383027834
1679383027872,1679383027894
1679383028025,1679383028027
1679383028014,1679383028037
1679383028028,1679383028073
1679383028078,1679383028090
1679383028090,1679383028101
1679383028049,1679383028124
1679383028031,1679383028192
1679383028175,1679383028231
1679383028241,1679383028244
1679383028218,1679383028358
1679383028178,1679383028414
1679383028432,1679383028454
1679383028415,1679383028467
1679383028580,1679383028589
1679383028555,1679383028597
1679383028639,1679383028653
1679383028650,1679383028673
1679383028803,1679383028811
1679383028681,1679383028814
1679383028777,1679383028832
1679383028808,1679383028861
1679383028853,1679383028916
1679383028816,1679383028916
1679383029043,1679383029063
1679383029058,1679383029133
1679383029139,1679383029158
1679383029127,1679383029168
1679383029088,1679383029204
1679383029127,1679383029220
1679383029194,1679383029239
1679383029214,1679383029262
1679383029239,1679383029276
1679383029275,1679383029293
1679383029462,1679383029472
1679383029499,1679383029509
1679383029540,1679383029543
1679383029486,1679383029548
1679383029613,1679383029641
1679383029643,1679383029665
1679383029675,1679383029695
1679383029599,1679383029707
1679383029683,1679383029717
1679383029692,1679383029747
1679383029693,1679383029786
1679383029743,1679383029790
1679383029782,1679383029869
1679383029921,1679383029927
1679383029945,1679383030023
1679383030000,1679383030055
1679383030060,1679383030181
1679383030098,1679383030199
1679383029994,1679383030220
1679383030225,1679383030307
1679383030279,1679383030310
1679383030222,1679383030334
1679383030174,1679383030350
1679383030392,1679383030401
1679383030263,1679383030411
1679383030358,1679383030412
1679383030102,1679383030433
1679383030310,1679383030472
1679383030297,1679383030493
1679383030235,1679383030501
1679383030310,1679383030520
1679383030030,1679383030549
1679383030354,1679383030553
1679383030533,1679383030565
1679383030495,1679383030575
1679383030217,1679383030576
1679383030010,1679383030647
1679383030532,1679383030654
1679383030651,1679383030717
1679383030655,1679383030724
1679383030523,1679383030736
1679383030685,1679383030795
1679383030608,1679383030795
1679383030557,1679383030853
1679383030922,1679383030937
1679383030793,1679383030958
1679383031031,1679383031105
1679383030943,1679383031108
1679383031082,1679383031115
1679383031067,1679383031137
1679383030798,1679383031137
1679383030846,1679383031153
1679383030710,1679383031222
1679383031198,1679383031225
1679383031002,1679383031228
1679383031227,1679383031250
1679383031218,1679383031253
1679383030959,1679383031264
1679383031288,1679383031330
1679383031309,1679383031395
1679383031457,1679383031492
1679383031532,1679383031568
1679383031536,1679383031580
1679383031560,1679383031600
1679383031552,1679383031610
1679383031610,1679383031622
1679383031618,1679383031663
1679383031610,1679383031692
1679383031707,1679383031715
1679383031713,1679383031770
1679383031915,1679383031933
1679383032048,1679383032071
1679383032041,1679383032116
1679383032066,1679383032142
1679383032088,1679383032154
1679383032132,1679383032170
1679383032197,1679383032214
1679383032272,1679383032286
1679383032291,1679383032315
1679383032341,1679383032365
1679383032387,1679383032418
1679383032408,1679383032441
1679383032423,1679383032467
1679383032372,1679383032581
1679383032569,1679383032601
1679383032590,1679383032612
1679383032582,1679383032631
1679383032601,1679383032687
1679383032524,1679383032704
1679383032606,1679383032734
1679383032717,1679383032812
1679383032726,1679383032832
1679383032810,1679383032848
1679383032750,1679383032860
1679383032780,1679383032894
1679383032835,1679383032924
1679383032569,1679383032925
1679383032938,1679383032954
1679383032918,1679383032972
1679383032963,1679383033006
1679383033004,1679383033016
1679383033043,1679383033133
1679383033222,1679383033239
1679383033298,1679383033466
1679383033436,1679383033475
1679383033483,1679383033516
1679383033501,1679383033543
1679383033667,1679383033680
1679383033704,1679383033735
1679383033772,1679383033804
1679383033799,1679383033842
1679383034132,1679383034160
1679383034037,1679383034178
1679383034118,1679383034200
1679383034118,1679383034247
1679383034263,1679383034286
1679383034190,1679383034292
1679383034176,1679383034297
1679383034331,1679383034348
1679383034494,1679383034515
1679383034731,1679383034751
1679383034655,1679383034803
1679383034800,1679383034824
1679383034824,1679383034839
1679383034863,1679383034938
1679383034864,1679383034939
1679383034963,1679383034995
1679383034681,1679383035008
1679383035103,1679383035108
1679383035155,1679383035158
1679383035159,1679383035167
1679383035243,1679383035301
1679383035271,1679383035433
1679383035439,1679383035473
1679383035531,1679383035534
1679383035643,1679383035665
1679383035679,1679383035734
1679383035648,1679383035743
1679383035755,1679383035816
1679383035846,1679383035853
1679383035863,1679383035891
1679383035863,1679383035918
1679383036107,1679383036111
1679383036180,1679383036185
1679383036267,1679383036294
1679383036268,1679383036324
1679383036311,1679383036412
1679383036311,1679383036440
1679383036487,1679383036508
1679383036501,1679383036559
1679383036610,1679383036642
1679383036742,1679383036776
1679383036750,1679383036802
1679383036691,1679383036840
1679383036830,1679383036849
1679383036863,1679383036866
1679383036999,1679383037007
1679383037013,1679383037024
1679383037010,1679383037095
1679383037175,1679383037183
1679383037198,1679383037230
1679383037438,1679383037442
1679383037399,1679383037478
1679383037483,1679383037511
1679383037491,1679383037537
1679383037582,1679383037591
1679383037738,1679383037771
1679383037738,1679383037786
1679383037749,1679383037801
1679383037806,1679383037863
1679383037802,1679383037950
1679383037891,1679383037987
1679383038031,1679383038051
1679383038110,1679383038132
1679383038167,1679383038192
1679383038230,1679383038245
1679383038246,1679383038269
1679383038447,1679383038509
1679383038512,1679383038532
1679383038538,1679383038560
1679383038496,1679383038622
1679383038671,1679383038678
1679383038735,1679383038741
1679383038802,1679383038816
1679383038773,1679383038871
1679383038916,1679383038933
1679383038922,1679383038953
1679383038987,1679383039033
1679383038922,1679383039088
1679383039139,1679383039194
1679383039234,1679383039248
1679383039256,1679383039280
1679383039394,1679383039435
1679383039463,1679383039470
1679383039387,1679383039518
1679383039621,1679383039682
1679383039699,1679383039716
1679383039680,1679383039867
1679383039680,1679383039868
1679383039868,1679383039884
1679383039648,1679383039901
1679383039943,1679383039953
1679383039728,1679383039970
1679383039984,1679383039989
1679383040002,1679383040021
1679383040081,1679383040089
1679383040079,1679383040089
1679383040164,1679383040212
1679383040256,1679383040284
1679383040311,1679383040315
1679383040435,1679383040454
1679383040432,1679383040466
1679383040486,1679383040535
1679383040595,1679383040655
1679383040640,1679383040671
1679383040707,1679383040756
1679383041097,1679383041101
1679383041097,1679383041116
1679383041160,1679383041174
1679383041136,1679383041211
1679383041188,1679383041234
1679383041181,1679383041250
1679383041316,1679383041366
1679383041196,1679383041372
1679383041408,1679383041433
1679383041565,1679383041577
1679383041604,1679383041705
1679383041664,1679383041717
1679383041812,1679383041827
1679383041862,1679383041871
1679383041969,1679383042006
1679383041820,1679383042069
1679383041936,1679383042149
1679383042212,1679383042218
1679383042276,1679383042320
1679383042316,1679383042363
1679383042344,1679383042389
1679383042277,1679383042419
1679383042383,1679383042423
1679383042279,1679383042432
1679383042219,1679383042432
1679383042473,1679383042523
1679383042512,1679383042570
1679383042577,1679383042608
1679383042630,1679383042636
1679383042673,1679383042709
1679383042630,1679383042717
1679383042856,1679383042889
1679383043181,1679383043207
1679383043386,1679383043392
1679383043284,1679383043403
1679383043537,1679383043544
1679383043462,1679383043548
1679383043470,1679383043555
1679383043551,1679383043557
1679383043404,1679383043568
1679383043498,1679383043585
1679383043677,1679383043687
1679383043778,1679383043828
1679383043536,1679383043847
1679383043901,1679383043913
1679383044010,1679383044057
1679383044036,1679383044106
1679383043933,1679383044111
1679383044057,1679383044186
1679383044182,1679383044264
1679383044285,1679383044309
1679383044257,1679383044313
1679383044301,1679383044355
1679383044554,1679383044616
1679383044564,1679383044619
1679383044585,1679383044653
1679383044662,1679383044674
1679383044680,1679383044696
1679383044689,1679383044796
1679383044689,1679383044800
1679383044712,1679383044811
1679383044701,1679383044832
1679383044807,1679383044848
1679383044673,1679383044855
1679383044688,1679383044882
1679383044701,1679383044916
1679383044897,1679383044928
1679383044900,1679383044946
1679383044696,1679383044996
1679383044702,1679383045056
1679383045061,1679383045086
1679383044973,1679383045137
1679383045077,1679383045165
1679383045101,1679383045231
1679383045089,1679383045255
1679383045306,1679383045392
1679383045419,1679383045528
1679383045541,1679383045575
1679383045570,1679383045608
1679383045562,1679383045643
1679383045663,1679383045687
1679383045573,1679383045736
1679383045773,1679383045778
1679383045770,1679383045778
1679383045801,1679383045850
1679383045837,1679383045852
1679383045881,1679383045938
1679383046021,1679383046043
1679383046104,1679383046120
1679383046046,1679383046145
1679383046208,1679383046236
1679383046213,1679383046263
1679383046197,1679383046278
1679383046257,1679383046297
1679383046181,1679383046319
1679383046413,1679383046450
1679383046485,1679383046557
1679383046592,1679383046658
1679383046656,1679383046681
1679383046649,1679383046724
1679383046713,1679383046735
1679383046837,1679383046910
1679383046909,1679383046928
1679383046825,1679383046938
1679383046957,1679383046986
1679383046759,1679383047028
1679383047053,1679383047071
1679383047073,1679383047083
1679383046985,1679383047123
1679383046986,1679383047136
1679383047024,1679383047173
1679383047177,1679383047181
1679383047183,1679383047200
1679383047213,1679383047239
1679383047252,1679383047272
1679383047349,1679383047367
1679383047377,1679383047406
1679383047413,1679383047494
1679383047561,1679383047691
1679383047751,1679383047757
1679383047736,1679383047783
1679383047801,1679383047872
1679383047891,1679383047907
1679383047952,1679383047986
1679383047977,1679383048005
1679383047900,1679383048024
1679383047968,1679383048074
1679383048173,1679383048230
1679383048146,1679383048254
1679383048215,1679383048264
1679383048269,1679383048273
1679383048339,1679383048380
1679383048346,1679383048437
1679383048313,1679383048455
1679383048431,1679383048490
1679383048587,1679383048590
1679383048637,1679383048644
1679383048552,1679383048655
1679383048684,1679383048694
1679383048672,1679383048694
1679383048696,1679383048739
1679383048651,1679383048744
1679383048731,1679383048753
1679383048760,1679383048770
1679383048763,1679383048788
1679383048710,1679383048803
1679383048795,1679383048812
1679383048797,1679383048865
1679383048900,1679383048920
1679383049033,1679383049075
1679383049086,1679383049093
1679383049038,1679383049103
1679383049150,1679383049169
1679383049116,1679383049270
1679383049240,1679383049276
1679383049291,1679383049333
1679383049340,1679383049369
1679383049459,1679383049524
1679383049614,1679383049627
1679383049557,1679383049651
1679383049659,1679383049675
1679383049650,1679383049679
1679383049689,1679383049759
1679383049762,1679383049774
1679383049774,1679383049794
1679383049714,1679383049873
1679383049800,1679383049927
1679383049917,1679383049937
1679383049872,1679383049957
1679383049998,1679383050054
1679383050049,1679383050055
1679383050040,1679383050079
1679383049947,1679383050084
1679383050127,1679383050189
1679383050183,1679383050282
1679383050281,1679383050304
1679383050355,1679383050393
1679383050444,1679383050531
1679383050373,1679383050545
1679383050432,1679383050613
1679383050440,1679383050623
1679383050550,1679383050638
1679383050692,1679383050730
1679383050713,1679383050795
1679383050796,1679383050867
1679383050857,1679383050970
1679383050681,1679383050977
1679383050713,1679383050987
1679383050988,1679383050991
1679383051020,1679383051028
1679383051004,1679383051070
1679383051053,1679383051122
1679383051113,1679383051132
1679383050972,1679383051158
1679383051247,1679383051305
1679383051272,1679383051365
1679383051329,1679383051379
1679383051413,1679383051420
1679383051509,1679383051545
1679383051534,1679383051552
1679383051529,1679383051581
1679383051557,1679383051607
1679383051700,1679383051720
1679383051629,1679383051723
1679383051647,1679383051777
1679383051839,1679383051850
1679383051868,1679383051895
1679383051888,1679383051897
1679383051896,1679383051907
1679383051960,1679383052009
1679383051932,1679383052025
1679383052051,1679383052065
1679383052020,1679383052110
1679383052121,1679383052126
1679383051932,1679383052150
1679383052025,1679383052163
1679383052038,1679383052195
1679383052202,1679383052299
1679383052363,1679383052383
1679383052379,1679383052421
1679383052472,1679383052479
1679383052455,1679383052520
1679383052546,1679383052562
1679383052540,1679383052575
1679383052728,1679383052732
1679383052773,1679383052785
1679383052843,1679383052878
1679383052868,1679383052917
1679383052728,1679383052930
1679383052930,1679383052954
1679383052935,1679383052984
1679383053089,1679383053121
1679383053138,1679383053148
1679383053208,1679383053221
1679383053172,1679383053234
1679383053252,1679383053333
1679383053329,1679383053384
1679383053392,1679383053469
1679383053458,1679383053485
1679383053479,1679383053517
1679383053365,1679383053530
1679383053442,1679383053587
1679383053592,1679383053623
1679383053655,1679383053666
1679383053400,1679383053674
1679383053537,1679383053693
1679383053393,1679383053711
1679383053459,1679383053763
1679383053753,1679383053839
1679383053720,1679383053872
1679383053813,1679383053879
1679383053511,1679383053919
1679383054053,1679383054064
1679383054189,1679383054196
1679383054167,1679383054240
1679383054232,1679383054259
1679383054263,1679383054296
1679383054358,1679383054422
1679383054484,1679383054545
1679383054528,1679383054611
1679383054521,1679383054630
1679383054627,1679383054660
1679383054569,1679383054679
1679383054536,1679383054705
1679383054698,1679383054744
1679383054772,1679383054803
1679383054799,1679383054809
1679383054796,1679383054809
1679383054811,1679383054820
1679383054822,1679383054828
1679383054788,1679383054883
1679383054841,1679383054917
1679383054830,1679383054926
1679383054848,1679383054936
1679383054804,1679383054951
1679383054848,1679383055008
1679383054827,1679383055057
1679383054761,1679383055067
1679383054750,1679383055085
1679383054753,1679383055094
1679383055041,1679383055150
1679383054780,1679383055175
1679383055175,1679383055213
1679383055224,1679383055250
1679383054812,1679383055268
1679383054848,1679383055272
1679383054945,1679383055299
1679383054765,1679383055348
1679383054838,1679383055387
1679383054776,1679383055389
1679383055273,1679383055394
1679383054770,1679383055421
1679383054878,1679383055446
1679383054825,1679383055449
1679383055269,1679383055459
1679383055470,1679383055508
1679383054806,1679383055557
1679383055541,1679383055558
1679383055361,1679383055626
1679383055608,1679383055638
1679383054768,1679383055679
1679383055644,1679383055688
1679383055277,1679383055735
1679383054822,1679383055747
1679383055513,1679383055754
1679383055673,1679383055774
1679383054798,1679383055776
1679383055400,1679383055784
1679383054783,1679383055857
1679383055838,1679383055871
1679383055812,1679383055890
1679383055788,1679383055917
1679383055789,1679383055965
1679383055424,1679383055965
1679383056014,1679383056025
1679383056025,1679383056040
1679383056023,1679383056042
1679383054760,1679383056052
1679383056062,1679383056075
1679383056048,1679383056083
1679383056068,1679383056097
1679383056080,1679383056143
1679383056297,1679383056303
1679383056261,1679383056313
1679383056316,1679383056376
1679383056462,1679383056486
1679383056451,1679383056569
1679383056513,1679383056584
1679383056590,1679383056610
1679383056725,1679383056738
1679383056741,1679383056758
1679383056765,1679383056787
1679383056833,1679383056881
1679383056809,1679383056898
1679383056892,1679383056955
1679383057013,1679383057023
1679383057048,1679383057058
1679383057050,1679383057060
1679383057060,1679383057067
1679383057074,1679383057179
1679383057204,1679383057210
1679383057057,1679383057212
1679383057216,1679383057230
1679383057278,1679383057307
1679383057398,1679383057402
1679383057092,1679383057442
1679383057447,1679383057482
1679383057445,1679383057551
1679383057553,1679383057579
1679383057633,1679383057663
1679383057685,1679383057714
1679383057724,1679383057731
1679383057715,1679383057760
1679383057769,1679383057811
1679383057782,1679383057816
1679383057841,1679383057916
1679383057825,1679383057965
1679383057824,1679383058038
1679383058051,1679383058080
1679383058066,1679383058102
1679383058143,1679383058147
1679383058157,1679383058196
1679383058057,1679383058217
1679383058035,1679383058247
1679383058265,1679383058289
1679383058132,1679383058345
1679383058381,1679383058416
1679383058405,1679383058420
1679383058401,1679383058463
1679383058491,1679383058501
1679383058445,1679383058542
1679383058516,1679383058646
1679383058645,1679383058664
1679383058645,1679383058687
1679383058660,1679383058729
1679383058755,1679383058800
1679383058876,1679383058880
1679383058918,1679383058936
1679383058891,1679383058965
1679383059021,1679383059076
1679383059077,1679383059086
1679383059230,1679383059236
1679383059272,1679383059325
1679383059312,1679383059349
1679383059319,1679383059358
1679383059294,1679383059384
1679383059379,1679383059440
1679383059403,1679383059465
1679383059518,1679383059524
1679383059572,1679383059619
1679383059537,1679383059636
1679383059552,1679383059672
1679383059609,1679383059741
1679383059613,1679383059752
1679383059637,1679383059761
1679383059776,1679383059797
1679383059737,1679383059826
1679383059725,1679383059837
1679383059857,1679383059897
1679383059804,1679383060005
1679383059893,1679383060006
1679383059994,1679383060020
1679383059981,1679383060039
1679383060131,1679383060168
1679383060121,1679383060184
1679383060137,1679383060229
1679383060163,1679383060233
1679383060229,1679383060249
1679383060270,1679383060286
1679383060258,1679383060297
1679383060255,1679383060415
1679383060419,1679383060445
1679383060481,1679383060508
1679383060461,1679383060545
1679383060542,1679383060605
1679383060527,1679383060618
1679383060444,1679383060629
1679383060431,1679383060664
1679383060596,1679383060681
1679383060638,1679383060693
1679383060575,1679383060713
1679383060696,1679383060759
1679383060709,1679383060791
1679383060792,1679383060854
1679383060767,1679383060877
1679383060806,1679383060890
1679383060790,1679383060928
1679383060971,1679383060990
1679383060988,1679383061036
1679383061079,1679383061083
1679383060900,1679383061096
1679383061082,1679383061121
1679383061121,1679383061155
1679383061124,1679383061233
1679383061219,1679383061258
1679383061224,1679383061269
1679383061283,1679383061302
1679383061348,1679383061399
1679383061342,1679383061399
1679383061408,1679383061425
1679383061440,1679383061450
1679383061455,1679383061473
1679383061484,1679383061530
1679383061510,1679383061534
1679383061491,1679383061551
1679383061546,1679383061554
1679383061557,1679383061582
1679383061643,1679383061647
1679383061667,1679383061684
1679383061703,1679383061717
1679383061662,1679383061720
1679383061602,1679383061722
1679383061719,1679383061753
1679383061762,1679383061804
1679383061799,1679383061830
1679383061958,1679383061965
1679383062027,1679383062044
1679383061940,1679383062049
1679383062097,1679383062110
1679383062106,1679383062112
1679383062147,1679383062154
1679383062208,1679383062212
1679383062252,1679383062275
1679383062259,1679383062275
1679383062239,1679383062288
1679383062318,1679383062383
1679383062285,1679383062425
1679383062203,1679383062434
1679383062429,1679383062435
1679383062260,1679383062495
1679383062522,1679383062581
1679383062553,1679383062590
1679383062610,1679383062613
1679383062602,1679383062628
1679383062718,1679383062729
1679383062667,1679383062747
1679383062785,1679383062811
1679383062794,1679383062844
1679383062843,1679383062865
1679383062884,1679383062909
1679383062891,1679383062916
1679383062881,1679383062953
1679383063032,1679383063043
1679383063207,1679383063260
1679383062937,1679383063291
1679383063285,1679383063293
1679383063341,1679383063348
1679383063348,1679383063435
1679383063448,1679383063471
1679383063436,1679383063481
1679383063453,1679383063508
1679383063469,1679383063534
1679383063504,1679383063534
1679383063516,1679383063538
1679383063537,1679383063551
1679383063533,1679383063556
1679383063532,1679383063591
1679383063640,1679383063694
1679383063568,1679383063717
1679383063766,1679383063797
1679383063824,1679383063859
1679383063815,1679383063873
1679383063869,1679383063874
1679383063901,1679383063930
1679383063970,1679383063993
1679383064024,1679383064041
1679383064000,1679383064058
1679383064056,1679383064062
1679383064077,1679383064087
1679383064064,1679383064102
1679383064138,1679383064179
1679383064212,1679383064274
1679383064220,1679383064288
1679383064232,1679383064294
1679383064308,1679383064317
1679383064319,1679383064377
1679383064372,1679383064405
1679383064400,1679383064407
1679383064372,1679383064443
1679383064414,1679383064453
1679383064360,1679383064609
1679383064594,1679383064626
1679383064604,1679383064642
1679383064486,1679383064673
1679383064485,1679383064678
1679383064711,1679383064784
1679383064787,1679383064850
1679383064644,1679383064880
1679383064724,1679383064935
1679383064943,1679383064948
1679383064748,1679383064948
1679383064866,1679383064966
1679383064914,1679383064996
1679383064943,1679383065045
1679383065025,1679383065107
1679383065156,1679383065177
1679383065230,1679383065238
1679383065138,1679383065297
1679383065296,1679383065354
1679383065331,1679383065355
1679383065394,1679383065405
1679383065345,1679383065454
1679383065403,1679383065557
1679383065503,1679383065573
1679383065548,1679383065601
1679383065475,1679383065619
1679383065504,1679383065650
1679383065492,1679383065670
1679383065632,1679383065673
1679383065679,1679383065695
1679383065706,1679383065776
1679383065734,1679383065798
1679383065612,1679383065822
1679383065853,1679383065880
1679383065837,1679383065932
1679383065732,1679383065964
1679383066063,1679383066075
1679383066122,1679383066241
1679383066238,1679383066273
1679383066357,1679383066400
1679383066387,1679383066416
1679383066344,1679383066421
1679383066416,1679383066487
1679383066520,1679383066625
1679383066582,1679383066640
1679383066630,1679383066663
1679383066635,1679383066698
1679383066683,1679383066709
1679383066835,1679383066868
1679383066909,1679383066994
1679383066909,1679383067044
1679383067011,1679383067045
1679383067059,1679383067093
1679383067132,1679383067255
1679383067134,1679383067273
1679383067250,1679383067275
1679383067271,1679383067279
1679383067109,1679383067311
1679383067391,1679383067440
1679383067433,1679383067441
1679383067440,1679383067453
1679383067415,1679383067512
1679383067417,1679383067525
1679383067543,1679383067566
1679383067577,1679383067626
1679383067622,1679383067661
1679383067659,1679383067682
1679383067678,1679383067729
1679383067716,1679383067781
1679383067783,1679383067788
1679383067697,1679383067812
1679383067805,1679383067828
1679383067916,1679383067929
1679383067905,1679383067986
1679383067962,1679383068030
1679383068062,1679383068067
1679383068002,1679383068067
1679383067976,1679383068072
1679383067822,1679383068118
1679383068130,1679383068136
1679383068139,1679383068242
1679383068106,1679383068252
1679383068207,1679383068261
1679383068119,1679383068273
1679383067918,1679383068309
1679383068346,1679383068359
1679383068404,1679383068407
1679383068421,1679383068436
1679383068429,1679383068464
1679383068427,1679383068480
1679383068431,1679383068485
1679383068550,1679383068555
1679383068661,1679383068695
1679383068724,1679383068771
1679383068794,1679383068799
1679383068832,1679383068873
1679383068803,1679383068932
1679383068870,1679383068933
1679383068887,1679383068955
1679383068954,1679383068980
1679383068949,1679383068980
1679383069107,1679383069160
1679383069231,1679383069259
1679383069266,1679383069314
1679383069318,1679383069337
1679383069165,1679383069351
1679383069324,1679383069381
1679383069409,1679383069464
1679383069450,1679383069481
1679383069531,1679383069569
1679383069579,1679383069602
1679383069648,1679383069660
1679383069649,1679383069662
1679383069663,1679383069695
1679383069702,1679383069715
1679383069650,1679383069728
1679383069738,1679383069800
1679383069740,1679383069834
1679383069753,1679383069840
1679383069735,1679383069856
1679383069858,1679383069883
1679383069847,1679383069912
1679383069779,1679383069915
1679383069986,1679383070000
1679383069936,1679383070033
1679383070162,1679383070275
1679383070257,1679383070298
1679383070303,1679383070312
1679383070407,1679383070422
1679383070461,1679383070474
1679383070575,1679383070594
1679383070498,1679383070595
1679383070521,1679383070626
1679383070690,1679383070708
1679383070819,1679383070836
1679383070799,1679383070838
1679383070856,1679383070927
1679383070970,1679383070992
1679383070931,1679383071002
1679383070977,1679383071007
1679383071042,1679383071055
1679383070936,1679383071070
1679383071153,1679383071175
1679383071107,1679383071215
1679383071205,1679383071229
1679383071271,1679383071325
1679383071415,1679383071423
1679383071431,1679383071510
1679383071303,1679383071524
1679383071374,1679383071566
1679383071522,1679383071567
1679383071524,1679383071623
1679383071622,1679383071629
1679383071510,1679383071694
1679383071459,1679383071702
1679383071692,1679383071724
1679383071735,1679383071743
1679383071622,1679383071784
1679383071738,1679383071806
1679383071740,1679383071842
1679383071790,1679383071892
1679383071850,1679383071967
1679383071908,1679383071986
1679383072013,1679383072031
1679383071986,1679383072056
1679383072123,1679383072192
1679383072176,1679383072202
1679383072182,1679383072213
1679383072315,1679383072371
1679383072295,1679383072385
1679383072377,1679383072393
1679383072423,1679383072450
1679383072504,1679383072539
1679383072587,1679383072612
1679383072644,1679383072650
1679383072596,1679383072694
1679383072649,1679383072710
1679383072677,1679383072712
1679383072737,1679383072746
1679383072769,1679383072803
1679383072795,1679383072828
1679383072774,1679383072841
1679383072733,1679383072845
1679383072860,1679383072887
1679383072884,1679383072926
1679383072932,1679383073039
1679383072876,1679383073078
1679383073060,1679383073104
1679383073016,1679383073112
1679383073120,1679383073190
1679383073119,1679383073190
1679383073227,1679383073244
1679383073321,1679383073326
1679383073267,1679383073337
1679383073182,1679383073353
1679383073220,1679383073432
1679383073428,1679383073458
1679383073486,1679383073492
1679383073506,1679383073546
1679383073446,1679383073561
1679383073564,1679383073590
1679383073576,1679383073636
1679383073643,1679383073656
1679383073691,1679383073697
1679383073961,1679383074026
1679383073988,1679383074026
1679383073992,1679383074108
1679383074096,1679383074108
1679383074073,1679383074259
1679383074096,1679383074265
1679383074307,1679383074342
1679383074307,1679383074428
1679383074364,1679383074452
1679383074468,1679383074478
1679383074447,1679383074490
1679383074511,1679383074528
1679383074495,1679383074552
1679383074610,1679383074631
1679383074652,1679383074675
1679383074568,1679383074688
1679383074528,1679383074719
1679383074724,1679383074798
1679383074679,1679383074874
1679383074552,1679383074879
1679383074802,1679383074883
1679383074607,1679383074902
1679383074881,1679383074911
1679383074861,1679383074919
1679383074812,1679383074926
1679383074617,1679383075018
1679383075034,1679383075051
1679383075083,1679383075091
1679383075098,1679383075121
1679383075117,1679383075132
1679383075102,1679383075165
1679383074668,1679383075189
1679383075117,1679383075217
1679383075180,1679383075220
1679383075156,1679383075224
1679383075093,1679383075271
1679383075130,1679383075309
1679383075134,1679383075340
1679383075182,1679383075405
1679383075323,1679383075418
1679383075160,1679383075440
1679383075138,1679383075448
1679383075137,1679383075456
1679383075271,1679383075462
1679383075118,1679383075475
1679383075178,1679383075494
1679383075112,1679383075545
1679383074992,1679383075584
1679383074836,1679383075606
1679383075546,1679383075627
1679383075283,1679383075655
1679383075727,1679383075735
1679383075144,1679383075735
1679383075167,1679383075749
1679383075741,1679383075796
1679383075361,1679383075901
1679383074380,1679383075932
1679383075282,1679383075945
1679383075252,1679383075988
1679383075144,1679383075990
1679383075723,1679383076044
1679383076056,1679383076081
1679383076040,1679383076126
1679383075448,1679383076148
1679383075120,1679383076153
1679383075989,1679383076200
1679383076109,1679383076217
1679383075876,1679383076247
1679383075589,1679383076303
1679383075305,1679383076309
1679383075088,1679383076313
1679383075605,1679383076316
1679383076108,1679383076328
1679383076172,1679383076340
1679383076144,1679383076352
1679383075214,1679383076435
1679383076308,1679383076465
1679383075799,1679383076473
1679383076534,1679383076585
1679383075158,1679383076594
1679383076501,1679383076597
1679383076508,1679383076611
1679383075836,1679383076671
1679383075107,1679383076732
1679383076604,1679383076750
1679383076681,1679383076759
1679383076652,1679383076760
1679383076673,1679383076793
1679383075141,1679383076884
1679383076861,1679383076897
1679383076854,1679383076917
1679383076951,1679383076965
1679383076832,1679383076980
1679383076813,1679383077009
1679383076896,1679383077109
1679383077041,1679383077139
1679383076900,1679383077149
1679383076721,1679383077150
1679383077139,1679383077246
1679383077316,1679383077321
1679383077329,1679383077353
1679383077289,1679383077381
1679383077381,1679383077447
1679383077385,1679383077475
1679383077416,1679383077476
1679383077513,1679383077544
1679383077402,1679383077591
1679383077505,1679383077632
1679383077636,1679383077671
1679383077700,1679383077720
1679383077693,1679383077750
1679383077685,1679383077785
1679383077801,1679383077848
1679383077833,1679383077918
1679383077876,1679383077996
1679383077992,1679383078009
1679383077922,1679383078051
1679383078014,1679383078065
1679383078137,1679383078156
1679383078124,1679383078172
1679383078107,1679383078198
1679383078191,1679383078232
1679383078208,1679383078260
1679383077984,1679383078275
1679383078216,1679383078298
1679383078211,1679383078314
1679383078317,1679383078391
1679383078386,1679383078420
1679383078261,1679383078484
1679383078306,1679383078502
1679383078324,1679383078505
1679383078473,1679383078526
1679383078515,1679383078536
1679383078181,1679383078539
1679383078441,1679383078547
1679383078537,1679383078551
1679383078560,1679383078588
1679383078610,1679383078644
1679383078264,1679383078657
1679383078715,1679383078739
1679383078640,1679383078751
1679383078713,1679383078801
1679383078690,1679383078801
1679383078775,1679383078834
1679383078715,1679383078846
1679383078800,1679383078947
1679383078938,1679383079025
1679383078977,1679383079026
1679383079019,1679383079044
1679383078901,1679383079050
1679383079021,1679383079071
1679383079067,1679383079080
1679383079081,1679383079093
1679383079080,1679383079144
1679383079073,1679383079207
1679383079257,1679383079310
1679383079245,1679383079366
1679383079455,1679383079457
1679383079505,1679383079522
1679383079445,1679383079527
1679383079544,1679383079581
1679383079350,1679383079589
1679383079313,1679383079616
1679383079619,1679383079623
1679383079597,1679383079664
1679383079683,1679383079722
1679383079655,1679383079722
1679383079853,1679383079861
1679383079833,1679383079888
1679383079815,1679383079899
1679383079908,1679383079944
1679383079951,1679383080020
1679383080025,1679383080041
1679383079994,1679383080047
1679383080041,1679383080096
1679383080119,1679383080125
1679383080098,1679383080171
1679383080265,1679383080337
1679383080338,1679383080360
1679383080307,1679383080463
1679383080413,1679383080540
1679383080479,1679383080550
1679383080617,1679383080625
1679383080637,1679383080700
1679383080666,1679383080709
1679383080715,1679383080733
1679383080746,1679383080756
1679383080783,1679383080824
1679383080849,1679383080853
1679383080885,1679383080979
1679383081012,1679383081084
1679383081063,1679383081094
1679383081136,1679383081144
1679383081139,1679383081165
1679383081161,1679383081193
1679383081232,1679383081237
1679383081220,1679383081272
1679383081283,1679383081287
1679383081328,1679383081335
1679383081529,1679383081596
1679383081539,1679383081598
1679383081556,1679383081617
1679383081581,1679383081640
1679383081570,1679383081660
1679383081687,1679383081717
1679383081721,1679383081736
1679383081755,1679383081762
1679383081801,1679383081844
1679383081708,1679383081855
1679383081817,1679383081858
1679383081934,1679383081964
1679383081960,1679383081974
1679383081973,1679383082027
1679383081956,1679383082064
1679383082009,1679383082069
1679383082088,1679383082101
1679383082165,1679383082174
1679383082185,1679383082191
1679383082295,1679383082332
1679383082369,1679383082389
1679383082437,1679383082479
1679383082516,1679383082533
1679383082413,1679383082534
1679383082534,1679383082581
1679383082485,1679383082582
1679383082689,1679383082705
1679383082745,1679383082769
1679383082791,1679383082807
1679383082771,1679383082813
1679383082748,1679383082823
1679383082845,1679383082864
1679383082869,1679383082970
1679383082926,1679383083001
1679383082989,1679383083035
1679383082873,1679383083050
1679383083111,1679383083180
1679383082849,1679383083189
1679383083018,1679383083201
1679383083116,1679383083202
1679383083063,1679383083230
1679383083197,1679383083233
1679383082834,1679383083241
1679383083052,1679383083269
1679383083177,1679383083296
1679383083195,1679383083310
1679383083280,1679383083317
1679383083285,1679383083338
1679383082980,1679383083375
1679383083289,1679383083375
1679383083164,1679383083391
1679383083308,1679383083413
1679383083444,1679383083465
1679383083360,1679383083497
1679383083109,1679383083524
1679383083154,1679383083524
1679383083412,1679383083558
1679383083276,1679383083580
1679383083485,1679383083614
1679383083644,1679383083659
1679383083630,1679383083684
1679383083737,1679383083743
1679383083715,1679383083754
1679383083894,1679383083899
1679383083946,1679383083959
1679383083959,1679383083968
1679383083986,1679383084022
1679383083976,1679383084105
1679383083936,1679383084108
1679383084103,1679383084180
1679383084190,1679383084225
1679383084278,1679383084283
1679383084341,1679383084357
1679383084364,1679383084389
1679383084381,1679383084412
1679383084393,1679383084443
1679383084387,1679383084447
1679383084513,1679383084527
1679383084516,1679383084532
1679383084520,1679383084565
1679383084573,1679383084581
1679383084613,1679383084619
1679383084604,1679383084703
1679383084688,1679383084746
1679383084728,1679383084761
1679383084705,1679383084764
1679383084716,1679383084814
1679383084718,1679383084814
1679383084799,1679383084814
1679383084836,1679383084875
1679383084821,1679383084900
1679383084839,1679383084924
1679383084849,1679383084940
1679383084895,1679383084983
1679383085005,1679383085047
1679383085145,1679383085155
1679383085176,1679383085233
1679383085201,1679383085239
1679383085240,1679383085258
1679383085256,1679383085268
1679383085268,1679383085280
1679383085243,1679383085301
1679383085355,1679383085405
1679383085425,1679383085431
1679383085512,1679383085570
1679383085600,1679383085605
1679383085660,1679383085707
1679383085736,1679383085744
1679383085840,1679383085869
1679383085896,1679383085927
1679383085896,1679383085929
1679383085949,1679383085954
1679383085955,1679383086003
1679383086069,1679383086132
1679383086071,1679383086203
1679383086159,1679383086207
1679383086228,1679383086231
1679383086234,1679383086359
1679383086467,1679383086473
1679383086463,1679383086497
1679383086672,1679383086681
1679383086707,1679383086789
1679383086681,1679383086801
1679383086767,1679383086843
1679383086692,1679383086888
1679383086549,1679383086933
1679383086937,1679383086987
1679383086907,1679383087005
1679383087009,1679383087032
1679383087069,1679383087073
1679383087079,1679383087093
1679383087082,1679383087116
1679383087117,1679383087201
1679383087216,1679383087231
1679383087283,1679383087369
1679383087378,1679383087386
1679383087379,1679383087428
1679383087455,1679383087540
1679383087512,1679383087563
1679383087580,1679383087592
1679383087493,1679383087599
1679383087599,1679383087667
1679383087732,1679383087737
1679383087678,1679383087806
1679383087924,1679383087930
1679383087919,1679383087942
1679383087798,1679383087970
1679383087896,1679383087993
1679383087962,1679383088063
1679383088124,1679383088134
1679383088131,1679383088234
1679383088231,1679383088284
1679383088244,1679383088289
1679383088279,1679383088357
1679383088308,1679383088370
1679383088227,1679383088415
1679383088285,1679383088445
1679383088363,1679383088465
1679383088454,1679383088479
1679383088457,1679383088503
1679383088471,1679383088572
1679383088424,1679383088582
1679383088563,1679383088585
1679383088562,1679383088697
1679383088689,1679383088724
1679383088467,1679383088735
1679383088749,1679383088777
1679383088836,1679383088850
1679383088243,1679383088860
1679383088799,1679383088962
1679383088911,1679383088971
1679383088991,1679383089022
1679383088738,1679383089060
1679383089052,1679383089067
1679383088775,1679383089134
1679383089108,1679383089150
1679383089119,1679383089169
1679383089187,1679383089223
1679383089288,1679383089313
1679383089296,1679383089315
1679383089320,1679383089342
1679383089369,1679383089472
1679383089454,1679383089488
1679383089483,1679383089498
1679383089556,1679383089566
1679383089452,1679383089569
1679383089483,1679383089606
1679383089558,1679383089613
1679383089562,1679383089621
1679383089719,1679383089850
1679383089772,1679383089857
1679383089846,1679383089921
1679383089853,1679383089925
1679383089883,1679383089971
1679383089838,1679383089981
1679383090108,1679383090125
1679383090250,1679383090269
1679383090271,1679383090285
1679383090165,1679383090302
1679383090311,1679383090329
1679383090359,1679383090385
1679383090366,1679383090429
1679383090420,1679383090464
1679383090444,1679383090536
1679383090649,1679383090672
1679383090651,1679383090725
1679383090726,1679383090745
1679383090807,1679383090821
1679383090745,1679383090823
1679383090845,1679383090870
1679383090895,1679383090908
1679383091042,1679383091084
1679383090963,1679383091118
1679383091135,1679383091191
1679383091017,1679383091201
1679383091208,1679383091271
1679383091209,1679383091273
1679383091027,1679383091314
1679383091096,1679383091374
1679383090966,1679383091393
1679383091299,1679383091419
1679383091424,1679383091437
1679383091498,1679383091513
1679383091486,1679383091540
1679383091651,1679383091665
1679383091606,1679383091705
1679383091773,1679383091785
1679383091733,1679383091796
1679383091807,1679383091814
1679383091786,1679383091815
1679383091863,1679383091865
1679383091918,1679383091921
1679383091921,1679383091924
1679383091980,1679383091999
1679383091964,1679383092003
1679383092040,1679383092084
1679383092043,1679383092100
1679383092103,1679383092128
1679383092031,1679383092129
1679383092196,1679383092201
1679383092196,1679383092280
1679383092275,1679383092294
1679383092277,1679383092305
1679383092302,1679383092348
1679383092464,1679383092478
1679383092444,1679383092495
1679383092475,1679383092518
1679383092427,1679383092526
1679383092512,1679383092545
1679383092525,1679383092585
1679383092571,1679383092633
1679383092375,1679383092649
1679383092607,1679383092652
1679383092677,1679383092681
1679383092624,1679383092725
1679383092776,1679383092871
1679383092742,1679383092877
1679383092867,1679383092878
1679383092883,1679383092887
1679383092680,1679383092895
1679383092967,1679383092989
1679383092779,1679383093051
1679383092830,1679383093060
1679383092960,1679383093085
1679383093021,1679383093107
1679383093083,1679383093117
1679383093331,1679383093394
1679383093396,1679383093410
1679383093423,1679383093438
1679383093456,1679383093497
1679383093385,1679383093498
1679383093495,1679383093571
1679383093527,1679383093577
1679383093676,1679383093731
1679383093683,1679383093773
1679383093812,1679383093823
1679383093812,1679383093837
1679383093852,1679383093933
1679383093905,1679383093982
1679383093965,1679383094031
1679383093855,1679383094075
1679383094038,1679383094079
1679383093905,1679383094093
1679383093851,1679383094118
1679383094055,1679383094172
1679383094037,1679383094177
1679383094184,1679383094191
1679383093840,1679383094193
1679383094214,1679383094242
1679383094164,1679383094242
1679383094215,1679383094274
1679383094231,1679383094342
1679383094249,1679383094372
1679383094382,1679383094485
1679383094452,1679383094485
1679383094420,1679383094500
1679383094419,1679383094520
1679383094401,1679383094540
1679383094484,1679383094550
1679383094641,1679383094697
1679383094724,1679383094730
1679383094554,1679383094750
1679383094667,1679383094750
1679383094826,1679383094872
1679383094988,1679383095037
1679383094904,1679383095071
1679383095036,1679383095097
1679383094972,1679383095106
1679383094905,1679383095155
1679383094871,1679383095162
1679383095236,1679383095238
1679383095303,1679383095348
1679383095489,1679383095505
1679383095515,1679383095531
1679383095474,1679383095536
1679383095376,1679383095536
1679383095507,1679383095548
1679383095505,1679383095607
1679383095484,1679383095610
1679383095639,1679383095650
1679383095541,1679383095658
1679383095535,1679383095665
1679383095471,1679383095719
1679383095712,1679383095735
1679383095522,1679383095737
1679383095609,1679383095737
1679383095556,1679383095743
1679383095465,1679383095752
1679383095495,1679383095759
1679383095496,1679383095765
1679383095510,1679383095767
1679383095526,1679383095771
1679383095629,1679383095796
1679383095289,1679383095825
1679383095712,1679383095846
1679383095756,1679383095863
1679383095591,1679383095865
1679383095854,1679383095866
1679383095531,1679383095898
1679383095503,1679383095898
1679383095592,1679383095932
1679383095508,1679383095939
1679383095236,1679383095998
1679383095312,1679383096001
1679383095479,1679383096003
1679383095837,1679383096067
1679383095530,1679383096071
1679383095513,1679383096087
1679383095458,1679383096095
1679383096062,1679383096117
1679383095977,1679383096158
1679383096080,1679383096159
1679383096076,1679383096184
1679383095836,1679383096191
1679383095787,1679383096199
1679383096197,1679383096221
1679383095640,1679383096230
1679383096211,1679383096255
1679383096273,1679383096308
1679383096220,1679383096362
1679383096266,1679383096391
1679383096416,1679383096424
1679383096232,1679383096425
1679383096424,1679383096429
1679383096461,1679383096466
1679383096460,1679383096470
1679383096462,1679383096476
1679383096493,1679383096504
1679383096493,1679383096506
1679383096551,1679383096580
1679383096652,1679383096773
1679383096774,1679383096797
1679383096825,1679383096842
1679383096801,1679383096858
1679383096795,1679383096927
1679383096981,1679383097077
1679383097301,1679383097351
1679383097380,1679383097386
1679383097361,1679383097391
1679383097473,1679383097492
1679383097513,1679383097537
1679383097525,1679383097549
1679383097528,1679383097557
1679383097617,1679383097661
1679383097636,1679383097665
1679383097622,1679383097702
1679383097661,1679383097711
1679383097676,1679383097748
1679383097713,1679383097750
1679383097525,1679383097765
1679383097861,1679383097921
1679383097973,1679383098003
1679383098069,1679383098078
1679383098033,1679383098089
1679383098100,1679383098128
1679383098158,1679383098169
1679383098221,1679383098271
1679383098177,1679383098296
1679383098317,1679383098392
1679383098469,1679383098498
1679383098522,1679383098527
1679383098325,1679383098543
1679383098551,1679383098564
1679383098580,1679383098589
1679383098613,1679383098639
1679383098662,1679383098724
1679383098756,1679383098763
1679383098698,1679383098807
1679383098784,1679383098823
1679383098865,1679383098908
1679383098845,1679383098914
1679383098838,1679383098946
1679383098893,1679383098970
1679383098953,1679383098980
1679383098772,1679383098999
1679383098946,1679383099000
1679383098840,1679383099038
1679383098749,1679383099045
1679383099077,1679383099100
1679383099050,1679383099115
1679383099101,1679383099119
1679383098902,1679383099128
1679383099108,1679383099131
1679383099009,1679383099172
1679383099017,1679383099255
1679383099211,1679383099271
1679383099345,1679383099365
1679383099320,1679383099406
1679383098914,1679383099408
1679383099500,1679383099524
1679383099539,1679383099565
1679383099425,1679383099567
1679383099448,1679383099600
1679383099587,1679383099634
1679383099489,1679383099644
1679383099476,1679383099659
1679383099482,1679383099683
1679383099401,1679383099689
1679383099716,1679383099729
1679383099759,1679383099802
1679383099717,1679383099915
1679383099837,1679383099932
1679383099937,1679383099952
1679383099774,1679383099995
1679383099990,1679383100026
1679383099988,1679383100071
1679383099822,1679383100154
1679383100076,1679383100160
1679383099877,1679383100176
1679383100043,1679383100216
1679383100174,1679383100218
1679383100039,1679383100220
1679383100031,1679383100265
1679383100269,1679383100279
1679383099780,1679383100281
1679383100285,1679383100293
1679383100269,1679383100326
1679383100321,1679383100345
1679383100355,1679383100380
1679383100285,1679383100403
1679383100393,1679383100511
1679383100473,1679383100549
1679383100489,1679383100587
1679383100593,1679383100612
1679383100547,1679383100617
1679383100562,1679383100674
1679383100671,1679383100704
1679383100798,1679383100805
1679383100868,1679383100900
1679383100917,1679383100921
1679383100921,1679383100928
1679383100925,1679383100964
1679383100962,1679383101030
1679383100979,1679383101046
1679383101034,1679383101049
1679383100933,1679383101056
1679383101086,1679383101097
1679383101091,1679383101125
1679383101145,1679383101155
1679383101115,1679383101201
1679383101200,1679383101206
1679383101197,1679383101229
1679383101234,1679383101237
1679383101150,1679383101269
1679383101278,1679383101283
1679383101034,1679383101385
1679383101225,1679383101419
1679383101413,1679383101449
1679383101496,1679383101517
1679383101474,1679383101533
1679383101506,1679383101618
1679383101611,1679383101651
1679383101702,1679383101709
1679383101621,1679383101754
1679383101665,1679383101811
1679383101807,1679383101935
1679383101838,1679383101988
1679383101761,1679383102007
1679383101866,1679383102020
1679383101908,1679383102031
1679383101766,1679383102044
1679383102031,1679383102072
1679383101833,1679383102105
1679383102102,1679383102113
1679383102081,1679383102187
1679383102285,1679383102290
1679383102052,1679383102309
1679383102310,1679383102314
1679383102269,1679383102326
1679383102435,1679383102446
1679383102486,1679383102540
1679383102512,1679383102573
1679383102454,1679383102606
1679383102649,1679383102741
1679383102733,1679383102781
1679383102608,1679383102801
1679383102787,1679383102825
1679383102622,1679383102834
1679383102806,1679383102866
1679383102749,1679383102946
1679383102577,1679383102998
1679383102906,1679383103011
1679383103019,1679383103022
1679383102862,1679383103030
1679383103110,1679383103155
1679383103053,1679383103155
1679383102889,1679383103193
1679383103082,1679383103224
1679383103197,1679383103234
1679383102939,1679383103267
1679383103290,1679383103330
1679383103254,1679383103350
1679383103226,1679383103383
1679383103380,1679383103393
1679383103400,1679383103406
1679383103114,1679383103455
1679383103500,1679383103521
1679383103460,1679383103525
1679383103430,1679383103545
1679383103635,1679383103641
1679383103672,1679383103706
1679383103680,1679383103745
1679383103745,1679383103753
1679383103825,1679383103882
1679383103910,1679383103914
1679383103937,1679383103942
1679383103920,1679383103961
1679383103960,1679383103976
1679383103969,1679383103999
1679383103812,1679383103999
1679383103973,1679383104001
1679383104026,1679383104069
1679383104151,1679383104171
1679383104097,1679383104228
1679383104251,1679383104256
1679383104297,1679383104324
1679383104326,1679383104345
1679383104415,1679383104431
1679383104453,1679383104460
1679383104387,1679383104483
1679383104480,1679383104490
1679383104476,1679383104507
1679383104580,1679383104597
1679383104579,1679383104601
1679383104645,1679383104671
1679383104437,1679383104677
1679383104705,1679383104724
1679383104669,1679383104755
1679383104736,1679383104758
1679383104830,1679383104836
1679383104812,1679383104860
1679383104965,1679383105013
1679383104860,1679383105061
1679383105090,1679383105101
1679383105038,1679383105169
1679383105131,1679383105170
1679383105130,1679383105175
1679383105038,1679383105178
1679383105179,1679383105186
1679383105132,1679383105212
1679383105231,1679383105328
1679383105029,1679383105356
1679383105361,1679383105435
1679383105321,1679383105447
1679383105207,1679383105457
1679383105123,1679383105468
1679383105451,1679383105563
1679383105524,1679383105588
1679383105493,1679383105598
1679383105389,1679383105610
1679383105904,1679383105931
1679383105904,1679383105941
1679383105927,1679383105990
1679383105963,1679383105995
1679383105968,1679383106021
1679383106000,1679383106021
1679383106081,1679383106098
1679383106151,1679383106236
1679383106244,1679383106259
1679383106268,1679383106278
1679383106615,1679383106630
1679383106812,1679383106838
1679383107255,1679383107259
1679383107351,1679383107365
1679383107287,1679383107409
1679383107303,1679383107430
1679383107571,1679383107618
1679383107563,1679383107637
1679383107671,1679383107679
1679383107762,1679383107846
1679383107891,1679383107953
1679383107894,1679383107982
1679383108095,1679383108116
1679383108271,1679383108339
1679383108454,1679383108477
1679383108731,1679383108809
1679383108778,1679383108832
1679383108810,1679383108881
1679383108875,1679383108888
1679383108823,1679383108919
1679383109084,1679383109111
1679383109231,1679383109258
1679383109347,1679383109367
1679383109478,1679383109496
1679383109502,1679383109508
1679383109675,1679383109724
1679383109770,1679383109786
1679383109779,1679383109829
1679383109864,1679383109886
1679383109858,1679383109907
1679383110134,1679383110161
1679383110044,1679383110183
1679383110102,1679383110258
1679383110313,1679383110358
1679383110306,1679383110389
1679383110475,1679383110480
1679383110741,1679383110774
1679383110833,1679383110849
1679383110850,1679383110963
1679383110992,1679383111001
1679383111239,1679383111250
1679383111304,1679383111333
1679383111292,1679383111400
1679383111423,1679383111434
1679383111386,1679383111456
1679383111456,1679383111470
1679383111452,1679383111497
1679383111585,1679383111590
1679383111744,1679383111751
1679383112052,1679383112068
1679383112176,1679383112272
1679383112228,1679383112272
1679383112148,1679383112355
1679383112430,1679383112529
1679383112604,1679383112622
1679383112559,1679383112690
1679383112699,1679383112771
1679383112817,1679383112843
1679383112912,1679383112917
1679383112868,1679383112931
1679383112988,1679383113060
1679383113248,1679383113292
1679383113528,1679383113574
1679383113481,1679383113592
1679383113812,1679383113932
1679383113950,1679383113970
1679383113932,1679383113973
1679383113997,1679383114048
1679383113956,1679383114066
1679383114059,1679383114152
1679383114080,1679383114191
1679383114193,1679383114252
1679383114384,1679383114428
1679383114489,1679383114549
1679383114588,1679383114614
1679383114800,1679383114816
1679383115167,1679383115184
1679383115249,1679383115275
1679383115269,1679383115294
1679383115457,1679383115520
1679383115370,1679383115577
1679383115571,1679383115594
1679383115550,1679383115608
1679383115373,1679383115628
1679383115657,1679383115674
1679383115832,1679383115880
1679383115981,1679383115997
1679383116033,1679383116037
1679383116026,1679383116038
1679383116038,1679383116076
1679383116044,1679383116082
1679383116094,1679383116120
1679383116078,1679383116127
1679383116029,1679383116128
1679383116114,1679383116192
1679383116139,1679383116220
1679383116176,1679383116237
1679383116100,1679383116262
1679383116234,1679383116312
1679383116129,1679383116326
1679383116162,1679383116330
1679383116352,1679383116407
1679383116150,1679383116424
1679383116131,1679383116467
1679383116153,1679383116541
1679383116114,1679383116565
1679383116576,1679383116585
1679383116065,1679383116591
1679383116132,1679383116605
1679383116080,1679383116645
1679383116165,1679383116677
1679383116114,1679383116716
1679383116049,1679383116745
1679383116141,1679383116748
1679383116060,1679383116832
1679383116063,1679383116836
1679383116829,1679383116839
1679383116110,1679383116855
1679383116091,1679383116907
1679383116557,1679383116969
1679383116038,1679383116979
1679383116096,1679383117040
1679383116073,1679383117103
1679383116043,1679383117107
1679383116397,1679383117113
1679383116150,1679383117128
1679383116974,1679383117183
1679383116141,1679383117186
1679383116064,1679383117193
1679383116075,1679383117207
1679383116018,1679383117212
1679383116054,1679383117272
1679383116166,1679383117283
1679383116088,1679383117350
1679383117109,1679383117371
1679383117249,1679383117379
1679383117392,1679383117407
1679383117264,1679383117483
1679383117520,1679383117525
1679383117289,1679383117531
1679383117401,1679383117539
1679383117373,1679383117558
1679383117569,1679383117611
1679383117253,1679383117623
1679383117592,1679383117672
1679383117683,1679383117692
1679383117718,1679383117722
1679383117725,1679383117732
1679383117699,1679383117829
1679383117889,1679383117896
1679383117965,1679383117972
1679383117989,1679383118020
1679383118105,1679383118157
1679383118185,1679383118191
1679383118150,1679383118192
1679383118169,1679383118207
1679383118297,1679383118311
1679383118340,1679383118356
1679383118486,1679383118531
1679383118521,1679383118533
1679383118542,1679383118568
1679383118482,1679383118611
1679383118565,1679383118626
1679383118588,1679383118636
1679383118573,1679383118715
1679383118795,1679383118814
1679383118777,1679383118847
1679383118788,1679383118860
1679383118885,1679383118897
1679383118861,1679383118904
1679383118849,1679383118975
1679383119002,1679383119049
1679383119083,1679383119089
1679383119004,1679383119098
1679383119008,1679383119137
1679383119057,1679383119161
1679383119144,1679383119182
1679383119053,1679383119186
1679383119120,1679383119216
1679383119162,1679383119241
1679383119045,1679383119258
1679383119168,1679383119275
1679383119273,1679383119377
1679383119265,1679383119389
1679383119315,1679383119391
1679383119249,1679383119399
1679383119414,1679383119417
1679383119431,1679383119487
1679383119399,1679383119585
1679383119457,1679383119600
1679383119521,1679383119627
1679383119611,1679383119639
1679383119626,1679383119640
1679383119643,1679383119667
1679383119680,1679383119712
1679383119685,1679383119712
1679383119731,1679383119839
1679383119765,1679383119845
1679383119784,1679383119977
1679383120019,1679383120031
1679383120050,1679383120076
1679383120020,1679383120077
1679383120027,1679383120103
1679383119857,1679383120148
1679383120167,1679383120171
1679383120144,1679383120259
1679383120172,1679383120275
1679383120192,1679383120277
1679383120324,1679383120335
1679383120340,1679383120354
1679383120415,1679383120443
1679383120422,1679383120473
1679383120490,1679383120534
1679383120533,1679383120538
1679383120537,1679383120544
1679383120449,1679383120558
1679383120451,1679383120655
1679383120597,1679383120665
1679383120580,1679383120714
1679383120614,1679383120716
1679383120751,1679383120776
1679383120675,1679383120795
1679383120618,1679383120810
1679383120907,1679383120919
1679383120893,1679383120933
1679383120902,1679383120979
1679383120987,1679383121034
1679383120938,1679383121059
1679383120926,1679383121104
1679383120970,1679383121116
1679383120885,1679383121117
1679383120796,1679383121128
1679383121135,1679383121142
1679383121186,1679383121239
1679383121194,1679383121251
1679383121184,1679383121262
1679383121187,1679383121298
1679383121317,1679383121343
1679383121373,1679383121391
1679383121360,1679383121408
1679383121335,1679383121422
1679383121375,1679383121423
1679383121476,1679383121487
1679383121418,1679383121487
1679383121498,1679383121507
1679383121474,1679383121542
1679383121584,1679383121597
1679383121589,1679383121658
1679383121639,1679383121686
1679383121589,1679383121699
1679383121618,1679383121748
1679383121712,1679383121802
1679383121835,1679383121852
1679383121835,1679383121878
1679383121704,1679383121888
1679383121713,1679383121890
1679383121542,1679383121891
1679383121863,1679383121895
1679383121922,1679383121981
1679383121990,1679383121995
1679383121990,1679383122007
1679383121622,1679383122022
1679383122162,1679383122305
1679383122198,1679383122306
1679383122347,1679383122352
1679383122159,1679383122401
1679383122407,1679383122432
1679383122421,1679383122467
1679383122434,1679383122481
1679383122346,1679383122509
1679383122531,1679383122585
1679383122624,1679383122638
1679383122635,1679383122641
1679383122600,1679383122658
1679383122654,1679383122681
1679383122727,1679383122740
1679383122739,1679383122801
1679383122767,1679383122824
1679383122847,1679383122892
1679383122994,1679383123004
1679383122870,1679383123013
1679383122994,1679383123022
1679383122944,1679383123030
1679383122906,1679383123032
1679383122890,1679383123075
1679383122966,1679383123135
1679383122866,1679383123165
1679383123155,1679383123234
1679383122946,1679383123298
1679383123172,1679383123328
1679383123260,1679383123330
1679383123128,1679383123341
1679383123344,1679383123362
1679383123320,1679383123367
1679383123362,1679383123369
1679383123335,1679383123396
1679383123344,1679383123401
1679383123389,1679383123447
1679383123475,1679383123483
1679383123389,1679383123547
1679383123523,1679383123564
1679383123590,1679383123681
1679383123663,1679383123707
1679383123713,1679383123722
1679383123707,1679383123725
1679383123717,1679383123770
1679383123773,1679383123782
1679383123785,1679383123913
1679383123815,1679383123931
1679383123863,1679383123941
1679383123838,1679383123968
1679383123783,1679383123990
1679383124095,1679383124114
1679383124089,1679383124130
1679383124139,1679383124172
1679383124026,1679383124177
1679383124136,1679383124189
1679383124200,1679383124304
1679383124296,1679383124316
1679383124316,1679383124378
1679383124332,1679383124382
1679383124496,1679383124577
1679383124536,1679383124607
1679383124359,1679383124626
1679383124577,1679383124643
1679383124508,1679383124677
1679383124716,1679383124724
1679383124596,1679383124732
1679383124763,1679383124769
1679383124866,1679383124880
1679383124817,1679383124886
1679383124938,1679383124945
1679383124976,1679383124998
1679383125112,1679383125161
1679383125152,1679383125188
1679383125204,1679383125213
1679383125218,1679383125252
1679383125239,1679383125282
1679383125279,1679383125304
1679383125212,1679383125308
1679383125380,1679383125398
1679383125357,1679383125445
1679383125406,1679383125488
1679383125388,1679383125504
1679383125408,1679383125530
1679383125516,1679383125572
1679383125480,1679383125620
1679383125752,1679383125758
1679383125741,1679383125804
1679383125788,1679383125829
1679383125855,1679383125880
1679383125855,1679383125884
1679383125928,1679383125964
1679383125963,1679383125982
1679383125948,1679383125986
1679383125930,1679383126013
1679383126031,1679383126039
1679383126042,1679383126124
1679383126111,1679383126163
1679383126218,1679383126222
1679383126229,1679383126241
1679383126231,1679383126262
1679383126310,1679383126396
1679383126235,1679383126437
1679383126212,1679383126442
1679383126446,1679383126480
1679383126220,1679383126480
1679383126419,1679383126492
1679383126469,1679383126514
1679383126438,1679383126525
1679383126527,1679383126548
1679383126547,1679383126586
1679383126583,1679383126616
1679383126528,1679383126692
1679383126680,1679383126694
1679383126697,1679383126722
1679383126801,1679383126812
1679383126749,1679383126863
1679383126752,1679383126869
1679383126927,1679383126953
1679383126979,1679383127010
1679383127059,1679383127076
1679383127059,1679383127101
1679383127190,1679383127236
1679383127155,1679383127238
1679383127244,1679383127277
1679383127289,1679383127324
1679383127343,1679383127411
1679383127410,1679383127435
1679383127623,1679383127648
1679383127649,1679383127724
1679383127679,1679383127725
1679383127696,1679383127782
1679383127682,1679383127797
1679383127732,1679383127817
1679383127782,1679383127845
1679383127770,1679383127870
1679383127819,1679383127876
1679383127859,1679383127900
1679383127859,1679383127939
1679383128043,1679383128134
1679383128143,1679383128150
1679383128125,1679383128207
1679383128231,1679383128283
1679383128191,1679383128316
1679383128281,1679383128356
1679383128319,1679383128357
1679383128279,1679383128417
1679383128367,1679383128458
1679383128592,1679383128621
1679383128699,1679383128761
1679383128990,1679383129010
1679383128919,1679383129013
1679383129021,1679383129045
1679383129102,1679383129144
1679383128983,1679383129148
1679383129147,1679383129210
1679383129049,1679383129215
1679383129209,1679383129247
1679383129256,1679383129270
1679383129311,1679383129320
1679383129354,1679383129482
1679383129323,1679383129513
1679383129380,1679383129515
1679383129455,1679383129539
1679383129594,1679383129598
1679383129594,1679383129614
1679383129677,1679383129702
1679383129674,1679383129720
1679383129662,1679383129786
1679383129767,1679383129834
1679383129789,1679383129903
1679383129903,1679383129906
1679383129891,1679383129924
1679383129934,1679383129962
1679383130009,1679383130058
1679383130072,1679383130112
1679383130077,1679383130135
1679383130133,1679383130143
1679383130222,1679383130249
1679383130134,1679383130254
1679383130282,1679383130308
1679383130307,1679383130324
1679383130379,1679383130406
1679383130416,1679383130446
1679383130417,1679383130453
1679383130383,1679383130509
1679383130528,1679383130540
1679383130533,1679383130543
1679383130502,1679383130565
1679383130578,1679383130656
1679383130638,1679383130699
1679383130588,1679383130705
1679383130659,1679383130710
1679383130633,1679383130740
1679383130798,1679383130806
1679383130804,1679383130819
1679383130825,1679383130843
1679383130842,1679383130862
1679383130856,1679383130894
1679383130883,1679383130907
1679383130849,1679383130939
1679383130871,1679383130942
1679383130831,1679383130957
1679383130845,1679383130958
1679383130967,1679383131058
1679383130998,1679383131066
1679383131057,1679383131084
1679383130924,1679383131167
1679383131159,1679383131186
1679383131336,1679383131385
1679383131390,1679383131412
1679383131387,1679383131427
1679383131329,1679383131444
1679383131437,1679383131463
1679383131425,1679383131475
1679383131412,1679383131483
1679383131317,1679383131490
1679383131480,1679383131497
1679383131466,1679383131514
1679383131540,1679383131555
1679383131561,1679383131579
1679383131495,1679383131592
1679383131542,1679383131603
1679383131470,1679383131672
1679383131538,1679383131698
1679383131665,1679383131724
1679383131702,1679383131739
1679383131715,1679383131788
1679383131747,1679383131812
1679383131758,1679383131850
1679383131756,1679383131887
1679383131718,1679383131949
1679383131866,1679383132005
1679383131772,1679383132010
1679383131984,1679383132050
1679383131846,1679383132060
1679383131903,1679383132085
1679383132079,1679383132107
1679383131738,1679383132129
1679383131735,1679383132134
1679383132097,1679383132159
1679383132131,1679383132193
1679383132097,1679383132209
1679383132198,1679383132271
1679383132307,1679383132363
1679383132415,1679383132431
1679383132270,1679383132477
1679383132399,1679383132482
1679383132425,1679383132484
1679383132304,1679383132537
1679383132326,1679383132547
1679383132484,1679383132567
1679383132548,1679383132603
1679383132372,1679383132670
1679383132727,1679383132748
1679383132612,1679383132771
1679383132793,1679383132801
1679383132832,1679383132866
1679383132839,1679383132947
1679383132845,1679383132969
1679383132934,1679383132971
1679383133013,1679383133020
1679383132941,1679383133066
1679383132817,1679383133100
1679383132832,1679383133173
1679383133186,1679383133195
1679383133033,1679383133206
1679383132958,1679383133230
1679383133165,1679383133233
1679383133080,1679383133238
1679383133148,1679383133326
1679383133375,1679383133385
1679383133409,1679383133456
1679383133424,1679383133457
1679383133434,1679383133486
1679383133403,1679383133495
1679383133584,1679383133593
1679383133678,1679383133684
1679383133734,1679383133750
1679383133568,1679383133774
1679383133627,1679383133802
1679383133748,1679383133810
1679383133864,1679383133876
1679383133602,1679383133884
1679383133686,1679383133896
1679383133894,1679383133906
1679383133883,1679383133918
1679383133982,1679383133993
1679383133994,1679383134015
1679383133979,1679383134050
1679383134141,1679383134157
1679383134222,1679383134277
1679383134342,1679383134368
1679383134246,1679383134399
1679383134312,1679383134497
1679383134323,1679383134500
1679383134211,1679383134530
1679383134361,1679383134545
1679383134327,1679383134583
1679383134300,1679383134613
1679383134565,1679383134617
1679383134579,1679383134639
1679383134430,1679383134653
1679383134632,1679383134682
1679383134599,1679383134702
1679383134684,1679383134719
1679383134718,1679383134736
1679383134677,1679383134743
1679383134695,1679383134767
1679383134752,1679383134777
1679383134787,1679383134801
1679383134783,1679383134818
1679383134778,1679383134879
1679383134856,1679383134900
1679383134908,1679383134981
1679383134792,1679383134989
1679383134948,1679383134994
1679383135020,1679383135031
1679383134857,1679383135032
1679383134748,1679383135071
1679383135028,1679383135074
1679383135026,1679383135109
1679383135153,1679383135165
1679383135052,1679383135226
1679383135224,1679383135250
1679383135330,1679383135335
1679383135468,1679383135486
1679383135430,1679383135501
1679383135508,1679383135510
1679383135497,1679383135529
1679383135507,1679383135532
1679383135627,1679383135658
1679383135654,1679383135667
1679383135631,1679383135668
1679383135597,1679383135751
1679383135740,1679383135768
1679383135818,1679383135831
1679383135808,1679383135845
1679383135832,1679383135882
1679383135882,1679383135889
1679383135865,1679383135913
1679383135778,1679383135921
1679383135955,1679383135960
1679383135780,1679383136049
1679383136023,1679383136069
1679383136012,1679383136077
1679383136172,1679383136291
1679383136256,1679383136294
1679383136404,1679383136410
1679383136324,1679383136434
1679383136438,1679383136495
1679383136464,1679383136517
1679383136429,1679383136536
1679383136540,1679383136556
1679383136632,1679383136643
1679383136603,1679383136682
1679383136697,1679383136784
1679383136808,1679383136877
1679383136876,1679383136922
1679383136847,1679383136985
1679383136936,1679383136990
1679383136976,1679383136994
1679383137016,1679383137057
1679383137114,1679383137155
1679383137100,1679383137158
1679383137192,1679383137295
1679383137267,1679383137323
1679383137346,1679383137351
1679383137198,1679383137354
1679383137233,1679383137356
1679383137112,1679383137392
1679383137235,1679383137399
1679383137560,1679383137571
1679383137724,1679383137753
1679383137826,1679383137863
1679383137833,1679383137883
1679383137910,1679383137919
1679383137789,1679383137970
1679383137821,1679383137985
1679383138057,1679383138113
1679383138130,1679383138190
1679383138180,1679383138192
1679383138157,1679383138202
1679383138205,1679383138223
1679383138135,1679383138283
1679383138336,1679383138341
1679383138368,1679383138383
1679383138448,1679383138500
1679383138425,1679383138500
1679383138451,1679383138532
1679383138520,1679383138559
1679383138561,1679383138634
1679383138719,1679383138755
1679383138704,1679383138818
1679383138915,1679383138928
1679383138965,1679383138968
1679383138913,1679383139008
1679383138986,1679383139030
1679383139013,1679383139067
1679383139092,1679383139131
1679383139132,1679383139152
1679383139087,1679383139157
1679383138971,1679383139175
1679383139269,1679383139304
1679383139285,1679383139314
1679383139268,1679383139373
1679383139381,1679383139444
1679383139248,1679383139527
1679383139501,1679383139607
1679383139629,1679383139635
1679383139660,1679383139665
1679383139605,1679383139675
1679383139700,1679383139704
1679383139683,1679383139738
1679383139700,1679383139752
1679383139889,1679383139911
1679383139939,1679383139951
1679383139993,1679383140019
1679383139921,1679383140052
1679383139959,1679383140104
1679383140046,1679383140125
1679383140089,1679383140148
1679383140186,1679383140214
1679383140275,1679383140314
1679383140415,1679383140490
1679383140493,1679383140504
1679383140621,1679383140679
1679383140601,1679383140712
1679383140637,1679383140721
1679383140566,1679383140744
1679383140724,1679383140752
1679383140673,1679383140907
1679383140904,1679383140927
1679383140757,1679383140964
1679383141104,1679383141113
1679383141058,1679383141133
1679383141253,1679383141265
1679383141217,1679383141265
1679383141313,1679383141335
1679383141321,1679383141382
1679383141342,1679383141394
1679383141533,1679383141548
1679383141470,1679383141583
1679383141440,1679383141624
1679383141477,1679383141633
1679383141633,1679383141691
1679383141604,1679383141760
1679383141755,1679383141783
1679383141742,1679383141837
1679383141877,1679383141900
1679383142085,1679383142133
1679383141961,1679383142142
1679383142197,1679383142214
1679383142193,1679383142235
1679383142284,1679383142338
1679383142317,1679383142399
1679383142412,1679383142470
1679383142335,1679383142503
1679383142385,1679383142525
1679383142481,1679383142542
1679383142405,1679383142560
1679383142529,1679383142637
1679383142525,1679383142656
1679383142725,1679383142807
1679383142878,1679383142888
1679383142885,1679383142908
1679383142929,1679383142971
1679383143072,1679383143085
1679383143161,1679383143187
1679383143117,1679383143202
1679383143201,1679383143218
1679383143271,1679383143293
1679383143349,1679383143428
1679383143412,1679383143439
1679383143525,1679383143551
1679383143540,1679383143572
1679383143587,1679383143645
1679383143681,1679383143705
1679383143759,1679383143851
1679383143814,1679383143883
1679383143966,1679383143973
1679383144114,1679383144123
1679383144050,1679383144158
1679383144237,1679383144273
1679383144270,1679383144366
1679383144441,1679383144450
1679383144381,1679383144580
1679383144269,1679383144583
1679383144509,1679383144595
1679383144653,1679383144680
1679383144697,1679383144754
1679383144757,1679383144792
1679383144774,1679383144803
1679383144797,1679383144855
1679383144729,1679383144941
1679383144850,1679383144979
1679383144989,1679383145005
1679383144908,1679383145050
1679383144756,1679383145064
1679383144996,1679383145071
1679383145050,1679383145071
1679383144868,1679383145073
1679383145067,1679383145107
1679383145129,1679383145134
1679383145057,1679383145205
1679383145205,1679383145225
1679383145198,1679383145247
1679383145259,1679383145340
1679383145336,1679383145405
1679383145409,1679383145423
1679383145280,1679383145461
1679383145424,1679383145484
1679383145504,1679383145565
1679383145641,1679383145663
1679383145684,1679383145697
1679383145684,1679383145729
1679383145769,1679383145791
1679383145782,1679383145834
1679383146005,1679383146038
1679383146400,1679383146477
1679383146477,1679383146487
1679383146565,1679383146603
1679383146569,1679383146620
1679383146600,1679383146633
1679383146604,1679383146660
1679383146699,1679383146714
1679383146695,1679383146733
1679383146736,1679383146785
1679383146820,1679383146835
1679383146791,1679383146894
1679383146888,1679383146941
1679383147088,1679383147093
1679383147080,1679383147112
1679383147112,1679383147134
1679383147184,1679383147202
1679383147211,1679383147232
1679383147188,1679383147244
1679383147207,1679383147245
1679383147147,1679383147341
1679383147259,1679383147353
1679383147120,1679383147373
1679383147247,1679383147373
1679383147477,1679383147480
1679383147572,1679383147639
1679383147712,1679383147730
1679383147684,1679383147742
1679383147792,1679383147843
1679383147863,1679383147905
1679383147964,1679383147973
1679383147976,1679383148000
1679383148079,1679383148093
1679383148082,1679383148120
1679383147999,1679383148161
1679383148201,1679383148231
1679383148141,1679383148237
1679383148272,1679383148284
1679383148282,1679383148314
1679383148329,1679383148407
1679383148488,1679383148507
1679383148485,1679383148519
1679383148512,1679383148649
1679383148700,1679383148712
1679383148703,1679383148733
1679383148559,1679383148754
1679383148609,1679383148783
1679383148693,1679383148863
1679383148636,1679383148878
1679383148801,1679383148895
1679383148707,1679383148921
1679383148920,1679383148931
1679383148949,1679383148969
1679383148963,1679383149012
1679383149016,1679383149057
1679383148905,1679383149112
1679383149056,1679383149141
1679383149304,1679383149340
1679383149290,1679383149353
1679383149401,1679383149413
1679383149422,1679383149449
1679383149463,1679383149476
1679383149304,1679383149485
1679383149616,1679383149628
1679383149673,1679383149734
1679383149757,1679383149763
1679383149765,1679383149795
1679383149841,1679383149895
1679383149899,1679383149938
1679383149956,1679383149993
1679383150180,1679383150184
1679383150186,1679383150262
1679383150272,1679383150287
1679383150276,1679383150305
1679383150460,1679383150476
1679383150549,1679383150577
1679383150561,1679383150586
1679383150630,1679383150659
1679383150685,1679383150746
1679383150713,1679383150779
1679383150812,1679383150817
1679383150947,1679383151005
1679383150967,1679383151045
1679383151026,1679383151056
1679383151036,1679383151067
1679383151068,1679383151119
1679383151092,1679383151143
1679383151163,1679383151201
1679383151067,1679383151254
1679383151278,1679383151323
1679383151320,1679383151355
1679383151218,1679383151359
1679383151568,1679383151595
1679383151645,1679383151659
1679383151716,1679383151732
1679383151620,1679383151785
1679383151785,1679383151798
1679383151796,1679383151962
1679383151965,1679383151990
1679383152013,1679383152028
1679383151997,1679383152046
1679383152155,1679383152170
1679383152109,1679383152178
1679383152185,1679383152205
1679383152140,1679383152223
1679383152301,1679383152309
1679383152321,1679383152380
1679383152333,1679383152388
1679383152457,1679383152497
1679383152460,1679383152525
1679383152525,1679383152681
1679383152721,1679383152767
1679383152805,1679383152821
1679383152928,1679383152935
1679383152980,1679383152991
1679383153032,1679383153040
1679383153037,1679383153052
1679383153041,1679383153065
1679383153121,1679383153172
1679383153185,1679383153195
1679383153057,1679383153199
1679383153221,1679383153236
1679383153230,1679383153258
1679383153244,1679383153289
1679383153013,1679383153399
1679383153602,1679383153636
1679383153689,1679383153696
1679383153721,1679383153793
1679383153812,1679383153903
1679383153852,1679383153913
1679383153797,1679383153934
1679383153848,1679383154011
1679383154038,1679383154045
1679383154125,1679383154160
1679383154152,1679383154168
1679383154144,1679383154168
1679383154109,1679383154235
1679383154176,1679383154281
1679383154311,1679383154345
1679383154352,1679383154358
1679383154432,1679383154512
1679383154501,1679383154574
1679383154577,1679383154671
1679383154657,1679383154682
1679383154641,1679383154695
1679383154641,1679383154848
1679383154771,1679383154947
1679383154869,1679383154949
1679383154888,1679383154961
1679383154941,1679383154968
1679383154739,1679383154981
1679383155141,1679383155157
1679383155169,1679383155186
1679383155230,1679383155281
1679383155262,1679383155317
1679383155309,1679383155382
1679383155288,1679383155392
1679383155357,1679383155418
1679383155381,1679383155438
1679383155544,1679383155551
1679383155077,1679383155591
1679383155503,1679383155599
1679383155545,1679383155681
1679383155493,1679383155683
1679383155517,1679383155707
1679383155809,1679383155866
1679383155861,1679383155927
1679383155960,1679383155976
1679383155988,1679383155996
1679383156016,1679383156063
1679383156094,1679383156111
1679383156092,1679383156171
1679383156237,1679383156257
1679383156265,1679383156281
1679383156369,1679383156401
1679383156480,1679383156549
1679383156606,1679383156612
1679383156611,1679383156627
1679383156627,1679383156635
1679383156628,1679383156636
1679383156636,1679383156659
1679383156615,1679383156686
1679383156614,1679383156743
1679383156746,1679383156781
1679383156781,1679383156858
1679383156730,1679383156888
1679383156598,1679383156892
1679383156746,1679383156926
1679383156933,1679383156973
1679383156625,1679383157011
1679383156965,1679383157025
1679383156994,1679383157030
1679383157044,1679383157065
1679383157028,1679383157076
1679383157250,1679383157316
1679383157378,1679383157391
1679383157389,1679383157407
1679383157388,1679383157467
1679383157508,1679383157528
1679383157520,1679383157540
1679383157575,1679383157585
1679383157653,1679383157658
1679383157702,1679383157705
1679383157785,1679383157800
1679383157756,1679383157807
1679383157787,1679383157830
1679383157828,1679383157892
1679383157897,1679383157914
1679383157957,1679383157983
1679383157963,1679383157995
1679383158032,1679383158038
1679383158041,1679383158048
1679383158045,1679383158183
1679383158209,1679383158218
1679383158217,1679383158271
1679383158342,1679383158360
1679383158373,1679383158406
1679383158416,1679383158427
1679383158341,1679383158469
1679383158531,1679383158595
1679383158623,1679383158629
1679383158624,1679383158642
1679383158635,1679383158667
1679383158883,1679383158898
1679383158927,1679383158931
1679383158952,1679383159075
1679383158926,1679383159099
1679383159126,1679383159135
1679383158950,1679383159147
1679383158912,1679383159158
1679383159201,1679383159219
1679383159221,1679383159242
1679383159511,1679383159582
1679383159412,1679383159588
1679383159600,1679383159639
1679383159712,1679383159726
1679383159744,1679383159770
1679383159819,1679383159857
1679383159881,1679383159921
1679383159958,1679383159990
1679383160000,1679383160043
1679383160030,1679383160058
1679383160066,1679383160087
1679383160272,1679383160282
1679383160285,1679383160297
1679383160292,1679383160313
1679383160270,1679383160316
1679383160513,1679383160580
1679383160548,1679383160632
1679383160753,1679383160765
1679383160756,1679383160767
1679383160664,1679383160814
1679383160823,1679383160910
1679383160928,1679383160987
1679383161083,1679383161125
1679383161022,1679383161146
1679383161095,1679383161186
1679383161191,1679383161213
1679383161175,1679383161217
1679383161202,1679383161245
1679383161249,1679383161283
1679383161267,1679383161308
1679383161331,1679383161357
1679383161154,1679383161375
1679383161389,1679383161413
1679383161508,1679383161536
1679383161465,1679383161559
1679383161528,1679383161577
1679383161478,1679383161588
1679383161588,1679383161591
1679383161575,1679383161595
1679383161591,1679383161638
1679383161645,1679383161690
1679383161669,1679383161722
1679383161661,1679383161799
1679383161823,1679383161835
1679383161798,1679383161876
1679383161900,1679383161919
1679383161863,1679383161921
1679383162057,1679383162068
1679383162069,1679383162078
1679383162063,1679383162079
1679383162146,1679383162152
1679383162146,1679383162263
1679383162183,1679383162276
1679383162273,1679383162288
1679383162287,1679383162304
1679383162178,1679383162397
1679383162370,1679383162412
1679383162406,1679383162417
1679383162402,1679383162425
1679383162494,1679383162529
1679383162507,1679383162603
1679383162702,1679383162801
1679383162675,1679383162829
1679383162745,1679383162836
1679383162826,1679383162875
1679383162895,1679383162905
1679383163037,1679383163065
1679383162904,1679383163090
1679383163133,1679383163174
1679383163188,1679383163314
1679383163194,1679383163338
1679383163249,1679383163354
1679383163345,1679383163404
1679383163174,1679383163408
1679383163349,1679383163419
1679383163486,1679383163501
1679383163602,1679383163624
1679383163615,1679383163642
1679383163647,1679383163667
1679383163626,1679383163668
1679383163650,1679383163679
1679383163614,1679383163746
1679383163850,1679383163871
1679383163894,1679383163939
1679383163925,1679383163944
1679383164053,1679383164056
1679383164082,1679383164089
1679383164195,1679383164201
1679383164223,1679383164253
1679383164336,1679383164356
1679383164300,1679383164357
1679383164525,1679383164532
1679383164576,1679383164587
1679383164638,1679383164670
1679383164589,1679383164709
1679383164761,1679383164791
1679383164773,1679383164978
1679383165056,1679383165061
1679383165033,1679383165081
1679383165146,1679383165192
1679383165195,1679383165216
1679383165218,1679383165223
1679383165222,1679383165282
1679383165156,1679383165284
1679383165334,1679383165356
1679383165392,1679383165429
1679383165436,1679383165453
1679383165401,1679383165464
1679383165426,1679383165499
1679383165349,1679383165511
1679383165560,1679383165584
1679383165622,1679383165633
1679383165646,1679383165650
1679383165598,1679383165669
1679383165833,1679383165854
1679383165867,1679383165881
1679383165875,1679383165881
1679383165925,1679383165949
1679383165966,1679383165990
1679383166038,1679383166069
1679383166128,1679383166151
1679383166110,1679383166158
1679383166313,1679383166358
1679383166369,1679383166400
1679383166407,1679383166455
1679383166448,1679383166463
1679383166473,1679383166479
1679383166488,1679383166507
1679383166489,1679383166512
1679383166648,1679383166700
1679383166647,1679383166708
1679383166698,1679383166713
1679383166676,1679383166731
1679383166684,1679383166758
1679383166667,1679383166780
1679383166681,1679383166782
1679383166705,1679383166802
1679383166688,1679383166825
1679383166696,1679383166866
1679383166879,1679383166913
1679383166935,1679383166944
1679383166971,1679383167014
1679383167035,1679383167067
1679383167128,1679383167194
1679383167142,1679383167202
1679383167288,1679383167380
1679383167346,1679383167433
1679383167286,1679383167435
1679383167437,1679383167451
1679383167464,1679383167482
1679383167229,1679383167489
1679383167464,1679383167515
1679383167514,1679383167549
1679383167567,1679383167570
1679383167622,1679383167692
1679383167675,1679383167700
1679383167728,1679383167764
1679383167891,1679383167902
1679383167963,1679383167972
1679383167976,1679383167986
1679383168203,1679383168257
1679383168239,1679383168263
1679383168235,1679383168282
1679383168289,1679383168306
1679383168279,1679383168350
1679383168251,1679383168353
1679383168397,1679383168400
1679383168303,1679383168404
1679383168432,1679383168441
1679383168397,1679383168456
1679383168502,1679383168521
1679383168519,1679383168530
1679383168547,1679383168556
1679383168467,1679383168584
1679383168589,1679383168596
1679383168602,1679383168611
1679383168599,1679383168620
1679383168797,1679383168822
1679383168822,1679383168874
1679383168874,1679383168904
1679383168921,1679383168931
1679383168885,1679383168947
1679383168943,1679383168970
1679383169159,1679383169163
1679383169170,1679383169190
1679383169121,1679383169264
1679383169293,1679383169324
1679383169277,1679383169337
1679383169332,1679383169351
1679383169378,1679383169385
1679383169432,1679383169484
1679383169448,1679383169512
1679383169556,1679383169583
1679383169573,1679383169604
1679383169573,1679383169671
1679383169649,1679383169685
1679383169651,1679383169698
1679383169693,1679383169722
1679383169861,1679383169900
1679383169919,1679383169943
1679383169864,1679383169961
1679383169968,1679383169979
1679383169967,1679383170013
1679383170018,1679383170025
1679383170079,1679383170127
1679383170221,1679383170261
1679383170385,1679383170391
1679383170504,1679383170538
1679383170623,1679383170666
1679383170474,1679383170733
1679383170649,1679383170827
1679383170889,1679383170916
1679383170969,1679383170974
1679383170980,1679383170995
1679383170975,1679383170998
1679383171033,1679383171051
1679383171059,1679383171074
1679383171145,1679383171173
1679383171187,1679383171309
1679383171278,1679383171350
1679383171384,1679383171393
1679383171435,1679383171442
1679383171501,1679383171562
1679383171525,1679383171596
1679383171612,1679383171659
1679383171658,1679383171681
1679383171595,1679383171690
1679383171710,1679383171715
1679383171775,1679383171816
1679383171907,1679383171918
1679383171908,1679383171947
1679383172087,1679383172090
1679383172067,1679383172099
1679383172051,1679383172246
1679383172131,1679383172272
1679383172198,1679383172287
1679383172337,1679383172462
1679383172380,1679383172541
1679383172563,1679383172724
1679383172766,1679383172772
1679383172887,1679383172983
1679383173104,1679383173137
1679383173150,1679383173175
1679383173210,1679383173254
1679383173356,1679383173401
1679383173263,1679383173416
1679383173414,1679383173455
1679383173447,1679383173456
1679383173487,1679383173576
1679383173443,1679383173616
1679383173616,1679383173645
1679383173709,1679383173713
1679383173698,1679383173764
1679383173767,1679383173772
1679383173774,1679383173783
1679383173805,1679383173810
1679383173714,1679383173836
1679383173807,1679383173984
1679383173907,1679383174041
1679383173815,1679383174045
1679383173976,1679383174068
1679383173897,1679383174108
1679383173821,1679383174115
1679383174162,1679383174168
1679383174146,1679383174233
1679383174302,1679383174324
1679383174231,1679383174345
1679383174135,1679383174442
1679383174309,1679383174470
1679383174367,1679383174495
1679383174393,1679383174543
1679383174543,1679383174556
1679383174516,1679383174578
1679383174459,1679383174614
1679383174522,1679383174622
1679383174559,1679383174635
1679383174343,1679383174637
1679383174646,1679383174655
1679383174906,1679383174920
1679383174967,1679383174992
1679383174975,1679383174994
1679383175015,1679383175028
1679383175007,1679383175076
1679383175059,1679383175102
1679383175110,1679383175194
1679383175106,1679383175240
1679383175243,1679383175262
1679383175092,1679383175285
1679383175238,1679383175312
1679383175322,1679383175355
1679383175344,1679383175407
1679383175248,1679383175421
1679383175444,1679383175450
1679383175440,1679383175493
1679383175425,1679383175506
1679383175526,1679383175679
1679383175699,1679383175727
1679383175603,1679383175751
1679383175717,1679383175758
1679383175831,1679383175853
1679383175866,1679383175902
1679383175945,1679383175968
1679383175958,1679383175973
1679383176001,1679383176009
1679383175912,1679383176021
1679383175910,1679383176029
1679383176036,1679383176044
1679383176139,1679383176194
1679383176146,1679383176315
1679383176232,1679383176362
1679383176244,1679383176376
1679383176190,1679383176418
1679383176233,1679383176421
1679383176464,1679383176468
1679383176355,1679383176518
1679383176531,1679383176601
1679383176570,1679383176624
1679383176664,1679383176712
1679383176806,1679383176853
1679383177031,1679383177114
1679383177102,1679383177135
1679383177046,1679383177202
1679383177322,1679383177351
1679383177295,1679383177413
1679383177622,1679383177660
1679383177709,1679383177728
1679383177848,1679383177852
1679383177975,1679383178025
1679383178096,1679383178209
1679383178255,1679383178341
1679383178407,1679383178419
1679383178422,1679383178441
1679383178379,1679383178498
1679383178608,1679383178629
1679383178729,1679383178812
1679383178867,1679383178941
1679383178923,1679383178962
1679383179219,1679383179246
1679383179244,1679383179294
1679383179143,1679383179422
1679383179698,1679383179707
1679383179570,1679383179721
1679383179690,1679383179794
1679383179906,1679383179972
1679383180001,1679383180015
1679383180048,1679383180059
1679383180179,1679383180230
1679383180279,1679383180406
1679383180382,1679383180434
1679383180442,1679383180447
1679383180645,1679383180726
1679383180787,1679383180811
1679383180894,1679383180899
1679383181158,1679383181165
1679383181376,1679383181411
1679383181429,1679383181457
1679383181454,1679383181531
1679383181593,1679383181609
1679383181545,1679383181638
1679383181723,1679383181746
1679383181847,1679383181872
1679383181778,1679383181884
1679383181834,1679383181906
1679383181903,1679383181942
1679383181928,1679383182062
1679383182189,1679383182213
1679383182215,1679383182279
1679383182571,1679383182646
1679383182765,1679383182771
1679383182911,1679383182954
1679383183003,1679383183010
1679383183013,1679383183053
1679383183280,1679383183291
1679383183482,1679383183609
1679383183528,1679383183632
1679383183640,1679383183661
1679383183644,1679383183732
1679383183693,1679383183768
1679383183918,1679383183987
1679383184000,1679383184051
1679383184161,1679383184198
1679383184173,1679383184214
1679383184144,1679383184223
1679383184308,1679383184314
1679383184484,1679383184505
1679383184516,1679383184577
1679383184641,1679383184647
1679383184824,1679383184855
1679383184945,1679383184950
1679383184976,1679383185029
1679383185079,1679383185097
1679383185180,1679383185201
1679383185208,1679383185239
1679383185365,1679383185379
1679383185413,1679383185419
1679383185484,1679383185583
1679383185593,1679383185597
1679383185677,1679383185744
1679383185758,1679383185762
1679383186177,1679383186202
1679383186193,1679383186236
1679383186220,1679383186240
1679383186352,1679383186402
1679383186440,1679383186450
1679383186456,1679383186521
1679383186657,1679383186662
1679383186821,1679383186907
1679383186805,1679383186998
1679383187000,1679383187007
1679383187025,1679383187042
1679383187049,1679383187107
1679383187045,1679383187108
1679383187039,1679383187142
1679383187038,1679383187232
1679383187049,1679383187340
1679383187313,1679383187366
1679383187032,1679383187396
1679383187306,1679383187408
1679383187398,1679383187450
1679383187392,1679383187514
1679383187613,1679383187628
1679383187781,1679383187912
1679383187758,1679383187926
1679383187949,1679383187963
1679383187998,1679383188108
1679383188110,1679383188125
1679383188395,1679383188412
1679383188375,1679383188424
1679383188338,1679383188488
1679383188630,1679383188736
1679383188876,1679383188944
1679383188965,1679383188988
1679383189024,1679383189070
1679383189021,1679383189153
1679383189077,1679383189206
1679383189224,1679383189261
1679383189193,1679383189281
1679383189265,1679383189286
1679383189330,1679383189395
1679383189414,1679383189452
1679383189339,1679383189470
1679383189448,1679383189542
1679383189437,1679383189544
1679383189525,1679383189553
1679383189601,1679383189611
1679383189625,1679383189675
1679383189349,1679383189702
1679383189722,1679383189757
1679383189971,1679383190059
1679383189925,1679383190135
1679383190127,1679383190177
1679383190109,1679383190234
1679383190311,1679383190335
1679383190389,1679383190392
1679383190440,1679383190470
1679383190511,1679383190553
1679383190615,1679383190618
1679383190637,1679383190702
1679383190681,1679383190746
1679383190941,1679383190967
1679383190929,1679383190990
1679383190963,1679383191038
1679383191209,1679383191277
1679383191383,1679383191446
1679383191404,1679383191449
1679383191393,1679383191450
1679383191461,1679383191503
1679383191489,1679383191577
1679383191566,1679383191594
1679383191495,1679383191595
1679383191546,1679383191656
1679383191635,1679383191673
1679383191676,1679383191697
1679383191763,1679383191795
1679383191652,1679383191842
1679383191915,1679383191925
1679383192045,1679383192071
1679383192049,1679383192081
1679383192117,1679383192147
1679383192056,1679383192192
1679383192224,1679383192252
1679383192413,1679383192451
1679383192471,1679383192478
1679383192598,1679383192611
1679383192669,1679383192675
1679383192752,1679383192759
1679383192729,1679383192763
1679383192742,1679383192768
1679383192871,1679383192880
1679383192933,1679383192997
1679383192984,1679383193067
1679383193093,1679383193101
1679383193344,1679383193391
1679383193476,1679383193519
1679383193421,1679383193616
1679383193617,1679383193622
1679383193592,1679383193642
1679383193556,1679383193654
1679383193641,1679383193673
1679383193649,1679383193775
1679383193602,1679383193834
1679383193841,1679383193857
1679383193856,1679383193900
1679383194015,1679383194057
1679383194145,1679383194150
1679383194105,1679383194150
1679383194108,1679383194196
1679383194195,1679383194210
1679383194176,1679383194220
1679383194368,1679383194377
1679383194539,1679383194563
1679383194600,1679383194611
1679383194593,1679383194670
1679383194814,1679383194832
1679383195079,1679383195111
1679383195139,1679383195144
1679383195129,1679383195150
1679383195189,1679383195275
1679383195230,1679383195275
1679383195475,1679383195508
1679383195503,1679383195549
1679383195621,1679383195665
1679383195645,1679383195690
1679383195678,1679383195706
1679383195492,1679383195720
1679383195720,1679383195737
1679383195733,1679383195813
1679383195824,1679383195837
1679383196000,1679383196028
1679383196048,1679383196061
1679383196066,1679383196099
1679383196161,1679383196219
1679383196192,1679383196221
1679383196251,1679383196255
1679383196431,1679383196454
1679383196337,1679383196467
1679383196578,1679383196663
1679383196593,1679383196692
1679383196694,1679383196765
1679383196753,1679383196800
1679383196828,1679383196843
1679383196859,1679383196871
1679383196873,1679383196918
1679383196893,1679383196959
1679383196854,1679383196999
1679383197091,1679383197095
1679383197106,1679383197141
1679383197102,1679383197159
1679383197121,1679383197188
1679383197201,1679383197248
1679383197188,1679383197281
1679383197116,1679383197335
1679383197087,1679383197335
1679383197190,1679383197339
1679383197098,1679383197382
1679383197191,1679383197463
1679383197150,1679383197478
1679383197186,1679383197498
1679383197073,1679383197533
1679383197100,1679383197561
1679383197207,1679383197563
1679383197164,1679383197564
1679383197180,1679383197601
1679383197450,1679383197622
1679383197168,1679383197680
1679383197131,1679383197682
1679383197141,1679383197692
1679383197282,1679383197698
1679383197141,1679383197700
1679383197216,1679383197702
1679383197119,1679383197742
1679383197007,1679383197765
1679383197205,1679383197828
1679383197114,1679383197836
1679383197199,1679383197910
1679383197165,1679383197945
1679383197128,1679383198057
1679383198027,1679383198103
1679383197104,1679383198129
1679383197645,1679383198142
1679383197181,1679383198174
1679383197153,1679383198221
1679383197136,1679383198228
1679383197141,1679383198240
1679383197753,1679383198269
1679383198265,1679383198274
1679383197406,1679383198321
1679383197111,1679383198356
1679383197156,1679383198387
1679383197158,1679383198408
1679383198346,1679383198451
1679383197150,1679383198452
1679383197824,1679383198456
1679383197165,1679383198458
1679383197175,1679383198470
1679383198046,1679383198480
1679383198333,1679383198486
1679383197509,1679383198521
1679383198513,1679383198525
1679383197218,1679383198557
1679383197209,1679383198596
1679383198646,1679383198659
1679383198635,1679383198696
1679383198633,1679383198701
1679383198721,1679383198725
1679383198891,1679383198959
1679383198926,1679383199044
1679383199029,1679383199076
1679383199126,1679383199135
1679383198945,1679383199143
1679383199162,1679383199264
1679383199255,1679383199283
1679383199333,1679383199384
1679383199385,1679383199397
1679383199405,1679383199510
1679383199550,1679383199558
1679383199697,1679383199717
1679383199633,1679383199763
1679383199708,1679383199839
1679383199907,1679383199932
1679383199842,1679383199969
1679383199780,1679383199971
1679383199965,1679383200075
1679383200157,1679383200225
1679383200393,1679383200425
1679383200411,1679383200439
1679383200462,1679383200498
1679383200449,1679383200532
1679383200393,1679383200538
1679383200239,1679383200567
1679383200593,1679383200609
1679383200611,1679383200659
1679383200774,1679383200826
1679383200745,1679383200836
1679383200871,1679383200883
1679383200774,1679383200899
1679383200921,1679383200970
1679383201010,1679383201015
1679383201027,1679383201075
1679383201037,1679383201104
1679383201173,1679383201193
1679383201146,1679383201226
1679383201222,1679383201333
1679383201187,1679383201336
1679383201249,1679383201337
1679383201373,1679383201380
1679383201381,1679383201387
1679383201237,1679383201421
1679383201363,1679383201471
1679383201486,1679383201511
1679383201413,1679383201555
1679383201541,1679383201608
1679383201618,1679383201628
1679383201642,1679383201665
1679383201662,1679383201674
1679383201650,1679383201686
1679383201661,1679383201707
1679383201579,1679383201722
1679383201737,1679383201760
1679383201779,1679383201808
1679383201820,1679383201861
1679383201857,1679383201863
1679383201843,1679383201901
1679383201960,1679383201989
1679383201969,1679383202009
1679383202079,1679383202089
1679383202244,1679383202348
1679383202456,1679383202492
1679383202495,1679383202500
1679383202509,1679383202526
1679383202548,1679383202558
1679383202587,1679383202595
1679383202617,1679383202635
1679383202675,1679383202695
1679383202698,1679383202731
1679383202664,1679383202749
1679383202602,1679383202749
1679383202767,1679383202780
1679383202785,1679383202829
1679383202874,1679383202919
1679383202927,1679383202937
1679383202835,1679383202959
1679383202931,1679383202987
1679383202927,1679383203004
1679383203040,1679383203069
1679383203312,1679383203327
1679383203411,1679383203473
1679383203426,1679383203640
1679383203639,1679383203666
1679383203731,1679383203749
1679383203639,1679383203760
1679383203667,1679383203780
1679383203699,1679383203835
1679383203879,1679383203889
1679383203900,1679383203917
1679383203811,1679383203920
1679383203963,1679383204010
1679383204032,1679383204038
1679383204147,1679383204153
1679383204203,1679383204235
1679383204188,1679383204244
1679383204312,1679383204320
1679383204452,1679383204466
1679383204613,1679383204656
1679383204701,1679383204730
1679383204734,1679383204763
1679383204999,1679383205030
1679383205018,1679383205045
1679383205052,1679383205085
1679383205111,1679383205114
1679383205042,1679383205121
1679383205281,1679383205302
1679383205340,1679383205353
1679383205319,1679383205403
1679383205342,1679383205421
1679383205413,1679383205466
1679383205439,1679383205491
1679383205332,1679383205535
1679383205430,1679383205555
1679383205511,1679383205604
1679383205514,1679383205631
1679383205445,1679383205637
1679383205411,1679383205680
1679383205047,1679383205688
1679383205439,1679383205720
1679383205722,1679383205820
1679383205830,1679383205871
1679383205844,1679383205875
1679383205951,1679383205956
1679383205903,1679383205980
1679383205884,1679383205990
1679383206034,1679383206044
1679383206062,1679383206073
1679383206174,1679383206235
1679383206181,1679383206251
1679383206237,1679383206262
1679383206194,1679383206300
1679383206246,1679383206411
1679383206402,1679383206441
1679383206426,1679383206443
1679383206431,1679383206458
1679383206383,1679383206480
1679383206471,1679383206538
1679383206512,1679383206546
1679383206495,1679383206582
1679383206608,1679383206673
1679383206656,1679383206703
1679383206623,1679383206735
1679383206627,1679383206748
1679383206683,1679383206749
1679383206767,1679383206788
1679383206813,1679383206855
1679383206850,1679383206910
1679383206961,1679383206978
1679383207047,1679383207064
1679383207090,1679383207168
1679383207138,1679383207177
1679383207192,1679383207200
1679383207166,1679383207344
1679383207652,1679383207656
1679383207911,1679383207927
1679383207951,1679383207971
1679383208000,1679383208011
1679383208010,1679383208015
1679383207884,1679383208025
1679383208432,1679383208454
1679383208559,1679383208594
1679383208631,1679383208669
1679383208609,1679383208673
1679383208642,1679383208739
1679383208544,1679383208780
1679383208779,1679383208821
1679383208880,1679383208883
1679383208894,1679383208928
1679383208892,1679383208967
1679383209024,1679383209050
1679383209180,1679383209207
1679383209297,1679383209305
1679383209310,1679383209332
1679383209399,1679383209410
1679383209419,1679383209497
1679383209938,1679383209954
1679383210147,1679383210197
1679383210159,1679383210209
1679383210227,1679383210359
1679383210307,1679383210367
1679383210411,1679383210428
1679383210499,1679383210513
1679383210511,1679383210607
1679383210602,1679383210660
1679383210947,1679383210958
1679383210721,1679383210982
1679383211039,1679383211117
